1 3 2
1 6 2
1 7 2
1 8 1
1 10 2
2 2 1
2 3 1
2 4 1
2 7 1
2 8 2
2 9 1
3 2 2
3 3 2
3 8 2
4 2 1
4 3 1
4 4 2
4 5 2
4 8 2
4 9 2
5 2 2
5 3 1
5 4 1
5 7 2
5 8 1
6 3 2
6 6 1
6 7 1
6 8 2
6 10 1
7 2 2
7 3 2
7 4 2
7 7 2
7 8 1
8 2 2
8 3 2
8 4 2
8 8 2
8 10 2
9 2 2
9 5 2
9 7 2
9 8 2
10 4 2
10 6 2
10 7 2
10 9 2
11 2 2
11 3 2
11 6 2
11 9 2
11 10 1
12 3 1
12 6 1
12 7 1
12 8 1
12 9 1
13 2 1
13 4 2
13 7 1
13 8 2
13 9 2
13 10 1
14 2 1
14 7 1
14 8 1
14 10 1
15 2 2
15 3 2
15 4 2
15 5 1
15 7 1
15 8 2
15 10 2
16 2 1
16 3 2
16 7 2
16 8 2
16 10 1
17 3 2
17 4 1
17 8 2
17 10 2
18 2 1
18 3 1
18 6 1
18 7 1
18 8 2
18 10 1
19 2 2
19 3 1
19 5 1
19 6 1
19 8 2
19 9 1
19 10 1
20 1 2
20 2 2
20 4 2
20 7 2
20 8 2
20 9 2
20 10 1
21 1 1
21 2 1
21 3 1
21 7 2
21 8 1
21 10 1
22 2 1
22 3 1
22 6 2
22 7 1
22 8 1
22 9 1
22 10 1
23 2 2
23 3 2
23 5 2
23 7 2
23 8 2
24 2 2
24 6 2
24 7 2
24 8 2
24 9 1
24 10 2
25 3 1
25 4 1
25 6 1
25 7 1
25 8 1
25 9 1
25 10 1
26 3 1
26 7 1
26 8 1
26 9 1
26 10 2
27 3 1
27 5 2
27 6 2
27 8 2
27 9 2
28 1 2
28 2 2
28 3 1
28 6 2
28 8 2
28 9 1
29 2 1
29 3 1
29 5 1
29 7 1
29 8 1
29 10 2
30 1 1
30 2 2
30 3 1
30 5 1
30 8 2
30 9 1
30 10 1
31 3 1
31 4 1
31 6 1
31 7 1
32 2 2
32 7 2
32 10 1
33 2 1
33 3 2
33 4 2
33 7 2
33 8 2
34 2 1
34 3 1
34 6 2
34 7 1
34 8 1
35 2 2
35 3 1
35 4 2
35 7 2
35 8 2
35 9 1
36 2 2
36 4 2
36 6 2
36 8 2
37 2 2
37 3 1
37 4 1
37 6 1
37 7 2
37 8 2
37 9 2
38 4 2
38 5 2
38 6 2
38 7 2
38 8 2
38 9 2
39 3 2
39 6 2
39 10 1
40 8 1
41 2 2
41 6 1
41 7 1
41 8 2
42 6 1
42 8 2
42 9 2
42 10 2
43 2 2
43 3 2
43 7 2
43 8 2
43 10 2
44 4 1
44 5 1
44 6 1
44 9 1
44 10 2
45 2 1
45 3 1
45 8 1
45 10 1
46 5 1
46 8 1
46 10 2
47 2 2
47 6 1
47 7 2
47 8 2
47 10 1
48 2 2
48 4 1
49 3 1
49 4 2
49 7 2
49 8 2
49 9 2
49 10 2
50 2 2
50 3 1
50 7 2
50 8 1
51 4 2
51 6 1
51 7 2
51 8 2
51 9 2
52 2 1
52 4 2
52 7 1
52 8 1
52 9 1
53 3 2
53 4 2
53 7 2
53 8 2
53 9 2
54 1 1
54 2 1
54 4 1
54 9 1
54 10 1
55 3 2
55 4 2
55 5 2
55 8 1
55 10 2
56 2 2
56 4 2
56 6 2
56 7 2
57 3 2
57 5 1
57 6 2
57 7 1
57 9 1
57 10 1
58 8 2
58 10 1
59 6 2
59 8 1
60 5 1
60 6 2
61 2 1
61 4 1
61 6 1
61 7 2
61 8 1
61 10 1
62 1 1
62 2 1
62 3 1
62 8 1
62 9 1
62 10 1
63 2 1
63 6 1
63 7 1
63 8 1
63 9 1
64 2 1
64 3 2
64 8 2
64 9 2
64 10 2
65 3 1
65 5 1
65 8 2
66 2 1
66 3 1
66 5 2
66 8 1
66 9 1
66 10 2
67 2 1
67 3 1
67 5 1
67 6 2
67 7 1
67 8 2
68 3 1
68 4 1
68 5 1
68 6 1
68 8 1
68 9 1
68 10 2
69 2 2
69 3 1
69 7 2
69 8 2
70 2 1
70 3 2
70 5 2
70 6 2
70 8 2
70 10 2
71 2 1
71 5 1
71 8 2
72 2 1
72 8 2
72 9 1
72 10 2
73 2 1
73 3 1
73 7 1
73 8 2
73 10 1
74 5 1
74 6 1
74 8 2
74 9 1
74 10 2
75 4 2
75 5 1
75 6 1
75 7 1
75 8 1
75 9 1
75 10 1
76 2 2
76 3 2
76 6 2
76 7 2
76 9 2
77 2 1
77 3 2
77 7 2
77 8 2
77 9 2
77 10 2
78 2 2
78 3 1
78 4 2
78 7 1
78 8 2
78 9 2
78 10 1
79 6 2
79 7 2
79 8 2
79 10 1
80 2 1
80 5 1
80 7 2
80 8 2
80 10 2
81 2 1
81 3 1
81 4 1
81 8 2
81 10 1
82 1 1
82 2 1
82 3 1
82 4 1
82 6 1
82 10 2
83 2 2
83 3 2
83 6 2
83 7 2
84 3 1
84 6 2
84 7 1
84 8 2
84 10 1
85 1 1
85 6 1
85 8 2
85 9 1
85 10 1
86 3 1
86 5 2
86 8 2
86 9 1
86 10 1
87 3 2
87 4 2
87 7 1
87 8 2
87 9 2
87 10 1
88 3 1
88 6 1
88 10 1
89 1 2
89 2 2
89 4 2
89 5 2
89 6 2
89 7 1
89 8 1
89 10 1
90 2 1
90 3 1
90 4 1
90 6 1
90 7 1
90 8 2
90 9 1
91 3 2
91 4 1
91 8 2
92 2 1
92 4 1
92 8 1
92 10 2
93 2 2
93 3 1
93 5 1
93 6 2
93 8 2
93 9 2
93 10 1
94 6 2
94 8 1
94 10 1
95 2 1
95 3 1
95 7 1
95 8 1
95 9 1
96 2 1
96 3 1
96 6 1
96 8 1
96 10 2
97 2 1
97 8 2
98 2 2
98 5 1
98 6 2
98 7 1
98 8 2
98 9 2
99 2 1
99 3 1
99 7 2
99 8 1
99 9 1
99 10 2
100 2 1
100 3 2
100 6 2
100 7 2
100 8 1
100 9 1
101 2 2
101 6 2
101 7 2
101 9 2
102 2 1
102 4 1
102 6 1
102 7 2
103 1 2
103 2 1
103 5 2
103 6 2
103 7 2
103 8 2
104 4 1
104 7 1
104 8 1
104 10 1
105 2 1
105 4 1
105 5 1
105 7 1
105 8 1
105 9 1
106 3 1
106 6 2
106 7 2
107 1 1
107 2 1
107 6 2
107 8 1
107 10 1
108 3 1
108 6 1
108 7 1
108 8 2
108 9 1
108 10 1
109 2 1
109 3 1
109 6 2
109 7 1
109 8 1
109 9 1
110 7 1
110 8 1
110 10 1
111 2 2
111 3 2
111 6 2
111 7 2
111 8 2
112 2 2
112 3 1
112 6 2
112 7 2
112 8 2
112 9 2
113 2 1
113 3 1
113 7 1
113 8 2
113 9 1
113 10 1
114 2 2
114 4 1
114 5 1
114 6 1
114 8 2
114 9 1
114 10 2
115 2 1
115 6 2
115 7 2
115 8 2
115 10 2
116 2 1
116 7 1
116 8 1
116 9 1
116 10 1
117 2 1
117 8 2
117 10 2
118 6 2
118 8 2
119 3 1
119 5 1
119 8 1
119 9 1
119 10 1
120 2 2
120 3 2
120 4 2
120 9 2
120 10 2
121 3 1
121 5 1
121 6 1
121 7 1
121 9 1
122 2 2
122 3 1
122 8 1
122 9 1
122 10 1
123 1 2
123 2 2
123 8 2
124 2 2
124 3 1
124 8 2
124 9 2
124 10 1
125 6 1
125 7 2
126 2 2
126 3 2
126 4 2
126 5 2
126 8 2
127 1 1
127 2 1
127 3 1
127 8 1
128 3 2
128 4 1
128 7 2
128 8 2
128 9 1
128 10 2
129 3 1
129 4 1
129 6 2
129 8 2
129 10 2
130 6 1
130 8 1
130 9 1
131 3 2
131 5 1
131 7 2
131 8 2
131 9 2
131 10 2
132 1 1
132 2 2
132 4 1
132 6 2
132 9 1
133 3 2
133 4 2
133 7 2
133 8 2
133 9 2
134 2 1
134 3 1
134 5 1
134 6 1
134 9 1
135 1 1
135 2 1
135 3 1
135 4 1
135 6 2
135 8 1
135 9 1
135 10 1
136 3 2
136 6 2
136 9 2
136 10 1
137 2 1
137 3 1
137 7 1
137 8 1
137 10 2
138 3 1
138 6 2
138 7 1
138 8 2
138 9 1
139 2 2
139 6 2
139 7 2
139 8 2
139 10 1
140 3 2
140 5 2
140 10 2
141 2 2
141 6 2
141 7 2
141 10 1
142 2 2
142 3 1
142 5 1
142 6 2
142 7 2
142 8 1
142 10 2
143 3 2
143 5 2
143 7 2
143 8 1
143 10 1
144 2 1
144 3 2
144 4 2
144 5 2
144 8 2
144 10 2
145 3 2
145 5 1
145 8 1
145 9 1
145 10 1
146 7 2
146 8 2
146 10 2
147 1 2
147 2 2
147 8 1
147 9 1
147 10 1
148 2 2
148 5 2
148 6 2
148 7 1
148 8 2
148 9 2
148 10 1
149 3 2
149 5 2
149 8 2
150 6 2
150 7 1
150 8 2
150 9 2
150 10 1
151 3 1
151 4 1
151 6 1
151 7 2
151 8 2
152 2 1
152 3 1
152 4 1
152 7 2
152 8 2
152 9 1
153 2 1
153 3 1
153 4 1
153 7 1
153 8 1
154 6 1
154 8 2
154 10 1
155 3 2
155 4 2
155 6 2
155 8 2
155 9 2
155 10 2
156 2 1
156 6 2
156 7 1
156 8 2
156 10 2
157 2 1
157 3 2
157 4 1
157 6 2
157 7 2
157 8 2
157 10 1
158 2 2
158 6 2
158 7 2
158 8 2
158 10 2
159 2 2
159 3 2
159 4 2
159 7 2
159 8 2
159 9 2
159 10 1
160 3 2
160 6 2
160 7 2
160 8 2
160 9 2
160 10 2
161 2 1
161 5 2
161 7 1
161 8 1
161 9 1
161 10 1
162 1 2
162 2 2
162 5 2
162 6 1
162 10 1
163 1 2
163 2 1
163 5 1
163 8 2
163 10 2
164 5 2
164 7 2
164 8 2
164 9 2
164 10 1
165 2 1
165 3 1
165 5 1
165 7 1
165 9 1
165 10 1
166 2 1
166 3 2
166 6 2
166 8 2
166 9 1
166 10 1
167 7 1
167 8 1
168 2 1
168 3 1
168 5 1
168 6 1
168 8 1
168 9 1
168 10 1
169 3 1
169 7 1
169 8 2
170 1 1
170 7 1
170 8 1
170 10 1
171 2 1
171 4 2
171 6 2
171 7 2
171 8 2
172 3 1
172 9 1
172 10 1
173 2 1
173 3 2
173 8 2
173 9 1
173 10 2
174 3 1
174 5 2
174 6 1
174 7 2
174 9 1
174 10 1
175 2 1
175 3 1
175 5 1
175 6 1
175 7 1
175 8 2
175 9 1
175 10 2
176 2 1
176 4 1
176 5 1
176 6 1
176 7 2
176 8 1
176 10 1
177 3 1
177 5 1
177 7 2
177 8 1
178 2 1
178 3 1
178 4 1
178 5 1
178 8 1
178 10 1
179 4 1
179 8 2
179 9 2
180 4 1
180 8 2
180 10 2
181 5 2
181 7 1
182 5 1
182 6 2
182 8 1
182 10 2
183 2 1
183 4 1
183 7 2
183 8 2
183 9 2
183 10 1
184 3 2
184 4 2
184 9 2
185 2 1
185 4 1
185 6 2
185 8 2
185 10 1
186 2 1
186 3 1
186 8 1
187 1 2
187 3 2
187 4 2
187 6 1
187 7 2
187 8 2
187 9 2
187 10 2
188 7 1
188 8 2
188 9 2
188 10 2
189 1 1
189 2 2
189 3 1
189 4 2
189 6 2
189 7 2
189 9 1
189 10 1
190 3 2
190 6 2
190 7 1
190 9 2
191 3 2
191 5 2
191 7 2
191 8 2
191 9 2
191 10 1
192 2 2
192 8 2
193 2 1
193 8 2
194 1 1
194 2 1
194 8 2
194 9 1
194 10 1
195 3 1
195 10 2
196 2 1
196 4 2
196 6 2
196 7 1
196 8 2
197 2 2
197 3 2
197 5 1
197 7 2
197 8 2
197 9 2
198 2 1
198 7 2
198 8 2
198 9 1
198 10 2
199 2 1
199 6 1
199 7 2
199 8 1
199 9 1
199 10 2
200 4 1
200 6 1
200 7 2
200 8 2
200 9 1
200 10 1
201 6 2
201 9 1
202 2 1
202 3 1
202 5 1
202 6 1
202 7 2
202 8 2
203 2 2
203 6 1
203 8 1
203 10 1
204 2 1
204 5 1
204 7 1
204 8 1
204 10 1
205 2 2
205 5 2
205 6 2
205 9 1
206 2 1
206 6 1
206 8 1
206 10 1
207 2 1
207 3 1
207 7 2
207 10 1
208 2 2
208 3 2
208 5 1
208 6 2
208 7 2
208 8 2
209 2 2
209 5 2
209 6 2
209 7 2
209 8 2
210 3 1
210 8 1
210 9 1
211 3 2
211 6 1
211 7 2
211 8 2
211 9 1
212 2 1
212 6 1
212 7 2
212 8 2
212 10 2
213 2 1
213 3 2
213 4 1
213 10 2
214 2 1
214 3 1
214 6 1
214 8 2
214 10 1
215 3 1
215 6 2
215 7 1
215 8 2
215 9 2
216 1 2
216 2 1
216 3 1
216 4 2
216 8 1
216 9 1
216 10 2
217 2 2
217 3 2
217 8 2
218 2 1
218 3 1
218 4 1
218 5 1
218 7 2
218 8 1
218 9 1
218 10 1
219 4 2
219 5 1
219 6 2
219 7 2
219 8 2
219 9 2
219 10 1
220 2 2
220 3 2
220 5 1
220 7 2
220 9 2
220 10 1
221 2 2
221 5 1
221 6 2
221 7 2
221 8 2
221 9 2
221 10 2
222 3 2
222 4 2
222 7 2
222 8 2
223 2 2
223 3 2
223 7 2
223 8 2
223 9 2
224 2 2
224 3 1
224 4 1
224 5 2
224 7 2
225 2 1
225 3 1
225 6 1
225 7 1
225 8 2
226 2 2
226 8 1
227 3 1
227 7 2
227 8 2
227 9 1
227 10 1
228 2 1
228 3 1
228 6 1
228 8 1
228 9 1
229 2 2
229 6 1
229 8 2
229 10 2
230 8 2
230 10 2
231 2 1
231 4 1
231 5 1
231 6 2
231 7 1
232 3 1
232 5 1
232 6 1
232 7 2
232 8 2
232 9 1
232 10 1
233 3 2
233 5 2
233 7 2
233 8 2
233 10 2
234 2 1
234 3 1
234 6 1
234 8 1
234 9 1
234 10 1
235 2 2
235 5 1
235 8 2
235 9 1
236 3 1
236 6 1
236 8 1
236 9 1
236 10 1
237 5 1
237 7 2
237 8 2
237 10 2
238 3 1
238 5 1
238 7 1
239 1 1
239 2 1
239 6 1
239 7 1
240 1 1
240 2 1
240 3 1
240 4 1
240 8 2
240 10 1
241 6 1
241 8 2
241 10 1
242 2 1
242 4 2
242 7 2
242 8 2
242 10 2
243 2 1
243 4 2
243 7 2
243 8 2
244 2 1
244 3 2
244 4 2
244 6 2
244 7 1
244 8 2
244 9 2
245 1 1
245 2 1
245 5 1
245 6 1
245 8 2
245 9 1
245 10 2
246 2 1
246 3 1
246 5 1
246 7 1
246 10 2
247 2 2
247 3 1
247 6 1
247 7 1
247 8 2
247 10 2
248 2 2
248 3 1
248 5 2
248 6 2
248 7 2
248 8 2
248 9 2
248 10 2
249 2 1
249 3 2
249 5 2
249 8 2
249 9 2
249 10 2
250 2 2
250 3 2
250 5 2
250 6 2
250 8 2
250 9 2
251 2 2
251 6 2
251 7 2
251 8 2
251 9 1
251 10 2
252 2 2
252 8 2
252 9 2
253 1 1
253 7 1
253 8 1
253 9 1
253 10 2
254 7 1
254 10 1
255 2 1
255 4 1
255 6 1
255 8 1
255 10 1
256 1 1
256 4 1
256 7 1
257 1 1
257 2 2
257 5 1
257 6 1
257 8 1
258 2 1
258 10 2
259 2 1
259 4 1
259 6 1
259 7 1
259 8 2
260 2 2
260 6 2
260 7 2
260 8 2
260 9 1
261 2 2
261 5 1
261 6 1
261 8 1
261 10 1
262 2 2
262 3 1
262 6 2
262 7 2
262 8 1
262 10 1
263 2 2
263 3 2
263 6 2
263 8 2
263 9 2
263 10 2
264 2 2
264 3 1
264 6 1
264 7 1
264 8 1
264 9 1
264 10 2
265 5 1
265 8 1
266 2 2
266 3 2
266 6 1
266 7 2
266 8 2
266 9 1
266 10 2
267 2 2
267 5 2
267 6 2
267 7 2
267 8 2
267 9 2
267 10 2
268 3 2
268 7 2
268 10 1
269 6 2
269 10 2
270 8 2
270 10 2
271 2 1
271 3 2
271 6 2
271 8 1
272 2 2
272 5 1
272 8 1
272 9 1
272 10 1
273 3 1
273 7 1
274 3 1
274 5 1
274 7 1
274 8 1
274 9 1
274 10 1
275 2 1
275 3 1
275 8 1
275 9 1
276 8 2
277 2 2
277 3 2
277 6 1
277 7 2
277 8 2
277 9 2
278 2 2
278 6 2
278 7 2
278 8 2
278 10 1
279 2 1
279 3 2
279 6 2
279 7 1
279 8 2
280 2 2
280 7 1
280 8 2
280 9 2
281 2 1
281 3 2
281 7 2
281 8 2
281 10 2
282 3 1
282 5 2
282 7 2
282 8 2
282 9 1
282 10 1
283 2 2
283 3 2
283 4 1
283 6 2
283 7 2
283 8 1
283 9 2
283 10 1
284 2 1
284 5 1
284 8 2
285 2 1
285 5 2
285 7 2
285 8 2
285 10 1
286 4 1
286 6 2
286 7 1
286 8 1
286 9 1
286 10 2
287 2 1
287 6 2
287 8 1
287 9 2
287 10 2
288 5 1
288 7 1
288 8 1
288 9 2
289 2 1
289 3 1
289 6 1
289 7 2
289 8 2
289 9 1
289 10 1
290 2 1
290 6 2
290 8 2
290 10 2
291 1 1
291 4 1
291 5 1
291 8 1
291 9 1
291 10 1
292 3 2
292 4 2
292 8 2
292 10 1
293 3 2
293 6 1
293 7 2
293 8 2
293 10 2
294 2 1
294 6 1
294 7 1
294 8 1
295 2 1
295 4 1
295 8 2
296 1 1
296 2 1
296 8 1
296 9 1
297 3 1
297 6 1
297 8 2
297 10 2
298 1 2
298 2 2
298 3 2
298 5 2
299 3 1
299 7 1
299 8 1
299 9 1
299 10 1
300 7 2
300 10 2
301 2 2
301 3 1
301 6 1
301 9 1
301 10 1
302 2 1
302 3 1
302 6 2
302 8 2
303 1 2
303 2 2
303 3 2
303 4 2
303 8 2
303 10 2
304 2 1
304 3 2
304 8 1
304 9 1
304 10 1
305 2 1
305 4 2
305 6 1
305 8 2
305 10 1
306 2 1
306 3 2
306 7 2
306 8 2
306 9 1
306 10 2
307 1 2
307 3 2
307 8 2
307 10 1
308 2 2
308 4 1
308 7 2
308 9 1
308 10 2
309 1 1
309 3 1
309 6 2
309 8 2
309 9 1
309 10 1
310 2 1
310 4 1
310 6 1
310 8 2
310 10 1
311 2 1
311 3 2
311 6 1
311 7 2
311 9 1
311 10 1
312 2 1
312 4 2
312 8 1
312 9 1
313 3 2
313 7 2
313 8 2
313 9 2
314 2 1
314 3 2
314 4 2
314 8 2
314 9 1
314 10 1
315 4 1
315 8 2
315 9 1
315 10 2
316 2 1
316 6 1
316 7 1
316 8 1
316 10 2
317 3 2
317 8 2
317 9 1
318 3 2
318 5 1
318 7 1
318 8 1
318 9 1
319 2 1
319 3 1
319 6 2
319 7 1
319 8 2
319 9 1
319 10 1
320 3 1
320 4 1
320 5 1
320 6 1
320 7 1
320 8 1
320 9 1
321 2 1
321 5 1
321 6 2
321 8 1
322 2 2
322 4 1
322 7 1
323 2 2
323 3 2
323 9 1
324 5 1
324 7 2
324 8 2
324 9 1
324 10 2
325 6 1
325 8 2
325 9 2
325 10 1
326 2 1
326 3 1
326 4 1
326 5 1
326 7 1
326 8 2
326 9 1
326 10 1
327 3 1
327 7 1
327 8 2
327 9 1
328 2 1
328 4 2
328 9 2
328 10 2
329 5 2
329 6 2
329 7 2
329 8 2
329 10 2
330 1 1
330 3 1
330 6 1
330 8 1
330 10 1
331 2 1
331 3 1
331 10 1
332 3 1
332 5 1
332 6 2
332 10 2
333 2 2
333 5 1
333 7 1
333 8 1
333 10 1
334 3 1
334 5 1
334 7 1
334 9 1
334 10 1
335 2 2
335 4 1
335 6 2
335 7 2
335 8 2
335 10 1
336 2 1
336 4 2
336 5 2
336 6 2
336 7 2
336 8 2
336 9 2
337 4 2
337 7 1
337 8 1
337 10 1
338 2 1
338 6 1
338 8 1
338 10 1
339 2 1
339 3 2
339 7 2
339 8 2
339 10 2
340 2 2
340 5 1
340 7 2
340 8 1
341 3 1
341 8 1
342 2 2
342 8 2
342 10 2
343 2 1
343 4 2
343 8 2
344 3 1
344 8 2
344 9 2
345 6 2
345 8 2
345 10 2
346 2 2
346 3 2
346 5 2
346 6 2
346 10 2
347 2 1
347 3 2
347 10 1
348 2 1
348 6 2
348 7 1
348 8 2
348 9 1
348 10 1
349 1 2
349 2 2
349 3 2
349 4 2
349 5 1
349 7 2
349 8 2
349 9 2
350 2 2
350 3 2
350 8 2
350 10 2
351 2 1
351 6 2
351 8 2
351 10 1
352 2 1
352 6 1
352 7 2
352 9 2
352 10 2
353 2 2
353 4 2
353 5 2
353 6 1
353 8 2
353 9 2
354 2 1
354 7 1
354 9 1
355 2 1
355 4 1
355 5 2
355 6 2
355 7 1
355 8 2
356 2 2
356 3 2
356 8 2
356 9 2
356 10 2
357 2 1
357 6 2
357 7 2
357 8 2
357 10 1
358 2 1
358 4 1
358 5 1
358 6 2
358 7 1
358 8 1
358 9 1
358 10 1
359 2 1
359 3 2
359 5 2
359 7 2
359 8 2
359 9 2
359 10 2
360 2 1
360 8 1
360 10 1
361 3 2
361 6 2
361 8 2
361 9 2
361 10 2
362 2 1
362 3 1
362 5 1
362 8 2
362 10 2
363 3 1
363 5 1
364 1 1
364 2 1
364 4 1
364 7 1
364 8 1
364 9 1
364 10 1
365 1 1
365 4 1
365 6 2
365 7 1
365 8 1
365 9 1
365 10 2
366 2 1
366 6 1
366 7 2
366 8 1
366 9 1
367 2 1
367 3 1
367 4 1
367 6 1
367 8 2
368 2 2
368 3 2
368 4 2
368 5 2
368 6 2
368 7 2
368 8 2
368 10 2
369 3 2
369 6 2
369 7 2
369 8 1
369 10 1
370 2 2
370 3 1
370 5 1
370 8 1
370 9 1
370 10 1
371 2 1
371 7 2
371 8 1
372 2 2
372 3 2
372 5 1
372 6 2
372 8 2
372 9 1
373 2 2
373 3 1
373 4 1
373 8 1
374 2 2
374 3 1
374 4 2
374 7 1
374 8 2
375 2 1
375 4 2
375 6 2
375 7 2
375 8 2
375 10 1
376 3 1
376 5 1
376 6 2
376 8 2
376 9 2
376 10 2
377 2 2
377 6 1
377 7 2
377 8 1
377 9 1
377 10 1
378 2 1
378 4 2
378 7 2
378 8 2
379 1 2
379 5 2
379 7 2
379 8 1
379 9 1
380 2 1
380 3 1
380 4 1
380 6 1
380 8 1
380 9 2
380 10 2
381 2 2
381 3 2
381 6 2
381 8 2
381 9 1
382 3 1
382 6 2
382 7 1
382 8 2
382 10 2
383 2 2
383 3 1
383 8 2
383 10 1
384 5 1
384 6 1
384 7 1
384 8 2
384 10 1
385 2 2
385 4 2
385 6 2
385 8 2
385 9 2
385 10 1
386 2 2
386 3 2
386 4 2
386 5 2
386 7 2
386 8 2
387 2 1
387 6 1
387 7 1
387 9 1
387 10 1
388 1 1
388 2 2
388 3 1
388 4 1
388 7 1
388 8 2
389 4 2
389 5 2
389 7 2
389 8 2
389 9 2
389 10 2
390 2 1
390 6 2
390 7 2
390 8 2
391 1 2
391 2 1
391 3 2
391 4 2
391 5 1
391 6 2
391 7 2
391 8 2
391 10 1
392 3 1
392 6 1
392 8 2
392 9 1
392 10 2
393 2 2
393 4 1
393 6 1
393 9 1
394 1 1
394 3 1
394 6 1
394 7 2
394 8 1
394 10 2
395 2 2
395 3 1
395 8 2
395 9 1
396 3 2
396 6 2
396 8 2
396 10 1
397 2 2
397 6 2
397 8 2
398 2 2
398 3 1
398 6 2
398 7 1
398 8 1
399 2 1
399 8 2
399 10 1
400 4 1
400 8 2
400 10 1
401 2 2
401 6 1
401 8 2
402 2 2
402 9 2
402 10 1
403 2 2
403 3 1
403 6 2
403 8 2
404 1 1
404 2 2
404 3 1
404 7 2
404 8 1
404 10 1
405 2 1
405 3 2
405 5 1
405 6 1
405 9 1
405 10 1
406 2 1
406 3 2
406 4 2
406 5 2
406 6 2
406 7 2
406 8 2
406 9 2
406 10 2
407 2 1
407 7 2
407 8 2
407 10 1
408 2 1
408 3 1
408 4 1
408 6 2
408 7 2
408 9 1
409 3 2
409 5 1
409 8 1
409 9 1
410 3 2
410 6 1
410 8 2
411 2 1
411 4 1
411 6 2
411 7 2
411 8 1
411 10 1
412 2 2
412 3 1
412 8 2
413 2 1
413 8 1
413 9 1
413 10 2
414 3 1
414 7 1
414 8 1
414 9 1
414 10 2
415 1 1
415 2 1
415 4 1
415 6 2
415 8 1
415 10 2
416 2 2
416 3 1
416 8 2
417 2 1
417 3 1
417 4 1
417 7 1
417 8 1
417 9 1
417 10 1
418 2 2
418 3 2
418 6 2
418 7 2
418 8 2
418 10 2
419 2 2
419 3 2
419 4 2
419 6 2
419 8 2
419 10 2
420 2 1
420 3 1
420 6 1
420 7 2
420 8 1
420 9 1
421 2 1
421 4 1
421 6 1
421 8 1
421 9 1
421 10 2
422 2 2
422 3 2
422 4 2
422 5 2
422 8 2
422 10 1
423 2 2
423 3 2
423 7 1
423 8 1
423 10 1
424 2 2
424 3 1
424 6 2
424 7 2
424 8 2
424 9 1
424 10 1
425 1 1
425 2 1
425 3 1
425 7 1
425 8 2
425 9 1
426 2 2
426 4 2
426 8 1
426 10 2
427 2 1
427 3 2
427 8 2
427 9 2
428 2 1
428 3 1
428 8 1
428 9 1
428 10 1
429 1 2
429 2 1
429 3 2
429 5 2
429 8 2
429 10 2
430 2 2
430 3 2
430 4 2
430 5 1
430 6 2
430 7 2
430 8 1
430 10 2
431 3 1
431 5 1
431 6 1
431 9 1
432 3 2
432 6 2
432 8 2
432 9 2
432 10 1
433 2 2
433 6 2
433 9 1
433 10 2
434 2 1
434 3 1
434 4 1
434 6 1
434 9 1
435 4 2
435 7 2
435 8 2
435 9 1
436 2 1
436 5 2
436 6 2
436 8 2
436 9 2
436 10 2
437 3 1
437 7 1
437 8 1
438 3 1
438 5 1
438 6 1
438 8 1
439 2 2
439 4 1
439 8 2
439 10 1
440 5 1
440 6 1
440 7 1
440 8 1
440 10 1
441 5 2
441 7 2
441 8 2
441 10 2
442 2 1
442 3 1
442 4 1
442 6 1
442 7 1
442 8 1
442 10 1
443 1 1
443 5 1
443 6 2
443 8 2
443 10 2
444 2 2
444 3 2
444 6 2
444 8 2
445 2 1
445 3 1
445 4 1
445 6 1
445 8 1
445 9 1
446 3 2
446 4 2
446 6 2
446 7 2
446 8 1
446 9 1
446 10 1
447 2 1
447 3 1
447 5 1
447 7 1
447 8 1
447 9 1
447 10 1
448 2 1
448 3 1
448 5 1
448 6 1
448 7 1
448 8 2
448 10 1
449 2 2
449 5 2
449 7 2
449 8 2
449 10 2
450 3 2
450 4 1
450 5 2
450 6 2
450 7 1
450 8 2
450 9 2
450 10 2
451 3 1
451 4 1
451 7 1
451 8 1
451 9 1
452 2 1
452 3 1
452 7 1
452 8 1
452 10 1
453 2 2
453 3 1
453 7 2
453 8 2
453 10 2
454 2 2
454 3 2
454 7 1
454 8 2
454 10 2
455 2 2
455 3 1
455 5 1
455 8 2
455 9 1
455 10 1
456 3 1
456 5 1
456 6 2
456 7 2
456 8 2
457 2 1
457 9 1
457 10 1
458 2 2
458 6 2
458 7 2
458 8 1
458 10 1
459 2 1
459 3 1
459 4 1
459 5 1
459 6 1
459 8 1
459 10 1
460 3 2
460 4 1
460 8 2
460 9 2
461 3 1
461 4 1
461 5 1
461 6 2
461 8 1
461 9 1
461 10 1
462 2 2
462 3 2
462 6 2
462 7 2
462 8 2
463 2 1
463 3 1
463 4 1
463 5 1
463 6 1
463 8 1
463 9 1
463 10 1
464 2 2
464 4 1
464 5 2
464 8 1
464 10 2
465 2 2
465 3 2
465 5 1
465 6 2
465 7 2
465 8 2
465 9 2
465 10 1
466 2 1
466 3 1
466 6 2
466 8 1
466 10 1
467 3 1
467 5 1
467 6 2
467 7 2
467 8 2
468 2 2
468 3 1
468 6 1
468 7 1
468 8 1
468 10 1
469 2 1
469 3 1
469 6 1
469 7 1
469 9 1
469 10 1
470 2 1
470 3 1
470 4 2
470 5 1
470 6 1
470 8 1
470 10 2
471 4 1
471 5 1
471 6 2
471 8 1
471 10 1
472 1 2
472 2 2
472 3 2
472 6 2
472 7 1
472 8 2
472 10 2
473 4 2
473 5 2
473 6 2
473 7 2
473 8 2
473 10 2
474 8 1
474 10 1
475 2 1
475 6 2
475 8 2
476 2 1
476 4 2
476 6 2
476 7 2
476 8 1
477 3 1
477 6 1
477 8 2
477 9 2
478 3 1
478 7 2
478 8 2
478 9 2
478 10 2
479 2 1
479 5 1
479 10 2
480 2 1
480 3 2
480 8 2
480 9 2
480 10 2
481 1 2
481 5 2
481 8 2
481 10 2
482 2 1
482 3 2
482 4 1
482 6 1
482 7 1
482 8 2
482 10 2
483 2 1
483 3 1
483 6 1
483 8 1
483 9 1
484 3 2
484 4 2
484 6 2
484 8 2
484 9 2
485 2 1
485 5 1
485 6 2
485 7 1
485 8 2
485 10 1
486 8 2
486 10 2
487 5 1
487 6 2
487 7 2
488 2 1
488 3 2
488 6 2
488 7 2
488 8 2
488 9 2
488 10 2
489 2 2
489 3 2
489 6 2
489 10 2
490 3 2
490 4 2
490 6 1
490 7 2
490 8 2
491 3 1
491 4 1
491 5 1
491 8 2
491 9 1
492 2 1
492 3 2
492 8 1
492 10 1
493 3 1
493 5 2
493 6 2
493 9 2
493 10 2
494 4 1
494 5 1
494 8 1
494 9 1
494 10 1
495 2 2
495 6 2
495 7 2
495 8 2
496 2 2
496 3 2
496 4 2
496 6 2
496 8 2
496 9 2
496 10 1
497 4 2
497 5 1
497 7 1
497 8 2
497 9 2
498 3 1
498 5 2
498 7 2
498 8 2
498 10 1
499 2 2
499 6 2
499 7 1
499 8 1
499 10 1
500 1 2
500 2 1
500 4 2
500 5 2
500 8 2
500 9 2
500 10 2
501 4 2
501 5 1
501 6 2
501 8 2
502 1 1
502 3 1
502 4 1
502 7 1
502 8 2
503 2 2
504 2 1
504 3 1
504 5 1
504 6 2
504 7 2
504 8 2
504 10 1
505 2 1
505 3 2
505 5 1
505 6 2
505 7 2
505 8 2
506 6 2
506 7 2
506 8 2
507 3 2
507 6 2
507 7 2
507 8 1
507 9 1
507 10 2
508 2 1
508 3 1
508 7 1
508 10 2
509 2 1
509 3 1
509 5 1
509 8 2
510 2 1
510 3 2
510 9 2
511 3 1
511 4 2
511 5 2
511 6 2
511 7 2
511 8 2
511 10 1
512 2 2
512 3 1
512 5 1
512 6 2
512 7 2
512 8 2
512 9 2
512 10 2
513 2 1
513 3 2
513 4 2
513 7 2
513 8 2
514 3 1
514 4 1
514 5 1
514 6 2
514 7 2
514 9 1
514 10 1
515 3 1
515 4 1
515 8 2
515 9 2
515 10 1
516 2 2
516 4 2
516 7 2
516 8 2
516 9 1
516 10 1
517 5 1
517 8 1
517 9 1
518 2 1
518 3 1
518 8 1
518 10 1
519 2 2
519 6 2
519 8 1
519 9 1
519 10 1
520 1 1
520 2 1
520 4 1
520 5 1
520 6 1
520 7 1
520 8 1
520 10 1
521 2 1
521 6 1
521 7 2
521 8 2
521 10 1
522 1 2
522 2 1
522 4 2
522 7 2
522 8 1
523 8 2
523 9 1
524 2 1
524 4 1
524 5 1
524 6 1
524 10 1
525 2 1
525 3 1
525 6 1
525 8 1
525 9 1
525 10 1
526 3 1
526 4 2
526 6 2
526 8 2
526 9 2
527 2 1
527 5 2
527 6 2
527 7 2
527 8 2
527 9 1
527 10 1
528 2 1
528 3 2
528 7 2
528 8 2
528 10 2
529 2 2
529 4 2
529 6 2
529 7 2
529 8 2
529 10 2
530 2 2
530 7 1
531 2 1
531 5 1
531 6 2
531 8 2
531 10 1
532 2 1
532 3 1
532 4 1
532 5 1
532 8 2
532 10 2
533 2 2
533 3 2
533 7 2
533 8 2
533 10 2
534 2 1
534 3 1
534 8 2
534 9 2
534 10 1
535 2 1
535 3 2
535 8 2
535 10 2
536 2 1
536 6 2
536 7 2
536 8 2
537 2 2
537 3 2
537 5 2
537 6 2
537 9 1
537 10 2
538 2 1
538 3 1
538 7 2
538 8 1
539 4 1
539 5 1
539 7 1
539 8 1
540 2 1
540 4 2
540 6 2
540 9 2
541 3 1
541 4 1
541 5 2
541 6 2
541 7 2
541 8 1
541 10 1
542 2 2
542 5 1
542 6 1
542 8 1
542 9 1
543 1 2
543 2 1
543 3 2
543 6 2
543 8 2
543 10 1
544 2 2
544 3 1
544 8 2
544 10 2
545 2 1
545 3 2
545 4 2
545 10 2
546 2 1
546 3 1
546 6 1
546 9 1
546 10 1
547 3 2
547 4 2
547 8 2
547 9 2
547 10 1
548 2 2
548 3 2
548 6 1
548 7 2
548 8 2
548 9 2
548 10 2
549 2 1
549 3 1
549 4 1
549 6 1
549 10 2
550 2 1
550 3 1
550 6 2
550 10 2
551 2 2
551 3 1
551 6 2
551 7 2
551 8 1
551 9 1
551 10 1
552 2 2
552 3 1
552 4 1
552 5 1
552 8 1
552 10 1
553 2 2
553 3 2
553 6 2
553 7 2
553 8 2
553 10 2
554 1 1
554 4 1
554 6 1
554 8 1
554 9 1
555 3 2
555 4 1
555 7 2
555 8 2
555 10 1
556 7 2
556 8 2
556 10 1
557 3 1
557 4 2
557 5 2
557 6 2
557 7 2
557 8 2
557 9 2
557 10 1
558 1 2
558 10 2
559 4 1
559 6 2
559 7 1
559 8 2
560 4 1
560 6 1
560 8 1
560 9 1
561 2 2
561 8 1
561 9 2
561 10 1
562 2 2
562 4 2
562 8 2
562 10 2
563 2 2
563 3 1
563 4 2
563 5 1
563 6 2
563 8 2
563 9 2
563 10 1
564 2 2
564 8 2
565 6 2
565 7 1
565 8 1
566 1 1
566 2 1
566 3 1
566 4 1
566 8 1
566 9 1
566 10 1
567 2 2
567 3 1
567 5 1
567 7 2
567 8 1
568 3 2
568 4 2
568 5 2
568 6 2
568 10 2
569 6 1
569 8 1
570 3 1
570 5 1
570 6 2
570 7 2
570 8 1
570 9 1
570 10 1
571 2 2
571 3 2
571 6 2
571 8 2
571 9 2
571 10 1
572 6 2
572 8 2
572 10 1
573 2 1
573 6 2
573 9 2
573 10 1
574 2 1
574 3 1
574 7 2
574 8 2
574 9 1
574 10 2
575 2 2
575 6 2
575 7 2
575 8 2
575 9 1
575 10 2
576 1 2
576 3 2
576 6 1
576 7 2
576 8 2
577 2 2
577 4 2
577 5 2
577 8 2
577 10 2
578 3 1
578 5 1
578 7 2
578 8 2
579 2 1
579 4 1
579 5 2
579 6 1
579 7 2
579 8 2
580 2 2
580 6 2
580 7 2
580 9 2
581 2 1
581 4 2
581 8 1
581 9 1
581 10 1
582 1 2
582 3 1
582 6 1
582 8 2
582 10 2
583 3 1
583 4 1
583 6 1
583 7 1
584 1 1
584 2 2
584 7 1
584 8 1
584 10 1
585 2 2
585 3 1
585 4 2
585 6 2
585 7 2
585 8 2
585 9 2
586 2 1
586 3 2
586 5 2
586 6 2
586 7 2
586 8 2
586 9 2
586 10 1
587 3 1
587 6 1
587 8 1
587 9 1
588 3 2
588 4 1
588 6 2
588 7 2
588 8 2
589 6 1
589 8 1
589 10 1
590 2 1
590 3 2
590 7 2
590 8 2
591 2 2
591 3 2
591 7 2
592 2 1
592 3 1
592 6 2
592 8 1
592 10 2
593 4 1
593 6 2
593 7 1
593 8 1
593 10 1
594 2 2
594 3 1
594 6 1
594 8 1
594 9 1
594 10 1
595 3 1
595 5 1
595 6 1
595 7 1
595 8 2
595 10 2
596 4 1
596 6 1
596 8 2
596 9 1
596 10 1
597 2 1
597 8 1
597 9 2
598 3 2
598 10 1
599 2 2
599 3 1
599 4 1
599 8 2
600 2 2
600 5 1
600 6 2
600 7 2
600 8 2
601 2 2
601 6 2
601 8 1
601 10 2
602 1 2
602 2 1
602 4 1
602 5 2
602 6 2
602 8 2
603 5 2
603 6 2
603 8 2
603 9 2
603 10 1
604 3 2
604 5 2
604 7 2
604 8 2
604 10 2
605 2 2
605 10 2
606 9 1
607 3 1
607 6 1
607 7 1
607 8 1
607 10 1
608 2 1
608 4 1
608 6 1
608 8 1
608 9 1
609 2 2
609 3 1
609 6 1
609 7 1
610 3 1
610 7 2
610 8 2
610 9 1
610 10 2
611 2 2
611 3 1
611 5 2
611 6 2
611 7 2
611 8 2
611 10 2
612 2 1
612 3 2
612 6 2
612 7 1
612 8 1
612 10 2
613 2 1
613 7 2
613 8 2
614 2 1
614 3 1
614 8 1
614 9 1
614 10 1
615 3 2
615 4 1
615 5 1
615 8 1
615 10 2
616 3 1
616 4 2
616 7 2
616 8 2
616 9 2
616 10 1
617 3 2
617 4 2
617 8 2
617 9 2
617 10 2
618 6 2
618 7 2
618 8 2
618 9 2
618 10 2
619 3 1
619 7 1
619 8 1
619 9 1
619 10 2
620 3 1
620 6 2
620 8 2
621 2 1
621 3 1
621 6 2
621 7 2
621 8 2
622 3 1
622 4 2
622 8 2
623 2 1
623 3 1
623 6 1
623 8 1
623 9 1
623 10 1
624 2 1
624 5 1
624 6 2
624 8 1
625 2 2
625 3 2
625 5 2
625 8 2
625 10 2
626 1 1
626 4 1
626 6 1
626 7 2
626 8 2
626 9 1
626 10 1
627 2 1
627 6 2
627 8 2
627 9 2
628 2 2
628 6 1
628 7 1
628 8 1
629 2 2
629 3 1
629 6 2
629 7 2
629 8 2
629 9 1
629 10 2
630 2 1
630 3 1
630 5 1
630 10 1
631 2 1
631 3 1
631 5 1
631 8 1
631 10 1
632 1 2
632 2 2
632 3 1
632 8 2
632 9 2
632 10 2
633 2 2
633 3 1
633 7 1
633 8 2
633 10 1
634 2 1
634 3 2
634 6 1
634 10 2
635 2 1
635 6 1
635 7 1
635 8 1
635 9 1
636 1 1
636 2 1
636 3 1
636 7 1
637 2 1
637 3 1
637 5 1
637 6 2
637 7 2
637 8 2
637 9 2
638 2 2
638 3 2
638 4 2
638 6 2
638 7 2
638 8 2
638 9 2
638 10 1
639 3 1
639 6 2
639 7 2
639 8 2
639 9 2
640 1 1
640 5 1
640 8 2
640 9 1
641 2 1
641 3 1
641 4 1
641 7 2
641 8 2
641 9 2
642 2 1
642 4 1
642 6 2
642 8 1
642 9 1
642 10 1
643 2 2
643 7 1
643 8 1
644 4 1
644 6 2
644 7 1
644 8 1
645 4 1
645 10 1
646 7 2
646 8 2
647 2 1
647 3 1
647 4 1
647 6 1
647 10 1
648 2 1
648 3 2
648 6 2
648 7 2
649 3 1
649 7 2
649 8 1
650 2 2
650 3 2
650 6 2
650 8 2
650 10 2
651 2 1
651 3 1
651 5 1
651 6 1
651 8 1
651 9 1
652 6 1
652 8 2
653 7 1
653 8 2
654 2 1
654 3 2
654 7 2
654 8 2
654 10 1
655 2 1
655 6 2
655 8 2
655 9 1
655 10 1
656 2 2
656 6 1
656 8 2
656 9 1
656 10 1
657 2 2
657 3 1
657 5 1
657 6 2
657 9 1
657 10 1
658 2 2
658 3 2
658 8 2
658 10 2
659 4 1
659 8 2
659 9 1
659 10 1
660 2 1
660 5 2
660 6 2
660 7 2
660 9 2
660 10 2
661 2 2
661 3 2
661 5 2
661 6 2
661 8 2
661 9 2
661 10 2
662 2 2
662 3 2
662 8 2
662 9 1
662 10 2
663 2 1
663 3 1
663 4 1
663 5 1
663 6 1
663 8 2
663 10 1
664 2 2
664 3 2
664 4 2
664 8 2
664 9 2
664 10 2
665 2 1
665 3 2
665 5 1
665 6 2
665 7 2
665 8 2
665 9 1
665 10 2
666 2 1
666 3 1
666 4 2
666 5 1
666 8 1
666 9 1
667 3 1
667 4 2
667 8 2
668 2 2
668 4 2
668 8 2
668 10 2
669 2 1
669 6 2
669 9 1
669 10 1
670 3 1
670 4 1
670 6 1
670 7 1
670 8 2
670 10 1
671 3 1
671 4 1
671 5 1
671 6 1
671 8 1
672 3 1
672 4 1
672 6 1
672 7 2
672 8 1
672 9 1
673 2 1
673 7 1
673 10 1
674 2 2
674 3 2
674 4 2
674 5 2
674 7 1
675 2 2
675 6 1
675 7 1
675 8 1
675 10 1
676 4 1
676 6 2
676 8 2
676 10 2
677 6 2
677 8 2
678 2 1
678 3 1
678 8 1
679 1 2
679 2 1
679 3 1
679 6 2
679 10 2
680 2 1
680 3 2
680 5 2
680 6 1
680 7 2
680 8 2
680 9 2
681 2 1
681 3 2
681 4 2
681 5 1
681 6 2
681 8 2
681 10 2
682 3 1
682 6 1
682 7 1
682 10 1
683 2 1
683 4 1
683 6 2
683 8 2
683 10 1
684 4 1
684 7 2
684 8 1
684 10 1
685 2 2
685 3 2
685 5 2
685 6 2
685 8 2
685 10 1
686 2 2
686 6 2
686 8 1
686 10 2
687 2 1
687 3 2
687 6 2
687 9 2
688 2 1
688 5 1
688 6 1
688 8 2
688 9 1
688 10 1
689 2 2
689 6 1
689 8 2
689 10 2
690 2 1
690 4 1
690 5 1
690 8 1
690 10 1
691 8 1
691 9 1
691 10 1
692 1 2
692 3 1
692 4 1
692 5 1
692 6 2
692 7 1
692 9 2
693 7 1
693 8 1
693 10 2
694 1 2
694 2 1
694 6 1
694 8 1
694 9 2
694 10 1
695 3 1
695 4 1
695 6 1
695 7 1
695 8 1
695 10 2
696 2 1
696 7 1
696 8 1
696 9 1
696 10 1
697 2 2
697 6 1
697 9 1
697 10 1
698 2 1
698 6 2
698 8 2
698 9 2
699 2 1
699 3 2
699 5 1
699 8 2
699 10 2
700 2 1
700 3 1
700 4 1
700 5 1
700 8 2
700 10 2
701 2 2
701 3 2
701 5 1
701 6 2
701 7 2
701 8 2
701 9 1
702 4 1
702 6 2
702 7 2
702 8 2
702 9 2
702 10 1
703 2 1
703 3 1
703 6 2
703 7 2
703 8 2
703 10 2
704 2 1
704 3 1
704 6 1
704 8 2
705 2 1
705 4 1
705 5 1
705 8 1
705 10 2
706 3 2
706 5 1
706 6 2
706 8 2
707 2 1
707 6 2
707 7 2
707 8 1
707 9 1
707 10 2
708 1 1
708 2 2
708 3 1
708 6 1
708 7 1
708 8 1
709 4 2
709 5 1
709 8 2
710 2 1
710 5 1
710 6 1
710 8 1
711 2 1
711 3 1
711 6 2
711 8 1
711 10 1
712 2 1
712 3 1
712 4 1
712 5 1
712 10 1
713 2 2
713 7 1
713 8 1
713 9 1
714 8 2
714 9 2
715 8 2
716 1 1
716 2 1
716 3 1
716 9 1
717 1 2
717 4 1
717 6 1
717 7 2
717 8 2
717 9 2
717 10 1
718 3 1
718 4 1
718 6 1
718 7 1
718 8 2
718 10 2
719 3 1
719 6 2
719 8 2
719 9 2
720 2 1
720 4 1
720 6 2
720 7 2
720 8 2
720 10 2
721 1 1
721 3 1
721 5 1
721 8 2
721 9 1
721 10 2
722 4 1
722 6 1
722 8 1
722 10 1
723 5 2
723 6 1
723 8 2
723 9 2
724 3 1
724 4 1
724 8 1
725 2 2
725 4 1
725 6 2
725 7 2
725 10 2
726 2 2
726 3 2
726 8 1
726 9 2
727 2 2
727 6 2
727 7 2
727 8 2
727 10 1
728 2 1
728 3 1
728 8 1
728 9 1
728 10 1
729 1 2
729 2 1
729 3 2
729 4 2
729 5 1
729 6 2
729 8 2
729 10 1
730 2 2
730 7 2
730 8 2
730 9 1
730 10 2
731 3 2
731 6 2
731 8 2
731 10 1
732 2 2
732 3 1
732 4 1
732 8 2
733 2 2
733 3 1
733 8 1
733 10 1
734 5 1
734 7 2
734 8 1
734 10 1
735 1 2
735 4 1
735 7 2
735 8 2
735 10 2
736 2 1
736 3 2
736 5 2
736 6 2
736 8 2
736 10 1
737 5 1
737 8 1
738 3 2
738 4 2
738 6 2
738 7 1
739 6 1
739 8 1
739 10 1
740 2 1
740 6 2
741 2 1
741 3 1
741 6 2
741 8 2
741 10 1
742 2 1
742 3 2
742 4 1
742 6 1
742 7 1
742 8 1
742 9 1
743 2 2
743 3 2
743 4 2
743 6 2
743 7 1
743 10 2
744 2 2
744 7 2
744 8 2
744 9 1
745 2 1
745 6 2
745 8 2
745 9 2
745 10 2
746 2 1
746 7 2
746 8 1
746 9 1
746 10 1
747 2 2
747 5 2
747 8 2
747 9 2
748 7 1
748 8 1
748 10 1
749 2 1
749 5 2
749 8 2
749 9 1
749 10 2
750 2 1
750 3 2
750 4 1
750 8 1
751 6 2
751 8 2
752 3 2
752 8 2
752 9 2
752 10 2
753 2 1
753 3 2
753 7 2
753 8 2
753 9 2
754 2 2
754 5 1
754 8 2
754 9 2
754 10 1
755 3 1
755 7 1
755 8 1
755 9 1
755 10 1
756 7 1
756 8 1
756 9 1
757 2 2
757 3 2
757 8 2
757 9 2
757 10 2
758 2 2
758 4 1
758 7 1
758 9 1
759 5 1
759 7 1
759 8 1
759 10 2
760 5 2
760 6 2
760 9 2
760 10 1
761 2 1
761 4 1
761 5 1
761 6 1
761 8 1
761 9 1
761 10 1
762 2 2
762 3 1
762 6 2
762 8 2
762 10 1
763 2 1
763 8 2
763 9 1
763 10 2
764 3 1
764 4 1
764 5 1
764 6 1
764 8 1
764 9 1
765 2 1
765 8 1
765 9 1
765 10 2
766 2 2
766 3 2
766 5 2
766 6 2
766 7 1
766 8 2
767 5 1
767 6 1
767 8 1
767 10 1
768 3 2
768 5 2
768 8 2
769 1 1
769 6 1
769 7 1
769 8 2
769 10 1
770 5 1
770 7 1
770 8 2
770 10 2
771 2 2
771 3 1
771 6 1
771 7 1
771 8 1
771 9 1
772 2 1
772 4 1
772 6 2
772 8 2
772 9 2
773 2 1
773 3 1
773 6 1
773 7 1
773 8 2
774 2 1
774 3 1
774 5 2
774 7 2
774 8 1
774 10 1
775 1 2
775 2 1
775 6 2
775 8 1
775 10 1
776 1 1
776 4 1
776 6 1
776 8 1
776 9 1
776 10 1
777 2 1
777 7 1
777 8 2
777 9 2
777 10 2
778 3 1
778 4 1
778 5 1
778 8 1
779 4 2
779 6 2
780 2 1
780 8 2
781 2 1
781 6 2
781 8 2
782 6 2
782 7 2
782 8 2
782 9 2
782 10 2
783 2 2
783 6 1
783 10 2
784 5 2
784 8 2
784 10 2
785 3 2
785 4 1
785 8 1
785 9 1
785 10 2
786 2 2
786 4 2
786 7 2
786 8 2
786 10 2
787 3 2
787 5 2
787 7 1
787 8 2
787 9 1
788 2 1
788 6 2
788 7 2
788 10 2
789 2 2
789 3 1
789 4 1
789 9 2
789 10 1
790 1 1
790 2 1
790 3 2
790 4 2
790 5 2
790 6 1
790 7 2
790 8 2
790 10 2
791 2 2
791 3 2
791 6 2
791 7 2
791 8 2
791 9 2
791 10 2
792 3 1
792 4 1
792 7 1
792 8 2
792 9 1
793 2 1
793 3 2
793 4 2
793 6 1
793 7 2
793 8 2
794 2 2
794 4 2
794 5 2
794 6 2
794 7 1
794 8 2
795 1 2
795 3 1
795 7 1
795 8 2
795 9 2
796 8 2
797 2 1
797 6 1
797 8 1
797 9 1
797 10 1
798 2 2
798 4 2
798 8 2
798 10 2
799 1 2
799 3 1
799 5 2
799 7 2
799 8 2
799 9 1
800 1 1
800 2 1
800 8 1
800 9 1
800 10 2
801 3 1
801 6 1
801 8 1
802 3 2
802 4 2
802 6 2
802 8 2
802 10 2
803 4 2
803 8 2
804 2 1
804 3 1
804 6 1
804 7 2
804 8 2
804 10 1
805 1 2
805 2 2
805 3 1
805 5 1
805 8 2
805 10 2
806 3 1
806 6 1
806 9 1
806 10 1
807 2 1
807 7 2
807 8 2
808 2 2
808 3 2
808 6 2
808 8 2
808 9 2
808 10 2
809 2 1
809 3 1
809 6 2
809 8 2
809 9 2
809 10 2
810 2 1
810 4 2
810 5 1
810 7 1
810 9 2
810 10 2
811 1 1
811 3 1
811 6 1
811 7 1
812 2 2
812 3 1
812 7 2
812 8 2
813 4 2
813 6 1
813 7 1
813 9 2
814 2 2
814 6 2
814 8 2
814 9 2
814 10 2
815 2 2
815 3 2
815 6 1
815 7 2
815 8 2
816 5 2
816 8 2
817 2 1
817 4 2
817 8 2
818 2 2
818 3 1
818 6 1
818 7 2
818 8 1
818 10 1
819 3 2
819 4 2
819 6 2
819 8 2
820 4 2
820 5 2
820 7 2
820 9 2
820 10 2
821 2 1
821 3 2
821 4 1
821 6 2
821 7 1
821 8 1
821 9 1
821 10 2
822 2 2
822 3 2
822 7 2
822 9 2
823 7 2
823 9 2
824 3 1
824 5 1
824 6 2
824 9 1
824 10 1
825 3 1
825 4 1
825 5 1
825 8 2
825 9 1
825 10 2
826 1 2
826 2 2
826 6 2
826 8 2
826 9 1
827 2 1
827 4 1
827 6 1
827 7 1
827 8 1
827 9 1
827 10 1
828 2 1
828 4 1
828 8 1
828 9 1
829 5 1
829 9 1
829 10 2
830 3 2
830 4 2
830 6 2
830 8 2
830 9 2
830 10 1
831 2 2
831 3 1
831 5 1
831 6 1
831 7 1
831 9 1
832 2 1
832 4 1
832 6 2
833 8 1
833 10 1
834 2 2
834 3 1
834 5 2
834 6 1
834 8 1
834 10 1
835 2 2
835 3 2
835 4 2
835 8 2
835 10 1
836 3 2
836 4 1
836 5 1
836 6 2
836 7 2
836 8 2
836 9 2
837 2 2
837 3 1
837 6 1
837 7 2
837 8 1
837 10 1
838 2 1
838 3 2
838 8 2
838 9 2
838 10 2
839 3 2
839 4 2
839 6 2
839 7 2
839 8 2
839 9 2
840 2 1
840 5 1
840 6 2
840 8 1
840 9 1
840 10 1
841 2 1
841 3 1
841 6 1
841 8 2
841 9 1
841 10 1
842 3 2
842 8 1
843 2 2
843 3 2
843 4 2
843 6 1
843 7 1
843 8 2
843 10 2
844 2 1
844 3 1
844 4 1
844 10 2
845 2 1
845 5 2
845 6 2
845 8 2
845 9 2
845 10 1
846 2 1
846 4 2
846 8 2
847 5 1
847 7 2
847 8 1
848 3 1
848 6 2
848 7 1
848 8 1
849 7 1
850 2 2
850 4 1
850 6 1
850 8 1
850 10 1
851 1 1
851 2 1
851 4 1
851 6 1
851 8 1
852 2 2
852 6 2
852 7 2
852 8 2
852 10 1
853 3 1
853 5 1
853 6 1
853 7 1
853 8 1
853 9 1
853 10 1
854 2 1
854 5 1
854 7 2
854 8 1
854 9 1
854 10 2
855 3 1
855 4 1
855 7 1
855 8 1
855 10 2
856 2 1
856 5 2
856 6 2
856 8 2
856 9 2
856 10 2
857 2 1
857 4 2
857 7 1
857 8 1
857 9 1
857 10 2
858 2 1
858 3 1
858 4 1
859 2 1
859 3 2
859 5 1
859 6 2
859 7 1
859 8 1
859 10 1
860 2 2
860 3 1
860 5 2
860 6 2
860 7 2
860 9 1
860 10 1
861 6 2
861 7 2
861 10 2
862 1 1
862 2 1
862 3 1
862 6 1
862 8 2
863 2 1
863 6 1
863 7 2
863 9 1
864 3 2
864 8 1
864 9 2
864 10 2
865 3 1
865 4 1
865 6 2
865 8 1
865 9 1
865 10 2
866 2 1
866 4 1
866 5 1
866 8 1
867 2 2
867 3 2
867 4 1
867 6 2
867 8 1
867 9 2
867 10 2
868 2 2
868 3 1
868 4 1
868 7 1
868 8 2
869 2 1
869 3 1
869 6 1
869 8 1
869 9 1
869 10 2
870 2 1
870 3 1
870 5 1
870 7 2
870 8 1
871 3 1
871 6 2
871 10 2
872 3 1
872 8 1
872 10 2
873 5 1
873 7 2
873 8 2
873 10 1
874 2 2
874 6 1
874 9 1
875 2 1
875 3 2
875 5 2
875 8 1
876 2 1
876 3 1
876 4 1
876 8 2
877 1 1
877 8 1
878 6 2
878 8 2
878 9 1
879 2 1
879 3 1
879 5 1
879 7 2
879 8 1
879 10 2
880 2 1
880 3 1
880 6 1
880 9 1
880 10 1
881 2 2
881 4 2
881 7 2
881 8 2
881 10 2
882 3 2
882 4 2
882 8 2
882 10 2
883 2 2
883 3 2
883 6 2
883 8 2
884 1 2
884 2 2
884 3 2
884 6 2
884 7 2
884 8 2
885 2 1
885 3 2
885 5 1
885 7 2
885 8 1
886 3 1
886 4 1
886 5 1
886 8 1
886 10 1
887 2 2
887 4 2
887 8 2
888 3 2
888 4 2
888 5 2
888 6 2
888 7 2
888 8 2
888 10 2
889 2 1
889 3 1
889 4 2
889 6 2
889 10 2
890 1 1
890 2 2
890 6 1
890 7 1
891 6 1
891 7 2
891 8 2
891 10 1
892 2 2
892 3 2
892 4 2
892 6 2
892 8 1
892 9 1
892 10 1
893 1 2
893 2 1
893 6 1
893 7 2
893 8 2
893 10 2
894 2 2
894 3 1
894 6 2
894 7 2
894 9 2
895 1 2
895 3 1
895 6 1
895 7 1
895 8 2
895 10 2
896 1 2
896 3 1
896 6 2
896 8 2
897 3 2
897 6 2
897 7 2
897 8 2
897 10 2
898 2 2
898 3 1
898 5 1
898 6 1
898 7 2
898 8 2
898 9 1
899 3 2
899 6 2
899 7 2
899 8 2
899 9 2
899 10 1
900 2 1
900 3 1
900 4 1
900 6 2
900 7 1
900 8 1
900 9 1
901 2 1
901 3 1
901 4 2
901 5 2
901 10 2
902 2 1
902 5 2
902 6 2
902 8 2
902 9 2
902 10 1
903 1 1
903 2 1
903 3 1
903 5 1
903 7 1
903 8 1
904 2 1
904 6 1
904 9 1
904 10 2
905 2 1
905 3 1
905 4 1
905 5 1
905 6 2
905 8 1
906 3 1
906 4 1
906 6 2
907 3 2
907 8 1
907 9 1
907 10 2
908 2 2
908 3 1
908 4 2
908 5 2
908 6 2
908 10 1
909 6 1
909 7 1
909 9 1
910 2 1
910 4 1
910 7 1
910 8 1
911 3 2
911 4 2
911 5 2
911 8 1
911 10 2
912 2 1
912 3 1
912 4 1
912 8 1
913 2 1
913 5 2
913 6 2
913 8 1
913 9 2
914 2 1
914 7 2
914 8 2
914 10 2
915 2 2
915 6 1
915 8 1
916 2 2
916 4 1
916 7 1
916 8 2
916 10 2
917 1 1
917 3 1
917 5 1
917 7 2
917 8 1
918 2 2
918 3 1
918 5 2
918 7 2
918 8 1
918 10 1
919 2 1
919 6 2
919 10 2
920 2 1
920 3 1
920 4 1
920 6 2
920 8 2
920 10 2
921 3 1
921 4 1
921 8 1
921 10 1
922 1 1
922 6 1
922 7 1
922 8 1
922 10 1
923 3 1
923 4 1
923 6 2
923 8 2
924 2 2
924 3 2
924 6 2
924 8 2
925 2 2
925 4 2
925 6 1
925 8 2
925 9 2
925 10 1
926 3 2
926 4 1
926 6 2
927 1 1
927 3 1
927 6 1
927 8 2
928 2 2
928 3 2
928 7 2
928 8 1
928 10 2
929 3 2
929 7 1
929 8 1
930 2 2
930 6 1
930 7 1
930 8 2
930 10 2
931 2 1
931 3 2
931 8 1
931 9 1
932 3 1
932 5 1
932 6 1
932 7 1
932 8 1
933 2 2
933 5 1
933 6 1
933 7 2
933 8 1
933 10 2
934 1 2
934 4 1
934 5 2
934 6 2
934 8 2
934 10 1
935 6 2
935 8 2
936 4 1
936 5 1
936 7 1
936 8 1
936 10 2
937 2 2
937 4 2
937 8 2
938 2 2
938 3 2
938 5 1
938 6 2
938 9 2
939 3 1
939 4 1
939 7 1
939 8 1
939 9 1
939 10 2
940 2 1
940 6 2
940 7 2
940 8 1
940 9 2
941 8 2
941 10 1
942 2 2
942 3 2
942 4 2
942 7 2
942 8 2
942 9 2
942 10 2
943 2 1
943 3 1
943 4 2
943 6 1
943 7 2
943 8 2
943 10 2
944 3 1
944 4 1
944 5 1
944 6 1
944 7 2
944 8 2
944 9 1
945 1 2
945 2 1
945 3 2
945 7 2
945 8 2
945 9 2
945 10 1
946 2 1
946 3 1
946 6 1
946 8 2
946 9 2
946 10 2
947 2 2
947 3 2
947 5 2
947 6 2
947 9 2
948 4 1
948 10 1
949 2 1
949 3 2
949 5 2
949 6 2
949 8 2
949 9 2
949 10 2
950 3 1
950 6 1
950 7 1
950 8 2
950 9 1
950 10 2
951 2 2
951 4 1
951 8 2
951 9 2
951 10 2
952 3 2
952 5 2
952 6 2
952 7 2
952 9 2
953 6 1
953 7 1
953 8 1
953 10 2
954 2 2
954 3 1
954 6 2
954 8 2
954 9 2
954 10 1
955 2 2
955 3 1
955 9 2
955 10 1
956 3 1
956 6 2
956 8 1
957 2 1
957 5 1
957 7 2
957 8 2
958 2 1
958 3 1
958 4 2
958 7 2
958 8 2
958 10 2
959 2 1
959 3 2
959 8 1
959 10 2
960 2 2
960 3 1
960 4 2
960 6 2
960 8 1
960 9 2
961 3 1
961 4 1
961 7 2
961 8 1
961 9 1
961 10 2
962 1 1
962 4 1
962 5 1
962 6 1
962 7 2
962 8 1
962 10 2
963 1 1
963 2 1
963 3 1
963 4 1
963 6 1
963 7 2
963 8 1
964 2 1
964 7 2
964 8 2
964 9 2
964 10 2
965 2 1
965 3 1
965 7 1
965 8 2
965 9 1
965 10 1
966 6 2
966 7 2
966 8 2
966 9 2
966 10 2
967 2 1
967 6 2
967 7 1
967 8 1
967 9 1
968 2 2
968 3 1
968 7 2
968 8 1
968 9 1
968 10 1
969 2 2
969 4 1
969 6 1
969 8 2
969 10 2
970 3 1
970 4 1
970 6 1
970 7 1
971 2 1
971 3 2
971 4 2
971 6 1
971 8 2
971 10 1
972 7 2
972 8 2
972 9 2
973 4 2
973 6 2
973 7 2
973 8 2
974 3 1
974 6 2
974 7 1
974 8 2
974 10 1
975 2 1
975 3 2
975 4 2
975 5 1
975 7 2
975 8 2
975 10 2
976 2 1
976 3 1
976 8 2
977 2 2
977 3 1
977 5 1
977 6 2
977 7 2
977 9 2
977 10 2
978 3 2
978 4 1
978 5 1
978 6 1
978 7 1
978 10 1
979 2 1
979 3 2
979 4 2
979 6 2
979 8 1
979 9 2
980 1 1
980 2 1
980 5 1
980 6 1
980 8 1
980 10 1
981 3 2
981 6 1
981 7 2
981 8 2
981 9 2
981 10 1
982 1 1
982 2 1
982 3 1
982 7 1
982 8 1
982 10 1
983 2 1
983 3 2
983 6 2
983 8 1
983 10 2
984 2 2
984 3 1
984 4 1
984 8 1
984 9 1
985 2 2
985 3 1
985 4 1
985 7 1
985 8 1
985 10 1
986 2 2
986 3 1
986 4 2
986 6 1
986 7 1
986 8 2
986 10 1
987 2 2
987 6 2
987 7 2
987 8 2
987 10 1
988 2 2
988 4 2
988 7 2
988 8 2
988 10 1
989 2 1
989 6 2
989 8 1
989 10 2
990 1 1
990 3 1
990 6 2
990 8 1
990 9 1
990 10 2
991 2 1
991 4 2
991 5 2
991 6 2
991 8 1
991 10 1
992 3 2
992 4 1
992 6 1
992 10 2
993 1 1
993 2 1
993 6 2
993 7 1
993 8 1
993 9 1
993 10 2
994 2 1
994 4 1
994 6 1
994 8 1
995 2 1
995 7 1
996 2 1
996 3 1
996 7 1
996 9 1
996 10 1
997 2 1
997 3 2
997 8 2
997 10 2
998 3 2
998 4 2
998 6 2
998 7 2
998 8 2
998 10 2
999 3 2
999 6 2
999 10 1
1000 1 1
1000 3 1
1000 5 2
1000 7 1
1000 8 1
1000 9 1
