1 1
2 2
3 2
4 1
5 1
6 2
7 1
8 2
9 2
10 1
11 2
12 2
13 1
14 2
15 1
16 1
17 1
18 2
19 1
20 2
21 1
22 2
23 1
24 2
25 1
26 2
27 2
28 1
29 2
30 1
31 1
32 2
33 1
34 1
35 2
36 1
37 1
38 1
39 2
40 1
41 1
42 1
43 2
44 2
45 1
46 2
47 2
48 1
49 1
50 2
51 1
52 2
53 1
54 2
55 1
56 2
57 1
58 2
59 2
60 1
61 2
62 2
63 1
64 2
65 2
66 1
67 1
68 2
69 2
70 2
71 2
72 2
73 2
74 2
75 1
76 2
77 1
78 2
79 2
80 2
81 1
82 1
83 1
84 1
85 1
86 2
87 1
88 2
89 1
90 2
91 1
92 1
93 1
94 2
95 2
96 1
97 1
98 2
99 1
100 1
101 2
102 2
103 2
104 1
105 1
106 2
107 1
108 2
109 1
110 2
111 1
112 2
113 2
114 1
115 1
116 1
117 2
118 1
119 2
120 1
121 1
122 2
123 1
124 1
125 1
126 2
127 2
128 2
129 2
130 2
131 2
132 1
133 2
134 1
135 2
136 2
137 2
138 1
139 1
140 2
141 1
142 2
143 1
144 1
145 2
146 1
147 1
148 2
149 1
150 2
151 1
152 2
153 2
154 2
155 1
156 2
157 1
158 1
159 2
160 2
161 2
162 1
163 2
164 2
165 1
166 2
167 2
168 1
169 1
170 2
171 2
172 1
173 1
174 2
175 1
176 1
177 1
178 2
179 2
180 2
181 1
182 2
183 1
184 2
185 2
186 2
187 1
188 2
189 2
190 1
191 2
192 2
193 2
194 2
195 1
196 1
197 1
198 2
199 2
200 1
201 2
202 2
203 2
204 2
205 1
206 1
207 2
208 1
209 1
210 2
211 2
212 1
213 2
214 2
215 1
216 2
217 1
218 1
219 1
220 1
221 1
222 1
223 1
224 2
225 1
226 2
227 1
228 1
229 2
230 2
231 1
232 1
233 1
234 2
235 1
236 1
237 1
238 2
239 2
240 1
241 2
242 2
243 2
244 2
245 1
246 1
247 1
248 2
249 1
250 1
251 1
252 2
253 1
254 1
255 1
256 1
257 1
258 2
259 1
260 1
261 2
262 2
263 1
264 1
265 2
266 1
267 1
268 2
269 2
270 1
271 1
272 2
273 2
274 2
275 2
276 2
277 2
278 2
279 1
280 1
281 2
282 1
283 1
284 1
285 1
286 1
287 2
288 2
289 1
290 1
291 1
292 1
293 2
294 2
295 1
296 1
297 1
298 1
299 1
300 1
301 1
302 2
303 1
304 1
305 2
306 1
307 2
308 2
309 2
310 1
311 1
312 1
313 1
314 1
315 1
316 2
317 2
318 1
319 2
320 1
321 2
322 2
323 2
324 1
325 2
326 2
327 1
328 1
329 2
330 1
331 2
332 1
333 1
334 1
335 2
336 2
337 1
338 1
339 1
340 2
341 1
342 2
343 2
344 2
345 1
346 2
347 1
348 2
349 1
350 2
351 1
352 1
353 1
354 2
355 2
356 2
357 1
358 1
359 2
360 1
361 2
362 2
363 2
364 2
365 2
366 1
367 1
368 1
369 1
370 2
371 2
372 2
373 2
374 2
375 1
376 2
377 2
378 1
379 2
380 2
381 2
382 1
383 1
384 2
385 2
386 1
387 1
388 1
389 1
390 1
391 1
392 2
393 1
394 2
395 1
396 1
397 2
398 1
399 2
400 1
401 1
402 1
403 2
404 1
405 1
406 1
407 2
408 1
409 1
410 1
411 1
412 1
413 2
414 2
415 2
416 1
417 1
418 2
419 2
420 2
421 1
422 2
423 2
424 2
425 1
426 1
427 2
428 1
429 1
430 2
431 2
432 1
433 1
434 2
435 2
436 1
437 2
438 1
439 1
440 2
441 1
442 2
443 2
444 2
445 1
446 2
447 2
448 2
449 2
450 1
451 2
452 2
453 2
454 1
455 2
456 2
457 1
458 2
459 1
460 2
461 2
462 1
463 1
464 1
465 2
466 2
467 1
468 2
469 1
470 2
471 2
472 1
473 1
474 2
475 1
476 1
477 1
478 1
479 2
480 2
481 2
482 1
483 1
484 1
485 1
486 1
487 1
488 2
489 1
490 1
491 2
492 1
493 2
494 1
495 2
496 2
497 1
498 2
499 1
500 1
501 2
502 2
503 1
504 1
505 1
506 2
507 2
508 1
509 2
510 2
511 2
512 2
513 1
514 2
515 1
516 1
517 1
518 2
519 2
520 2
521 1
522 2
523 2
524 1
525 2
526 1
527 1
528 1
529 1
530 1
531 1
532 2
533 2
534 1
535 1
536 1
537 2
538 2
539 1
540 1
541 2
542 1
543 1
544 1
545 2
546 1
547 1
548 2
549 2
550 1
551 2
552 2
553 2
554 1
555 2
556 1
557 2
558 2
559 1
560 2
561 2
562 1
563 1
564 1
565 2
566 1
567 1
568 2
569 2
570 2
571 2
572 2
573 1
574 2
575 2
576 2
577 1
578 1
579 1
580 2
581 2
582 1
583 1
584 2
585 1
586 2
587 2
588 2
589 1
590 1
591 2
592 2
593 2
594 1
595 1
596 2
597 2
598 1
599 2
600 2
601 2
602 2
603 2
604 2
605 1
606 2
607 2
608 1
609 1
610 2
611 2
612 2
613 2
614 2
615 2
616 2
617 1
618 2
619 2
620 2
621 1
622 2
623 1
624 1
625 1
626 1
627 1
628 1
629 2
630 1
631 1
632 2
633 2
634 1
635 2
636 2
637 2
638 2
639 1
640 2
641 2
642 2
643 1
644 1
645 1
646 1
647 2
648 1
649 1
650 2
651 1
652 1
653 1
654 1
655 2
656 2
657 2
658 1
659 2
660 1
661 1
662 1
663 1
664 2
665 1
666 1
667 1
668 1
669 1
670 2
671 1
672 1
673 2
674 2
675 2
676 1
677 1
678 2
679 2
680 2
681 2
682 2
683 2
684 2
685 1
686 2
687 1
688 1
689 2
690 1
691 2
692 1
693 1
694 2
695 2
696 1
697 2
698 1
699 1
700 1
701 2
702 1
703 1
704 2
705 1
706 2
707 1
708 1
709 1
710 1
711 1
712 2
713 1
714 1
715 2
716 2
717 2
718 1
719 1
720 1
721 2
722 1
723 1
724 2
725 1
726 1
727 1
728 2
729 2
730 1
731 1
732 2
733 1
734 2
735 1
736 2
737 1
738 1
739 2
740 1
741 2
742 1
743 1
744 1
745 1
746 1
747 2
748 1
749 1
750 1
751 2
752 1
753 1
754 2
755 2
756 2
757 2
758 2
759 2
760 1
761 1
762 2
763 1
764 2
765 1
766 1
767 2
768 2
769 1
770 2
771 1
772 2
773 1
774 2
775 1
776 2
777 1
778 2
779 2
780 1
781 1
782 2
783 1
784 2
785 1
786 2
787 1
788 1
789 2
790 1
791 2
792 1
793 2
794 1
795 1
796 1
797 2
798 1
799 1
800 1
801 1
802 2
803 2
804 2
805 2
806 2
807 1
808 1
809 2
810 2
811 2
812 1
813 1
814 1
815 2
816 1
817 1
818 1
819 2
820 2
821 1
822 2
823 1
824 2
825 1
826 2
827 2
828 1
829 2
830 1
831 2
832 2
833 2
834 2
835 1
836 2
837 1
838 1
839 1
840 2
841 1
842 2
843 1
844 1
845 1
846 2
847 2
848 2
849 1
850 2
851 2
852 1
853 1
854 2
855 2
856 2
857 1
858 1
859 2
860 2
861 1
862 2
863 2
864 1
865 2
866 2
867 1
868 1
869 2
870 1
871 2
872 2
873 1
874 1
875 1
876 2
877 1
878 2
879 2
880 2
881 2
882 1
883 1
884 2
885 2
886 2
887 1
888 1
889 2
890 2
891 1
892 2
893 1
894 2
895 1
896 1
897 1
898 2
899 1
900 2
901 1
902 1
903 2
904 1
905 2
906 1
907 1
908 2
909 1
910 2
911 2
912 2
913 1
914 1
915 2
916 2
917 2
918 2
919 1
920 2
921 2
922 1
923 2
924 1
925 2
926 2
927 1
928 1
929 1
930 2
931 1
932 1
933 2
934 2
935 2
936 1
937 1
938 1
939 1
940 1
941 1
942 1
943 2
944 2
945 2
946 2
947 2
948 2
949 2
950 1
951 1
952 2
953 1
954 2
955 1
956 2
957 2
958 1
959 2
960 1
961 1
962 1
963 2
964 1
965 1
966 2
967 2
968 2
969 2
970 2
971 2
972 1
973 2
974 1
975 2
976 1
977 2
978 2
979 2
980 2
981 2
982 2
983 1
984 1
985 1
986 1
987 1
988 2
989 1
990 1
991 1
992 2
993 1
994 2
995 1
996 1
997 2
998 2
999 1
1000 1
