1 1
2 1
3 1
4 1
5 2
6 1
7 1
8 1
9 1
10 1
11 2
12 1
13 2
14 1
15 2
16 1
17 2
18 2
19 1
20 1
21 1
22 2
23 1
24 1
25 1
26 2
27 1
28 2
29 2
30 1
31 1
32 1
33 2
34 2
35 2
36 2
37 1
38 2
39 2
40 1
41 1
42 1
43 2
44 1
45 1
46 1
47 2
48 1
49 1
50 1
51 1
52 1
53 2
54 1
55 1
56 2
57 2
58 1
59 2
60 1
61 1
62 1
63 1
64 1
65 1
66 2
67 2
68 2
69 1
70 1
71 2
72 2
73 2
74 2
75 2
76 1
77 1
78 2
79 2
80 2
81 1
82 2
83 2
84 2
85 1
86 2
87 1
88 1
89 2
90 1
91 1
92 1
93 2
94 2
95 2
96 2
97 2
98 2
99 1
100 2
101 2
102 2
103 2
104 1
105 2
106 2
107 1
108 2
109 2
110 1
111 2
112 1
113 1
114 1
115 2
116 1
117 1
118 1
119 1
120 1
121 1
122 2
123 1
124 1
125 2
126 2
127 1
128 2
129 1
130 1
131 2
132 2
133 1
134 2
135 1
136 2
137 1
138 1
139 1
140 2
141 2
142 2
143 2
144 2
145 1
146 2
147 2
148 1
149 2
150 1
151 2
152 2
153 1
154 2
155 2
156 2
157 1
158 2
159 1
160 2
161 1
162 1
163 1
164 1
165 1
166 1
167 1
168 2
169 2
170 2
171 2
172 1
173 1
174 1
175 2
176 1
177 2
178 2
179 1
180 2
181 2
182 1
183 2
184 1
185 2
186 2
187 1
188 1
189 1
190 1
191 1
192 2
193 1
194 1
195 1
196 2
197 2
198 2
199 2
200 2
201 1
202 1
203 2
204 2
205 2
206 1
207 2
208 1
209 1
210 1
211 2
212 2
213 1
214 2
215 2
216 1
217 2
218 1
219 2
220 2
221 2
222 1
223 2
224 1
225 2
226 2
227 1
228 2
229 2
230 1
231 2
232 1
233 1
234 2
235 1
236 2
237 1
238 2
239 2
240 1
241 1
242 2
243 2
244 1
245 2
246 2
247 1
248 2
249 1
250 1
251 1
252 1
253 2
254 2
255 2
256 2
257 2
258 2
259 2
260 2
261 2
262 1
263 1
264 2
265 2
266 1
267 2
268 2
269 2
270 2
271 1
272 2
273 2
274 2
275 2
276 2
277 1
278 2
279 2
280 2
281 2
282 2
283 2
284 2
285 2
286 1
287 2
288 1
289 2
290 2
291 1
292 2
293 1
294 1
295 1
296 2
297 2
298 2
299 2
300 2
301 1
302 2
303 1
304 2
305 2
306 1
307 2
308 1
309 2
310 1
311 2
312 1
313 1
314 1
315 1
316 2
317 2
318 2
319 1
320 2
321 2
322 1
323 2
324 2
325 1
326 2
327 1
328 1
329 1
330 2
331 1
332 2
333 1
334 1
335 1
336 1
337 1
338 1
339 2
340 2
341 1
342 2
343 1
344 2
345 1
346 2
347 2
348 1
349 1
350 1
351 1
352 2
353 2
354 2
355 2
356 2
357 2
358 1
359 2
360 2
361 1
362 1
363 2
364 2
365 1
366 2
367 1
368 2
369 2
370 1
371 1
372 1
373 2
374 1
375 2
376 1
377 2
378 1
379 1
380 2
381 2
382 1
383 2
384 2
385 1
386 2
387 2
388 1
389 1
390 2
391 1
392 1
393 2
394 1
395 2
396 2
397 2
398 2
399 1
400 2
401 2
402 1
403 2
404 1
405 1
406 1
407 2
408 1
409 1
410 1
411 2
412 2
413 2
414 1
415 2
416 1
417 1
418 2
419 1
420 2
421 1
422 2
423 1
424 1
425 1
426 2
427 2
428 1
429 1
430 2
431 2
432 1
433 1
434 1
435 2
436 2
437 1
438 1
439 2
440 2
441 1
442 2
443 2
444 1
445 1
446 1
447 2
448 1
449 1
450 2
451 1
452 1
453 1
454 1
455 1
456 2
457 1
458 2
459 2
460 1
461 2
462 2
463 1
464 2
465 1
466 2
467 1
468 1
469 2
470 2
471 2
472 1
473 1
474 2
475 1
476 1
477 1
478 2
479 2
480 1
481 2
482 2
483 2
484 1
485 1
486 1
487 2
488 2
489 2
490 2
491 2
492 2
493 2
494 2
495 1
496 2
497 2
498 1
499 2
500 1
501 1
502 1
503 2
504 2
505 2
506 1
507 1
508 2
509 1
510 2
511 1
512 2
513 2
514 1
515 1
516 2
517 2
518 1
519 2
520 2
521 1
522 2
523 2
524 2
525 1
526 2
527 2
528 2
529 1
530 1
531 1
532 1
533 1
534 1
535 2
536 1
537 1
538 2
539 1
540 1
541 1
542 1
543 2
544 2
545 2
546 2
547 2
548 2
549 2
550 1
551 1
552 1
553 1
554 2
555 2
556 1
557 1
558 1
559 2
560 1
561 2
562 1
563 2
564 1
565 2
566 2
567 1
568 2
569 2
570 1
571 1
572 2
573 1
574 1
575 2
576 2
577 2
578 1
579 2
580 1
581 2
582 1
583 2
584 1
585 1
586 2
587 2
588 1
589 1
590 1
591 1
592 2
593 2
594 2
595 1
596 2
597 2
598 2
599 1
600 2
601 1
602 2
603 2
604 2
605 1
606 1
607 2
608 1
609 2
610 1
611 1
612 2
613 1
614 2
615 2
616 2
617 1
618 1
619 1
620 2
621 2
622 1
623 2
624 1
625 2
626 1
627 2
628 2
629 2
630 2
631 2
632 1
633 2
634 1
635 2
636 2
637 2
638 2
639 1
640 2
641 1
642 1
643 2
644 1
645 2
646 1
647 1
648 1
649 2
650 2
651 1
652 1
653 2
654 2
655 2
656 2
657 1
658 1
659 2
660 2
661 2
662 1
663 1
664 1
665 2
666 2
667 1
668 1
669 2
670 2
671 1
672 2
673 2
674 2
675 2
676 2
677 1
678 1
679 2
680 2
681 1
682 1
683 1
684 1
685 2
686 2
687 2
688 1
689 1
690 1
691 2
692 2
693 2
694 2
695 1
696 2
697 2
698 2
699 1
700 2
701 2
702 2
703 2
704 1
705 2
706 2
707 2
708 1
709 2
710 1
711 1
712 2
713 1
714 2
715 2
716 2
717 1
718 2
719 2
720 1
721 2
722 2
723 2
724 2
725 1
726 1
727 1
728 1
729 2
730 2
731 1
732 1
733 2
734 1
735 2
736 2
737 2
738 1
739 1
740 1
741 1
742 2
743 1
744 1
745 1
746 1
747 1
748 1
749 1
750 1
751 2
752 1
753 1
754 2
755 2
756 1
757 1
758 1
759 2
760 1
761 1
762 1
763 2
764 2
765 1
766 1
767 2
768 1
769 2
770 1
771 1
772 1
773 1
774 1
775 1
776 2
777 2
778 2
779 1
780 2
781 2
782 1
783 1
784 2
785 2
786 1
787 2
788 2
789 1
790 1
791 1
792 1
793 1
794 2
795 2
796 1
797 1
798 2
799 2
800 2
801 2
802 1
803 1
804 1
805 2
806 1
807 2
808 2
809 2
810 1
811 1
812 2
813 2
814 1
815 1
816 2
817 1
818 1
819 1
820 1
821 1
822 2
823 1
824 1
825 2
826 2
827 1
828 2
829 2
830 2
831 2
832 2
833 1
834 1
835 2
836 2
837 2
838 2
839 2
840 2
841 2
842 2
843 2
844 2
845 2
846 1
847 1
848 2
849 1
850 2
851 1
852 1
853 2
854 2
855 1
856 1
857 2
858 1
859 2
860 1
861 1
862 1
863 1
864 2
865 1
866 1
867 1
868 1
869 1
870 1
871 2
872 2
873 1
874 2
875 2
876 1
877 2
878 1
879 1
880 1
881 1
882 2
883 2
884 2
885 2
886 1
887 2
888 1
889 2
890 1
891 1
892 1
893 2
894 1
895 2
896 1
897 2
898 2
899 2
900 2
901 2
902 2
903 2
904 2
905 2
906 2
907 2
908 1
909 1
910 2
911 2
912 1
913 1
914 1
915 2
916 2
917 2
918 2
919 1
920 2
921 2
922 1
923 1
924 2
925 1
926 2
927 2
928 2
929 2
930 2
931 1
932 2
933 1
934 2
935 1
936 2
937 2
938 2
939 2
940 1
941 2
942 1
943 1
944 2
945 1
946 1
947 2
948 1
949 2
950 2
951 1
952 1
953 2
954 2
955 2
956 2
957 1
958 2
959 1
960 2
961 2
962 1
963 2
964 2
965 2
966 2
967 2
968 2
969 2
970 2
971 2
972 1
973 1
974 1
975 1
976 2
977 1
978 1
979 1
980 2
981 2
982 1
983 2
984 2
985 2
986 1
987 1
988 1
989 1
990 1
991 1
992 1
993 2
994 1
995 2
996 1
997 1
998 1
999 1
1000 2
1001 1
1002 1
1003 2
1004 2
1005 2
1006 1
1007 2
1008 2
1009 1
1010 1
1011 2
1012 2
1013 1
1014 2
1015 1
1016 1
1017 1
1018 1
1019 1
1020 2
1021 1
1022 1
1023 2
1024 1
1025 2
1026 2
1027 2
1028 2
1029 1
1030 2
1031 1
1032 1
1033 1
1034 2
1035 2
1036 1
1037 2
1038 1
1039 2
1040 1
1041 1
1042 1
1043 1
1044 2
1045 2
1046 2
1047 1
1048 1
1049 2
1050 2
1051 1
1052 1
1053 2
1054 1
1055 2
1056 1
1057 2
1058 2
1059 2
1060 1
1061 1
1062 2
1063 2
1064 1
1065 2
1066 1
1067 1
1068 1
1069 1
1070 2
1071 2
1072 2
1073 1
1074 1
1075 1
1076 2
1077 2
1078 2
1079 1
1080 2
1081 2
1082 2
1083 1
1084 2
1085 2
1086 1
1087 1
1088 2
1089 2
1090 2
1091 1
1092 2
1093 1
1094 2
1095 1
1096 1
1097 1
1098 1
1099 1
1100 1
1101 1
1102 2
1103 1
1104 2
1105 1
1106 1
1107 2
1108 2
1109 2
1110 1
1111 1
1112 1
1113 2
1114 1
1115 2
1116 2
1117 2
1118 2
1119 1
1120 1
1121 2
1122 1
1123 2
1124 1
1125 2
1126 2
1127 2
1128 2
1129 1
1130 2
1131 2
1132 1
1133 1
1134 2
1135 2
1136 1
1137 1
1138 2
1139 2
1140 2
1141 2
1142 1
1143 1
1144 2
1145 2
1146 2
1147 1
1148 1
1149 2
1150 1
1151 2
1152 1
1153 1
1154 2
1155 2
1156 2
1157 1
1158 2
1159 1
1160 2
1161 1
1162 2
1163 1
1164 2
1165 1
1166 2
1167 1
1168 1
1169 2
1170 1
1171 1
1172 2
1173 1
1174 2
1175 1
1176 2
1177 1
1178 2
1179 1
1180 2
1181 2
1182 2
1183 1
1184 1
1185 2
1186 1
1187 2
1188 1
1189 2
1190 1
1191 2
1192 1
1193 2
1194 1
1195 2
1196 1
1197 2
1198 1
1199 2
1200 2
1201 2
1202 2
1203 1
1204 1
1205 2
1206 1
1207 1
1208 2
1209 1
1210 2
1211 2
1212 1
1213 1
1214 1
1215 1
1216 1
1217 2
1218 2
1219 1
1220 2
1221 1
1222 2
1223 1
1224 1
1225 2
1226 1
1227 1
1228 2
1229 1
1230 1
1231 1
1232 2
1233 2
1234 1
1235 2
1236 2
1237 1
1238 1
1239 1
1240 2
1241 1
1242 2
1243 2
1244 1
1245 2
1246 1
1247 1
1248 2
1249 1
1250 1
1251 1
1252 2
1253 2
1254 1
1255 2
1256 1
1257 1
1258 1
1259 2
1260 1
1261 2
1262 1
1263 1
1264 2
1265 2
1266 1
1267 2
1268 2
1269 2
1270 1
1271 2
1272 2
1273 1
1274 1
1275 1
1276 2
1277 1
1278 1
1279 2
1280 2
1281 2
1282 2
1283 1
1284 2
1285 1
1286 2
1287 1
1288 2
1289 2
1290 2
1291 1
1292 1
1293 2
1294 1
1295 1
1296 2
1297 1
1298 1
1299 1
1300 1
1301 1
1302 2
1303 1
1304 1
1305 2
1306 1
1307 2
1308 1
1309 2
1310 2
1311 1
1312 2
1313 2
1314 2
1315 1
1316 2
1317 1
1318 2
1319 2
1320 2
1321 1
1322 1
1323 2
1324 1
1325 2
1326 2
1327 2
1328 1
1329 1
1330 1
1331 2
1332 1
1333 2
1334 2
1335 2
1336 2
1337 1
1338 1
1339 2
1340 2
1341 2
1342 1
1343 1
1344 2
1345 1
1346 2
1347 1
1348 1
1349 2
1350 2
1351 1
1352 1
1353 2
1354 2
1355 2
1356 2
1357 1
1358 1
1359 2
1360 1
1361 2
1362 1
1363 1
1364 2
1365 2
1366 1
1367 1
1368 1
1369 1
1370 1
1371 1
1372 1
1373 1
1374 2
1375 2
1376 2
1377 1
1378 1
1379 1
1380 2
1381 1
1382 1
1383 2
1384 2
1385 2
1386 1
1387 1
1388 2
1389 1
1390 2
1391 2
1392 1
1393 1
1394 2
1395 2
1396 2
1397 2
1398 2
1399 2
1400 2
1401 1
1402 2
1403 2
1404 1
1405 2
1406 1
1407 1
1408 1
1409 1
1410 1
1411 1
1412 2
1413 1
1414 1
1415 1
1416 2
1417 2
1418 2
1419 2
1420 1
1421 2
1422 2
1423 1
1424 1
1425 2
1426 2
1427 1
1428 1
1429 2
1430 2
1431 2
1432 2
1433 1
1434 1
1435 2
1436 1
1437 1
1438 1
1439 2
1440 2
1441 1
1442 1
1443 2
1444 2
1445 2
1446 2
1447 1
1448 1
1449 1
1450 1
1451 2
1452 1
1453 1
1454 1
1455 1
1456 2
1457 1
1458 2
1459 1
1460 1
1461 1
1462 2
1463 1
1464 1
1465 1
1466 2
1467 2
1468 1
1469 2
1470 2
1471 2
1472 1
1473 2
1474 2
1475 2
1476 1
1477 2
1478 2
1479 1
1480 1
1481 1
1482 1
1483 1
1484 2
1485 1
1486 2
1487 1
1488 2
1489 2
1490 2
1491 1
1492 1
1493 1
1494 2
1495 1
1496 2
1497 1
1498 2
1499 1
1500 1
