1 1
2 1
3 1
4 2
5 1
6 1
7 1
8 1
9 2
10 2
11 2
12 2
13 2
14 1
15 1
16 2
17 2
18 1
19 1
20 2
21 1
22 1
23 2
24 2
25 1
26 1
27 2
28 2
29 1
30 1
31 1
32 1
33 1
34 1
35 1
36 2
37 2
38 1
39 1
40 2
41 1
42 2
43 2
44 1
45 2
46 1
47 1
48 1
49 2
50 1
51 1
52 1
53 2
54 1
55 2
56 1
57 1
58 1
59 1
60 2
61 2
62 1
63 1
64 2
65 1
66 1
67 1
68 2
69 1
70 1
71 1
72 2
73 2
74 1
75 2
76 2
77 1
78 2
79 2
80 2
81 1
82 1
83 1
84 2
85 1
86 2
87 2
88 2
89 1
90 1
91 1
92 2
93 2
94 1
95 2
96 2
97 2
98 1
99 1
100 2
101 2
102 2
103 2
104 2
105 2
106 2
107 1
108 2
109 1
110 1
111 2
112 1
113 2
114 1
115 2
116 1
117 2
118 2
119 1
120 2
121 1
122 2
123 1
124 2
125 1
126 2
127 1
128 1
129 1
130 2
131 2
132 1
133 2
134 2
135 1
136 1
137 1
138 2
139 1
140 1
141 1
142 2
143 1
144 1
145 2
146 2
147 1
148 2
149 2
150 2
151 2
152 2
153 1
154 2
155 1
156 2
157 2
158 2
159 1
160 2
161 2
162 2
163 1
164 2
165 2
166 2
167 2
168 1
169 1
170 2
171 1
172 2
173 2
174 1
175 1
176 1
177 1
178 1
179 2
180 1
181 2
182 1
183 1
184 2
185 1
186 1
187 2
188 2
189 1
190 1
191 2
192 2
193 2
194 1
195 2
196 2
197 1
198 1
199 2
200 1
201 1
202 1
203 1
204 1
205 2
206 2
207 2
208 1
209 1
210 2
211 1
212 2
213 2
214 1
215 1
216 2
217 1
218 1
219 2
220 2
221 2
222 2
223 2
224 1
225 1
226 2
227 1
228 2
229 1
230 1
231 1
232 2
233 2
234 1
235 2
236 1
237 1
238 2
239 1
240 2
241 1
242 1
243 1
244 2
245 2
246 1
247 2
248 1
249 1
250 1
251 1
252 1
253 1
254 1
255 1
256 1
257 2
258 1
259 2
260 1
261 2
262 2
263 1
264 1
265 2
266 1
267 2
268 1
269 2
270 2
271 2
272 2
273 2
274 1
275 1
276 2
277 2
278 1
279 2
280 1
281 1
282 2
283 2
284 1
285 1
286 1
287 2
288 2
289 2
290 2
291 1
292 1
293 1
294 2
295 2
296 2
297 1
298 2
299 1
300 2
301 2
302 1
303 1
304 1
305 2
306 2
307 2
308 1
309 2
310 2
311 1
312 2
313 1
314 2
315 2
316 2
317 2
318 1
319 1
320 1
321 1
322 2
323 2
324 2
325 2
326 2
327 2
328 2
329 1
330 2
331 1
332 2
333 1
334 2
335 2
336 2
337 1
338 2
339 2
340 1
341 2
342 1
343 2
344 2
345 1
346 2
347 2
348 1
349 2
350 1
351 2
352 2
353 1
354 1
355 2
356 1
357 1
358 1
359 2
360 2
361 1
362 2
363 1
364 1
365 2
366 2
367 1
368 1
369 2
370 1
371 2
372 1
373 2
374 2
375 2
376 1
377 2
378 1
379 2
380 2
381 1
382 1
383 1
384 2
385 1
386 2
387 2
388 1
389 1
390 2
391 1
392 2
393 2
394 2
395 1
396 2
397 2
398 2
399 2
400 2
401 1
402 1
403 1
404 1
405 2
406 1
407 2
408 2
409 2
410 1
411 2
412 2
413 1
414 2
415 1
416 1
417 2
418 1
419 1
420 2
421 2
422 1
423 1
424 2
425 2
426 1
427 2
428 2
429 2
430 2
431 1
432 2
433 2
434 2
435 2
436 2
437 1
438 2
439 1
440 1
441 2
442 2
443 1
444 1
445 1
446 1
447 1
448 2
449 2
450 1
451 2
452 1
453 2
454 2
455 1
456 2
457 2
458 1
459 2
460 2
461 2
462 1
463 1
464 1
465 2
466 2
467 2
468 1
469 1
470 1
471 1
472 2
473 2
474 2
475 2
476 1
477 2
478 1
479 1
480 1
481 2
482 1
483 2
484 1
485 2
486 2
487 2
488 2
489 1
490 2
491 2
492 1
493 1
494 2
495 1
496 1
497 1
498 1
499 2
500 1
