1 1 1
1 3 2
1 4 1
1 6 1
1 7 1
1 10 1
1 14 2
1 15 1
1 20 1
1 21 2
1 22 1
1 24 2
1 26 2
1 27 1
1 28 2
1 29 1
1 30 2
1 31 2
1 33 1
1 36 1
1 37 1
1 38 1
1 39 2
1 41 1
1 43 1
1 46 1
1 49 1
1 53 1
1 54 1
1 55 2
1 56 1
1 60 2
1 61 1
1 64 1
1 65 1
1 68 1
1 69 1
1 70 1
1 71 1
1 72 1
1 74 1
1 76 1
1 78 1
1 79 2
1 80 1
1 82 1
1 84 1
1 85 2
1 86 1
1 87 2
1 88 1
1 90 1
1 91 1
1 93 2
1 94 1
1 95 1
1 98 1
2 2 2
2 4 1
2 5 1
2 6 1
2 7 1
2 11 1
2 12 1
2 13 1
2 14 1
2 15 2
2 17 1
2 19 1
2 22 2
2 23 2
2 24 1
2 25 1
2 26 1
2 31 2
2 34 1
2 35 2
2 36 1
2 37 1
2 39 1
2 40 2
2 41 2
2 42 2
2 43 1
2 46 1
2 47 2
2 48 1
2 51 1
2 53 2
2 54 1
2 56 1
2 58 1
2 60 1
2 61 1
2 63 1
2 68 1
2 69 1
2 70 2
2 71 2
2 72 1
2 73 1
2 76 1
2 77 1
2 78 2
2 80 2
2 81 2
2 82 2
2 84 1
2 85 1
2 86 1
2 89 2
2 90 1
2 91 2
2 93 2
2 95 1
2 97 1
2 98 1
3 3 1
3 4 2
3 5 1
3 6 2
3 9 2
3 11 2
3 12 2
3 14 2
3 15 2
3 18 1
3 19 1
3 20 1
3 22 1
3 25 2
3 26 2
3 28 1
3 30 2
3 31 2
3 36 2
3 37 2
3 39 2
3 40 2
3 43 2
3 46 2
3 47 2
3 49 2
3 54 1
3 55 2
3 56 2
3 58 1
3 60 1
3 63 2
3 65 2
3 66 2
3 67 2
3 69 1
3 72 2
3 73 2
3 75 2
3 77 2
3 78 2
3 79 1
3 80 2
3 82 1
3 83 2
3 86 2
3 87 2
3 92 2
3 93 2
3 95 2
3 98 1
3 99 1
3 100 1
4 2 1
4 5 1
4 8 1
4 10 1
4 11 1
4 12 1
4 13 1
4 15 2
4 16 1
4 17 1
4 19 1
4 20 2
4 21 2
4 22 2
4 24 2
4 25 1
4 26 2
4 27 2
4 28 1
4 29 1
4 31 1
4 33 1
4 36 2
4 37 1
4 39 2
4 40 2
4 41 2
4 43 1
4 45 1
4 46 2
4 47 1
4 50 2
4 51 1
4 54 1
4 56 2
4 58 1
4 60 1
4 61 1
4 64 2
4 67 1
4 68 1
4 72 1
4 73 2
4 74 1
4 76 1
4 77 1
4 78 2
4 80 2
4 82 2
4 83 1
4 85 2
4 86 2
4 87 1
4 90 2
4 96 2
4 98 1
4 100 2
5 2 1
5 4 1
5 5 1
5 9 1
5 10 1
5 11 1
5 12 1
5 14 1
5 16 1
5 18 2
5 20 2
5 21 2
5 22 1
5 23 2
5 24 1
5 25 2
5 26 1
5 27 2
5 28 1
5 29 1
5 31 1
5 34 1
5 35 2
5 36 2
5 37 1
5 38 1
5 39 2
5 40 2
5 41 2
5 42 2
5 43 1
5 44 1
5 45 1
5 46 1
5 47 2
5 49 2
5 50 1
5 53 1
5 54 1
5 55 1
5 56 1
5 58 1
5 60 1
5 63 2
5 64 1
5 65 1
5 66 1
5 68 1
5 72 2
5 73 1
5 75 1
5 76 2
5 78 1
5 80 2
5 86 1
5 87 1
5 89 1
5 90 1
5 91 1
5 92 2
5 93 2
5 97 1
5 98 1
6 2 1
6 4 2
6 5 2
6 6 2
6 7 2
6 11 2
6 16 2
6 19 1
6 20 2
6 25 2
6 29 2
6 31 1
6 36 2
6 37 2
6 39 1
6 40 2
6 41 2
6 43 2
6 44 2
6 46 2
6 47 2
6 48 2
6 49 1
6 50 2
6 51 2
6 54 2
6 56 2
6 57 2
6 59 2
6 60 2
6 61 2
6 63 2
6 64 1
6 65 2
6 67 2
6 68 2
6 69 2
6 71 2
6 72 2
6 74 2
6 75 1
6 76 2
6 77 2
6 80 2
6 81 2
6 82 1
6 84 2
6 85 2
6 86 2
6 91 2
6 94 2
6 95 1
6 97 1
6 99 1
6 100 1
7 2 2
7 4 2
7 6 1
7 14 2
7 15 2
7 26 2
7 29 1
7 30 2
7 31 1
7 34 2
7 37 2
7 39 2
7 43 2
7 44 2
7 45 2
7 46 1
7 47 1
7 50 1
7 51 2
7 54 2
7 56 1
7 60 1
7 62 2
7 63 2
7 64 1
7 65 2
7 68 1
7 69 1
7 70 2
7 71 1
7 72 2
7 74 2
7 77 1
7 78 2
7 80 2
7 82 2
7 85 1
7 86 2
7 87 2
7 88 1
7 90 2
7 93 2
7 96 1
7 97 1
7 98 1
8 2 1
8 3 1
8 6 1
8 7 1
8 9 2
8 13 1
8 14 1
8 15 1
8 19 1
8 20 2
8 21 1
8 22 1
8 25 1
8 26 1
8 28 1
8 29 1
8 31 1
8 34 1
8 36 1
8 37 1
8 39 1
8 41 1
8 42 1
8 43 1
8 44 1
8 46 2
8 47 1
8 48 1
8 54 1
8 55 2
8 56 1
8 57 1
8 58 1
8 60 2
8 61 1
8 62 1
8 63 1
8 64 1
8 66 1
8 68 2
8 69 1
8 71 2
8 72 1
8 74 1
8 75 1
8 77 1
8 78 2
8 81 1
8 82 1
8 83 1
8 84 2
8 86 1
8 87 1
8 90 1
8 93 2
8 96 1
8 97 1
8 98 1
8 99 2
8 100 2
9 1 1
9 2 2
9 7 1
9 9 2
9 11 1
9 12 1
9 14 1
9 15 1
9 17 1
9 18 2
9 20 1
9 23 1
9 24 1
9 26 1
9 29 1
9 30 1
9 31 1
9 34 1
9 35 1
9 36 2
9 37 1
9 39 1
9 40 1
9 41 2
9 42 1
9 43 1
9 45 1
9 46 1
9 49 1
9 52 1
9 53 1
9 54 1
9 56 2
9 61 2
9 63 1
9 67 1
9 69 1
9 72 1
9 73 1
9 75 1
9 76 2
9 77 1
9 78 1
9 80 1
9 81 2
9 83 1
9 84 1
9 85 1
9 86 2
9 95 1
9 97 1
9 98 1
9 100 2
10 1 1
10 2 1
10 7 2
10 9 1
10 11 1
10 12 1
10 13 1
10 14 2
10 15 2
10 19 1
10 20 1
10 23 1
10 24 1
10 25 1
10 28 1
10 29 1
10 34 1
10 35 1
10 36 2
10 37 1
10 38 1
10 39 2
10 40 1
10 41 1
10 42 1
10 43 2
10 44 1
10 46 1
10 50 1
10 51 1
10 52 2
10 53 2
10 54 2
10 58 1
10 61 1
10 62 2
10 63 1
10 64 1
10 65 2
10 68 1
10 70 1
10 71 1
10 72 1
10 73 2
10 74 1
10 76 1
10 77 1
10 78 1
10 80 2
10 82 2
10 90 1
10 91 1
10 97 1
10 98 1
10 99 2
11 4 1
11 7 1
11 8 1
11 10 1
11 11 1
11 12 2
11 13 1
11 14 2
11 15 2
11 20 2
11 21 2
11 22 2
11 24 1
11 25 1
11 26 1
11 27 2
11 29 1
11 30 1
11 32 1
11 33 1
11 35 1
11 36 1
11 39 1
11 40 2
11 41 2
11 42 1
11 43 1
11 45 1
11 47 1
11 53 2
11 54 2
11 56 1
11 57 2
11 58 1
11 60 1
11 61 1
11 65 1
11 66 1
11 68 1
11 69 1
11 70 1
11 71 2
11 74 2
11 76 2
11 77 1
11 78 1
11 80 1
11 82 1
11 84 1
11 85 1
11 86 2
11 90 2
11 91 1
11 95 1
11 96 2
11 97 1
11 98 1
11 100 2
12 2 1
12 5 1
12 7 1
12 8 1
12 10 1
12 11 2
12 12 1
12 14 1
12 15 1
12 17 1
12 19 1
12 20 2
12 21 2
12 22 1
12 23 1
12 25 2
12 26 1
12 29 1
12 31 1
12 34 1
12 35 2
12 40 1
12 41 2
12 42 2
12 43 1
12 44 1
12 45 1
12 47 1
12 49 2
12 51 2
12 56 1
12 59 1
12 60 2
12 61 1
12 63 1
12 64 1
12 65 1
12 68 2
12 69 1
12 70 2
12 71 2
12 72 1
12 73 2
12 74 1
12 76 1
12 78 1
12 79 1
12 83 1
12 87 2
12 90 1
12 91 1
12 96 1
12 98 1
12 100 2
13 1 2
13 2 2
13 8 2
13 11 2
13 13 1
13 14 2
13 15 2
13 18 1
13 21 2
13 31 1
13 33 2
13 34 1
13 35 2
13 36 2
13 37 2
13 39 1
13 40 2
13 42 1
13 43 2
13 45 2
13 46 2
13 48 2
13 51 2
13 54 2
13 57 2
13 60 2
13 61 1
13 62 2
13 63 2
13 64 2
13 65 2
13 68 2
13 69 1
13 70 2
13 72 2
13 75 2
13 77 2
13 78 1
13 79 2
13 80 1
13 82 2
13 83 2
13 84 1
13 85 1
13 86 2
13 89 1
13 90 2
13 91 2
13 92 1
13 97 1
13 98 1
14 2 1
14 6 1
14 7 1
14 10 1
14 11 2
14 12 1
14 14 1
14 15 1
14 16 1
14 18 2
14 21 1
14 23 1
14 26 1
14 28 2
14 29 1
14 31 1
14 36 1
14 37 1
14 38 1
14 39 2
14 40 2
14 41 2
14 43 1
14 44 1
14 46 1
14 47 1
14 48 1
14 50 1
14 51 1
14 53 1
14 54 1
14 57 1
14 58 1
14 59 1
14 61 1
14 63 2
14 65 1
14 68 1
14 69 1
14 70 1
14 72 2
14 73 1
14 74 1
14 76 2
14 77 1
14 78 1
14 80 2
14 81 1
14 82 1
14 84 2
14 85 2
14 87 2
14 89 1
14 90 1
14 91 1
14 96 1
14 98 1
15 2 2
15 4 1
15 5 2
15 6 1
15 7 1
15 9 2
15 10 1
15 12 2
15 15 2
15 16 2
15 19 1
15 20 2
15 22 2
15 26 1
15 27 2
15 29 2
15 30 2
15 32 2
15 33 2
15 34 2
15 35 2
15 36 2
15 37 2
15 38 2
15 39 1
15 40 1
15 42 1
15 43 2
15 44 1
15 45 2
15 46 1
15 47 2
15 51 2
15 55 2
15 56 2
15 65 2
15 67 2
15 68 2
15 69 1
15 70 1
15 72 1
15 73 2
15 75 1
15 76 2
15 77 1
15 78 2
15 80 1
15 83 2
15 86 2
15 89 1
15 90 2
15 91 2
15 94 1
15 95 1
15 97 1
15 98 1
15 100 1
16 1 1
16 2 1
16 4 1
16 5 1
16 10 2
16 11 2
16 12 1
16 13 1
16 19 1
16 21 1
16 24 2
16 26 1
16 31 1
16 35 2
16 36 1
16 38 1
16 40 2
16 42 2
16 43 1
16 44 2
16 45 1
16 46 1
16 47 1
16 50 1
16 51 2
16 52 1
16 54 1
16 55 2
16 56 2
16 59 1
16 60 1
16 61 2
16 63 1
16 65 1
16 68 1
16 70 1
16 71 2
16 72 1
16 73 1
16 74 1
16 75 1
16 76 2
16 78 2
16 80 1
16 83 1
16 84 2
16 85 1
16 86 1
16 90 2
16 91 1
16 95 2
16 96 1
16 98 1
16 99 2
17 2 1
17 5 1
17 6 1
17 7 1
17 8 1
17 9 1
17 14 1
17 15 1
17 19 1
17 21 2
17 26 2
17 29 1
17 31 2
17 32 2
17 33 1
17 36 2
17 37 1
17 38 1
17 39 2
17 41 2
17 42 2
17 43 1
17 46 2
17 47 1
17 48 2
17 49 2
17 54 2
17 56 2
17 58 1
17 59 1
17 60 2
17 61 1
17 62 2
17 63 2
17 64 1
17 65 1
17 67 1
17 68 1
17 70 1
17 71 1
17 72 1
17 74 1
17 76 1
17 78 2
17 79 1
17 80 2
17 84 2
17 85 2
17 86 2
17 89 2
17 90 1
17 91 2
17 92 2
17 93 1
17 95 1
17 98 1
17 100 2
18 2 1
18 7 2
18 8 1
18 11 1
18 15 1
18 16 1
18 17 2
18 19 2
18 25 2
18 26 1
18 28 1
18 31 2
18 34 2
18 35 1
18 36 1
18 37 1
18 39 1
18 40 2
18 42 2
18 43 1
18 44 2
18 45 1
18 46 1
18 47 1
18 48 2
18 53 1
18 54 1
18 55 2
18 56 2
18 58 1
18 61 1
18 62 1
18 63 2
18 64 1
18 65 2
18 71 1
18 72 1
18 73 2
18 75 1
18 77 1
18 78 1
18 80 1
18 81 1
18 83 1
18 84 2
18 85 2
18 86 1
18 87 1
18 89 1
18 91 1
18 92 1
18 93 2
18 95 2
18 97 1
19 1 2
19 2 2
19 4 2
19 5 2
19 6 2
19 7 1
19 9 2
19 14 1
19 18 1
19 19 1
19 20 2
19 21 2
19 22 1
19 23 2
19 24 2
19 26 2
19 27 2
19 29 2
19 31 1
19 32 2
19 34 2
19 35 2
19 36 2
19 37 2
19 42 2
19 43 2
19 45 2
19 48 2
19 49 2
19 53 2
19 54 2
19 55 2
19 56 1
19 58 2
19 60 2
19 61 1
19 62 2
19 64 2
19 65 2
19 69 2
19 71 2
19 72 2
19 73 2
19 74 1
19 80 1
19 82 2
19 84 2
19 86 2
19 88 1
19 93 2
19 96 2
19 97 1
19 98 1
20 4 1
20 7 2
20 8 1
20 9 2
20 13 2
20 14 2
20 15 2
20 18 2
20 19 1
20 20 2
20 23 2
20 25 2
20 26 2
20 28 2
20 31 2
20 33 2
20 34 1
20 35 2
20 36 2
20 37 2
20 38 2
20 39 2
20 42 2
20 43 2
20 45 2
20 48 2
20 50 2
20 51 2
20 55 2
20 56 2
20 58 2
20 60 2
20 62 1
20 65 2
20 67 2
20 68 1
20 72 2
20 73 1
20 74 1
20 75 2
20 76 2
20 77 1
20 78 2
20 81 2
20 82 2
20 85 1
20 86 2
20 87 2
20 89 2
20 91 2
20 92 2
20 96 2
20 98 1
20 100 1
21 1 2
21 6 2
21 7 1
21 8 2
21 9 1
21 11 2
21 12 1
21 13 2
21 14 2
21 15 2
21 16 2
21 19 2
21 21 2
21 23 1
21 26 2
21 27 1
21 29 2
21 30 2
21 32 2
21 33 2
21 34 2
21 36 2
21 37 2
21 39 2
21 40 2
21 43 2
21 44 1
21 46 1
21 47 2
21 48 1
21 49 1
21 51 2
21 52 2
21 53 2
21 56 2
21 57 2
21 58 1
21 60 2
21 61 2
21 63 2
21 64 2
21 65 2
21 68 1
21 70 2
21 72 2
21 73 1
21 74 2
21 76 2
21 77 2
21 78 2
21 80 2
21 82 1
21 83 2
21 86 2
21 87 1
21 90 2
21 91 2
21 92 2
21 94 1
21 98 1
21 99 1
21 100 1
22 2 1
22 5 2
22 6 1
22 12 1
22 13 1
22 14 1
22 15 1
22 16 1
22 18 1
22 19 1
22 20 2
22 21 2
22 22 1
22 23 1
22 24 2
22 26 2
22 27 1
22 28 1
22 29 1
22 30 1
22 31 2
22 33 1
22 35 2
22 36 2
22 38 1
22 39 1
22 43 1
22 44 2
22 45 1
22 47 2
22 54 1
22 55 2
22 56 1
22 58 1
22 61 1
22 63 2
22 64 1
22 65 2
22 68 1
22 69 1
22 71 1
22 72 1
22 77 1
22 78 1
22 80 2
22 82 2
22 83 1
22 84 1
22 85 2
22 86 1
22 90 1
22 91 1
22 92 1
22 93 2
22 96 1
22 98 1
22 99 2
23 2 1
23 5 2
23 6 2
23 14 1
23 15 2
23 19 2
23 21 1
23 23 1
23 25 2
23 26 1
23 27 1
23 29 1
23 31 2
23 32 2
23 33 2
23 35 2
23 37 2
23 39 2
23 40 2
23 41 2
23 43 2
23 44 1
23 45 2
23 47 2
23 48 2
23 49 2
23 51 2
23 52 2
23 54 1
23 56 2
23 60 1
23 61 2
23 64 1
23 66 2
23 68 1
23 70 2
23 71 2
23 72 1
23 73 2
23 74 2
23 75 1
23 77 2
23 78 1
23 79 2
23 80 2
23 81 2
23 82 2
23 83 2
23 85 2
23 86 2
23 87 2
23 90 1
23 91 1
23 96 2
23 97 1
23 98 1
23 99 1
24 1 1
24 2 2
24 5 2
24 6 1
24 7 1
24 9 1
24 12 1
24 14 1
24 15 1
24 16 1
24 19 1
24 20 2
24 22 1
24 26 2
24 27 1
24 28 1
24 29 1
24 30 1
24 31 1
24 33 1
24 35 1
24 36 1
24 37 1
24 40 1
24 41 1
24 42 1
24 43 1
24 44 1
24 45 1
24 51 2
24 53 1
24 54 1
24 56 1
24 58 1
24 60 2
24 61 1
24 63 1
24 64 1
24 65 1
24 68 1
24 69 1
24 70 1
24 72 1
24 77 1
24 78 1
24 80 1
24 83 1
24 84 2
24 85 2
24 87 1
24 89 1
24 90 2
24 91 2
24 96 2
24 97 1
24 98 1
25 1 2
25 2 2
25 3 2
25 4 2
25 6 1
25 7 1
25 9 2
25 11 2
25 13 1
25 14 2
25 15 2
25 19 2
25 20 2
25 22 2
25 23 2
25 25 2
25 26 1
25 29 2
25 31 2
25 33 2
25 34 1
25 35 2
25 37 1
25 39 2
25 40 2
25 42 1
25 43 2
25 47 1
25 48 2
25 49 2
25 50 2
25 53 2
25 54 1
25 55 2
25 56 2
25 57 2
25 63 1
25 64 2
25 65 2
25 67 1
25 68 2
25 69 2
25 72 2
25 73 1
25 75 2
25 78 1
25 80 2
25 82 2
25 83 2
25 89 2
25 90 2
25 92 2
25 93 2
25 97 1
25 98 1
25 100 1
26 1 1
26 2 1
26 5 2
26 6 1
26 7 2
26 12 2
26 14 2
26 19 1
26 21 2
26 22 2
26 26 2
26 29 2
26 31 1
26 33 2
26 35 2
26 36 2
26 37 2
26 43 2
26 46 2
26 47 2
26 48 2
26 51 2
26 54 1
26 56 1
26 57 2
26 58 2
26 60 2
26 61 2
26 62 2
26 63 1
26 64 1
26 65 2
26 68 2
26 69 1
26 71 2
26 72 2
26 73 2
26 74 2
26 77 1
26 78 1
26 79 2
26 84 1
26 86 2
26 87 2
26 90 2
26 91 2
26 92 2
26 96 2
26 97 1
26 98 1
26 99 1
26 100 1
27 5 2
27 6 1
27 9 2
27 11 2
27 12 2
27 13 1
27 14 2
27 15 1
27 18 2
27 19 1
27 24 2
27 25 2
27 26 2
27 28 1
27 29 2
27 31 2
27 34 1
27 36 2
27 37 2
27 38 2
27 39 2
27 40 2
27 42 2
27 43 2
27 44 1
27 45 2
27 46 2
27 48 2
27 54 2
27 58 1
27 60 2
27 61 2
27 63 2
27 64 1
27 66 1
27 68 1
27 71 2
27 72 2
27 73 2
27 75 2
27 76 2
27 78 2
27 80 2
27 81 2
27 87 1
27 90 1
27 91 2
27 92 2
27 97 1
27 98 1
28 2 2
28 6 1
28 9 1
28 11 2
28 14 1
28 15 1
28 16 2
28 18 1
28 21 2
28 22 1
28 23 1
28 24 2
28 25 2
28 26 1
28 27 1
28 29 1
28 35 2
28 37 1
28 38 1
28 39 1
28 40 1
28 42 1
28 43 1
28 44 1
28 45 1
28 46 2
28 47 1
28 48 2
28 50 1
28 54 2
28 55 2
28 56 1
28 59 1
28 60 1
28 61 2
28 62 1
28 64 1
28 65 1
28 68 1
28 69 2
28 71 1
28 72 1
28 75 1
28 77 1
28 78 1
28 80 1
28 82 1
28 83 1
28 84 2
28 86 1
28 87 1
28 88 1
28 90 1
28 92 1
28 95 1
28 96 2
28 97 1
28 98 1
28 99 2
28 100 2
29 1 1
29 2 1
29 4 1
29 6 1
29 10 1
29 14 1
29 15 1
29 16 1
29 19 1
29 20 2
29 21 1
29 22 1
29 24 1
29 26 2
29 29 1
29 30 1
29 31 2
29 32 1
29 33 2
29 34 1
29 35 1
29 36 1
29 38 2
29 39 2
29 40 1
29 42 2
29 43 1
29 45 1
29 47 1
29 49 1
29 53 1
29 54 2
29 55 2
29 56 1
29 57 2
29 58 1
29 60 2
29 61 1
29 63 1
29 65 1
29 66 1
29 68 1
29 69 2
29 70 2
29 71 1
29 72 1
29 73 1
29 74 1
29 75 1
29 78 1
29 80 1
29 81 1
29 82 1
29 83 1
29 84 1
29 85 1
29 87 2
29 89 1
29 90 1
29 91 2
29 92 2
29 93 2
29 95 1
29 96 1
29 100 2
30 3 2
30 5 1
30 6 2
30 7 2
30 11 2
30 14 2
30 15 2
30 16 2
30 19 2
30 20 2
30 21 1
30 23 2
30 27 2
30 28 1
30 29 1
30 30 2
30 31 2
30 33 2
30 34 2
30 37 2
30 39 2
30 42 1
30 43 2
30 46 2
30 47 1
30 53 2
30 54 2
30 55 2
30 56 2
30 58 2
30 60 2
30 61 1
30 63 1
30 68 1
30 69 2
30 70 2
30 71 2
30 72 2
30 73 2
30 75 2
30 76 2
30 78 2
30 82 1
30 83 2
30 85 2
30 86 2
30 87 1
30 89 1
30 90 1
30 92 2
30 95 2
30 96 2
30 97 1
30 98 1
30 100 1
31 2 2
31 6 2
31 8 2
31 9 2
31 10 2
31 12 2
31 13 2
31 15 2
31 16 2
31 18 2
31 19 1
31 20 2
31 22 2
31 24 2
31 27 1
31 28 2
31 30 2
31 31 2
31 33 2
31 35 2
31 36 1
31 37 2
31 40 2
31 41 2
31 43 2
31 44 1
31 46 1
31 47 2
31 51 2
31 54 2
31 56 2
31 57 2
31 58 2
31 60 2
31 61 2
31 63 2
31 65 2
31 67 1
31 68 1
31 69 2
31 70 1
31 72 1
31 73 2
31 74 2
31 76 2
31 77 1
31 78 1
31 79 2
31 80 2
31 81 2
31 82 1
31 84 1
31 87 2
31 88 2
31 90 1
31 91 2
31 93 2
31 96 2
31 97 1
31 98 1
31 99 1
32 2 2
32 4 1
32 6 1
32 7 1
32 11 2
32 12 1
32 15 1
32 16 2
32 19 1
32 22 2
32 23 2
32 26 1
32 28 1
32 29 1
32 30 1
32 31 1
32 36 1
32 41 2
32 42 1
32 43 1
32 44 2
32 47 1
32 48 1
32 51 2
32 54 1
32 56 1
32 58 2
32 61 1
32 62 1
32 64 1
32 65 1
32 66 1
32 68 1
32 69 1
32 71 1
32 72 1
32 73 2
32 75 1
32 76 1
32 78 2
32 80 2
32 82 1
32 84 1
32 85 1
32 86 1
32 87 1
32 90 1
32 91 1
32 92 1
32 93 2
32 96 1
32 98 1
32 99 2
33 2 2
33 4 1
33 11 2
33 13 2
33 14 1
33 15 1
33 20 2
33 21 1
33 22 2
33 25 2
33 26 1
33 29 2
33 31 2
33 33 2
33 36 2
33 37 2
33 42 2
33 43 2
33 44 1
33 46 2
33 47 2
33 48 2
33 49 2
33 51 2
33 56 1
33 59 1
33 61 2
33 63 2
33 64 2
33 65 2
33 66 2
33 68 1
33 69 1
33 71 2
33 72 2
33 77 1
33 78 2
33 80 2
33 82 1
33 83 2
33 85 2
33 86 2
33 90 1
33 92 1
33 95 1
33 96 1
33 97 1
33 98 1
33 99 1
33 100 1
34 2 1
34 4 1
34 6 1
34 7 1
34 9 1
34 10 1
34 11 1
34 13 1
34 14 2
34 15 2
34 16 1
34 19 1
34 20 2
34 21 1
34 23 1
34 29 2
34 33 1
34 35 1
34 36 1
34 37 1
34 39 2
34 40 2
34 42 1
34 43 1
34 44 1
34 47 1
34 50 1
34 53 1
34 54 2
34 56 2
34 57 1
34 60 1
34 61 1
34 62 1
34 63 1
34 64 2
34 65 1
34 71 1
34 72 2
34 73 1
34 74 1
34 78 1
34 84 1
34 85 1
34 86 1
34 91 1
34 93 2
34 97 1
34 98 1
34 99 2
34 100 2
35 1 1
35 2 1
35 4 1
35 6 1
35 11 1
35 13 1
35 14 1
35 15 2
35 16 1
35 18 1
35 19 2
35 20 1
35 26 1
35 28 1
35 29 1
35 31 1
35 33 2
35 34 1
35 35 2
35 37 1
35 40 2
35 44 1
35 45 1
35 46 1
35 47 1
35 48 1
35 50 1
35 54 1
35 55 1
35 56 1
35 60 1
35 61 1
35 63 1
35 64 1
35 65 1
35 68 1
35 69 1
35 71 2
35 72 1
35 73 2
35 75 1
35 76 2
35 77 1
35 78 1
35 80 2
35 81 1
35 82 2
35 85 1
35 87 2
35 89 1
35 90 1
35 91 2
35 92 1
35 98 1
35 99 2
36 1 1
36 2 2
36 3 1
36 4 1
36 5 1
36 6 1
36 10 1
36 12 2
36 13 2
36 14 1
36 15 1
36 16 1
36 19 1
36 20 2
36 21 1
36 24 1
36 25 2
36 26 1
36 27 1
36 31 1
36 33 2
36 34 1
36 35 1
36 38 2
36 39 2
36 40 2
36 42 1
36 43 1
36 44 1
36 45 2
36 46 1
36 47 2
36 50 2
36 51 1
36 54 1
36 55 1
36 56 2
36 58 2
36 59 1
36 63 2
36 64 2
36 65 1
36 68 1
36 69 1
36 72 1
36 73 2
36 75 2
36 77 1
36 80 1
36 86 1
36 87 2
36 91 1
36 92 1
36 96 1
36 98 1
36 100 2
37 1 1
37 2 1
37 6 1
37 11 1
37 13 1
37 14 1
37 23 1
37 27 1
37 29 1
37 33 1
37 34 1
37 36 1
37 37 1
37 38 1
37 39 1
37 40 2
37 41 1
37 43 1
37 46 2
37 47 1
37 49 2
37 54 2
37 57 2
37 58 1
37 60 1
37 64 2
37 68 2
37 69 1
37 70 1
37 71 1
37 72 1
37 77 1
37 78 2
37 80 1
37 82 1
37 84 1
37 85 1
37 86 1
37 89 1
37 90 1
37 93 1
37 97 1
37 98 1
37 100 2
38 4 2
38 5 1
38 6 2
38 7 2
38 10 2
38 11 1
38 13 2
38 14 2
38 15 1
38 20 2
38 21 2
38 23 2
38 25 2
38 26 1
38 27 2
38 28 2
38 29 2
38 34 1
38 35 2
38 36 1
38 39 2
38 41 1
38 43 2
38 45 2
38 46 2
38 47 2
38 48 2
38 54 2
38 56 2
38 58 2
38 60 2
38 61 2
38 62 2
38 65 2
38 66 2
38 67 2
38 68 1
38 69 1
38 71 2
38 72 1
38 73 1
38 74 2
38 75 2
38 76 2
38 78 2
38 80 1
38 82 1
38 85 2
38 86 2
38 87 1
38 90 1
38 91 2
38 92 2
38 94 1
38 95 2
38 98 1
39 2 2
39 3 1
39 4 1
39 5 2
39 6 2
39 11 2
39 14 2
39 15 2
39 20 1
39 21 2
39 22 1
39 24 2
39 26 1
39 27 2
39 28 2
39 29 2
39 35 2
39 39 2
39 43 2
39 44 2
39 45 2
39 46 2
39 47 1
39 51 2
39 54 2
39 55 1
39 56 2
39 58 2
39 60 2
39 63 1
39 67 2
39 68 1
39 69 2
39 72 1
39 74 2
39 75 2
39 78 2
39 80 2
39 81 2
39 82 1
39 83 2
39 85 1
39 86 2
39 87 2
39 91 1
39 93 1
39 95 2
39 96 1
39 98 1
39 99 1
39 100 1
40 4 1
40 6 1
40 7 1
40 9 2
40 14 2
40 16 2
40 19 2
40 20 1
40 23 2
40 24 2
40 26 2
40 28 2
40 30 2
40 31 2
40 32 2
40 36 1
40 37 2
40 38 1
40 39 2
40 41 1
40 42 2
40 43 2
40 44 1
40 45 2
40 48 2
40 50 2
40 54 2
40 55 1
40 56 2
40 58 1
40 60 1
40 62 1
40 63 2
40 65 2
40 66 2
40 68 2
40 69 2
40 71 2
40 72 2
40 73 2
40 74 2
40 75 1
40 77 2
40 78 1
40 81 2
40 84 2
40 86 1
40 88 2
40 90 2
40 91 2
40 92 2
40 93 2
40 96 2
40 98 1
40 99 1
41 2 2
41 10 1
41 11 1
41 13 1
41 14 2
41 15 1
41 18 1
41 19 1
41 20 2
41 21 1
41 22 2
41 24 2
41 26 1
41 27 2
41 28 1
41 29 1
41 31 1
41 35 2
41 36 2
41 37 2
41 38 1
41 39 2
41 40 2
41 42 1
41 43 2
41 44 1
41 46 2
41 51 1
41 54 2
41 56 1
41 57 2
41 60 2
41 61 2
41 65 2
41 68 2
41 71 2
41 74 2
41 76 2
41 77 2
41 80 2
41 85 2
41 86 2
41 87 2
41 89 2
41 90 2
41 91 2
41 92 2
41 94 2
41 95 2
41 97 1
41 98 1
42 2 1
42 4 2
42 6 1
42 9 2
42 11 1
42 12 2
42 14 2
42 15 1
42 16 2
42 19 2
42 20 2
42 21 1
42 22 1
42 26 2
42 27 2
42 29 2
42 31 2
42 33 2
42 34 1
42 35 2
42 36 2
42 37 2
42 38 1
42 42 1
42 43 2
42 47 2
42 51 2
42 52 2
42 54 2
42 55 2
42 56 2
42 60 1
42 61 2
42 63 1
42 64 2
42 66 2
42 67 2
42 68 2
42 70 1
42 71 1
42 72 2
42 73 1
42 75 1
42 76 2
42 77 2
42 78 2
42 83 2
42 84 2
42 85 1
42 86 2
42 88 2
42 90 1
42 91 1
42 96 1
42 97 1
42 98 1
43 2 1
43 5 2
43 6 1
43 7 1
43 8 1
43 9 2
43 13 1
43 14 1
43 15 1
43 16 1
43 17 1
43 21 1
43 24 1
43 25 1
43 27 1
43 28 2
43 29 1
43 30 1
43 31 1
43 32 2
43 33 2
43 34 1
43 35 1
43 37 1
43 39 2
43 42 1
43 45 1
43 47 1
43 51 1
43 56 1
43 60 1
43 61 2
43 62 1
43 65 2
43 68 1
43 69 1
43 71 1
43 72 1
43 73 1
43 78 1
43 80 1
43 81 1
43 82 1
43 86 1
43 87 1
43 90 1
43 91 2
43 92 1
43 94 1
43 100 2
44 2 2
44 6 1
44 9 2
44 10 1
44 11 1
44 13 1
44 14 2
44 16 1
44 19 1
44 20 2
44 21 1
44 25 1
44 26 1
44 27 1
44 28 2
44 29 1
44 31 1
44 33 2
44 34 2
44 35 1
44 37 1
44 38 1
44 39 1
44 40 1
44 41 2
44 42 1
44 43 1
44 44 2
44 47 1
44 50 2
44 51 1
44 53 2
44 55 2
44 56 1
44 58 1
44 60 2
44 61 1
44 62 1
44 63 1
44 66 1
44 68 1
44 69 1
44 71 1
44 72 1
44 73 2
44 75 2
44 77 1
44 80 1
44 82 1
44 83 1
44 84 2
44 86 1
44 87 1
44 90 1
44 91 1
44 98 1
44 100 2
45 2 2
45 5 2
45 6 1
45 7 1
45 11 2
45 12 2
45 15 2
45 16 2
45 18 1
45 19 2
45 20 2
45 21 2
45 23 2
45 24 2
45 25 2
45 26 1
45 29 1
45 31 2
45 34 2
45 35 2
45 37 2
45 39 2
45 40 2
45 41 1
45 43 2
45 47 1
45 48 2
45 50 2
45 52 1
45 53 2
45 54 1
45 56 1
45 58 2
45 60 2
45 63 2
45 64 1
45 65 2
45 68 1
45 69 2
45 70 2
45 71 2
45 72 1
45 74 1
45 75 1
45 78 2
45 79 2
45 80 1
45 82 2
45 83 2
45 85 1
45 86 2
45 89 1
45 90 1
45 91 2
45 92 2
45 93 2
45 96 2
45 97 1
45 98 1
45 100 1
46 2 2
46 4 2
46 5 2
46 6 1
46 11 1
46 13 2
46 14 2
46 15 1
46 19 1
46 23 2
46 26 2
46 27 2
46 29 1
46 31 2
46 35 2
46 36 2
46 39 1
46 41 2
46 42 2
46 43 1
46 47 2
46 49 2
46 51 2
46 54 1
46 56 2
46 58 2
46 60 2
46 61 2
46 62 2
46 63 1
46 64 1
46 65 2
46 67 2
46 68 2
46 71 2
46 74 2
46 76 2
46 78 2
46 83 2
46 84 2
46 85 2
46 86 2
46 89 1
46 90 2
46 95 2
46 96 2
46 98 1
46 99 1
46 100 1
47 1 2
47 3 2
47 4 2
47 5 2
47 7 1
47 9 1
47 10 1
47 11 1
47 13 1
47 14 1
47 15 1
47 16 2
47 18 2
47 20 2
47 22 2
47 23 2
47 26 2
47 27 1
47 31 1
47 37 1
47 39 1
47 40 1
47 43 1
47 44 1
47 46 1
47 49 1
47 50 1
47 51 1
47 54 1
47 56 1
47 60 2
47 61 1
47 62 1
47 65 2
47 67 1
47 68 1
47 69 1
47 71 1
47 72 2
47 73 1
47 77 1
47 78 2
47 79 2
47 80 1
47 81 1
47 82 1
47 84 1
47 86 2
47 87 1
47 89 2
47 90 1
47 91 1
47 93 1
47 95 1
47 96 2
47 98 1
48 2 2
48 3 1
48 5 1
48 6 2
48 8 2
48 12 1
48 14 2
48 15 2
48 16 2
48 19 2
48 21 2
48 24 2
48 26 2
48 29 1
48 32 2
48 33 2
48 34 2
48 35 2
48 36 2
48 37 2
48 38 2
48 39 2
48 40 2
48 42 2
48 45 2
48 46 2
48 47 1
48 49 1
48 51 2
48 54 2
48 56 2
48 58 2
48 60 2
48 63 2
48 64 2
48 65 2
48 68 2
48 69 1
48 72 2
48 74 2
48 75 1
48 78 1
48 81 2
48 82 1
48 84 2
48 86 2
48 90 2
48 92 2
48 97 1
48 98 1
48 99 1
48 100 1
49 2 2
49 6 2
49 7 2
49 9 2
49 11 1
49 15 2
49 21 2
49 22 2
49 23 2
49 26 1
49 28 1
49 29 1
49 31 1
49 33 2
49 35 2
49 37 2
49 38 2
49 39 2
49 41 2
49 43 1
49 44 2
49 45 2
49 47 2
49 49 1
49 54 1
49 56 2
49 57 1
49 62 1
49 64 2
49 65 2
49 68 1
49 69 2
49 71 2
49 72 2
49 73 2
49 74 2
49 75 2
49 76 2
49 78 2
49 80 2
49 81 2
49 82 2
49 84 2
49 85 1
49 86 2
49 88 2
49 90 2
49 91 2
49 93 2
49 94 1
49 95 2
49 98 1
49 99 1
50 2 1
50 4 1
50 5 2
50 6 1
50 9 2
50 11 1
50 12 2
50 13 1
50 14 2
50 15 1
50 16 1
50 19 2
50 20 2
50 22 2
50 23 1
50 24 1
50 25 1
50 26 2
50 27 2
50 29 1
50 30 2
50 31 1
50 33 1
50 34 2
50 35 2
50 36 2
50 37 1
50 39 1
50 40 2
50 43 1
50 46 2
50 47 1
50 48 1
50 53 1
50 54 1
50 56 1
50 58 1
50 60 1
50 61 2
50 62 1
50 63 1
50 65 1
50 66 1
50 68 1
50 69 1
50 70 1
50 72 1
50 75 1
50 79 1
50 82 1
50 84 2
50 85 1
50 86 1
50 90 1
50 92 2
50 93 2
50 95 2
50 98 1
51 2 2
51 4 1
51 6 2
51 10 2
51 14 2
51 15 1
51 16 2
51 20 2
51 23 1
51 26 2
51 27 2
51 28 2
51 29 1
51 30 2
51 33 2
51 34 1
51 35 2
51 37 2
51 38 1
51 40 2
51 41 2
51 43 2
51 44 2
51 45 2
51 47 1
51 48 1
51 51 2
51 54 2
51 55 1
51 56 2
51 58 2
51 60 1
51 61 2
51 62 2
51 63 2
51 64 2
51 65 2
51 66 1
51 68 1
51 70 1
51 72 1
51 73 2
51 77 2
51 78 2
51 80 1
51 81 2
51 82 1
51 85 2
51 86 2
51 87 1
51 89 1
51 91 2
51 92 2
51 96 2
51 97 1
51 98 1
51 100 1
52 5 2
52 6 1
52 7 2
52 10 2
52 11 2
52 12 1
52 13 1
52 14 2
52 15 2
52 19 1
52 22 1
52 24 2
52 26 1
52 27 1
52 29 2
52 32 2
52 35 2
52 36 2
52 37 2
52 39 2
52 40 2
52 42 2
52 43 2
52 44 2
52 46 2
52 48 1
52 51 2
52 53 2
52 56 1
52 60 1
52 64 2
52 65 2
52 68 1
52 70 2
52 71 2
52 72 2
52 73 2
52 75 2
52 76 2
52 81 2
52 82 2
52 85 2
52 86 2
52 87 1
52 88 2
52 90 2
52 91 2
52 93 2
52 96 2
52 97 1
53 2 1
53 3 2
53 5 1
53 6 2
53 11 1
53 12 1
53 13 1
53 14 2
53 15 1
53 17 2
53 19 2
53 21 2
53 25 2
53 26 2
53 27 1
53 28 2
53 31 2
53 33 2
53 35 2
53 36 2
53 37 2
53 38 2
53 39 2
53 40 2
53 43 1
53 44 2
53 45 2
53 46 2
53 47 2
53 53 1
53 54 1
53 55 2
53 56 1
53 57 1
53 60 2
53 61 2
53 63 2
53 65 2
53 68 1
53 70 2
53 72 1
53 73 2
53 74 2
53 75 2
53 78 1
53 80 2
53 81 2
53 82 2
53 83 2
53 84 1
53 85 1
53 86 1
53 87 1
53 89 2
53 90 2
53 95 2
53 97 1
53 99 1
54 1 1
54 2 1
54 3 1
54 4 1
54 6 1
54 9 2
54 10 1
54 11 2
54 14 2
54 15 1
54 16 2
54 19 2
54 22 1
54 24 2
54 27 1
54 28 1
54 29 1
54 30 1
54 31 1
54 33 2
54 36 2
54 37 1
54 39 1
54 41 2
54 42 2
54 43 1
54 44 1
54 48 2
54 49 2
54 50 1
54 51 1
54 54 2
54 56 1
54 57 1
54 58 2
54 60 1
54 64 1
54 65 1
54 66 1
54 68 1
54 69 1
54 70 1
54 71 1
54 73 1
54 74 1
54 75 1
54 76 2
54 78 1
54 82 1
54 83 1
54 84 1
54 85 1
54 87 2
54 89 2
54 90 1
54 91 1
54 93 2
54 96 1
54 97 1
54 98 1
55 2 1
55 6 1
55 11 1
55 13 1
55 14 1
55 15 1
55 16 2
55 17 2
55 18 1
55 20 2
55 21 2
55 23 1
55 26 2
55 28 1
55 29 1
55 31 2
55 32 2
55 34 1
55 35 1
55 36 1
55 38 1
55 39 1
55 41 2
55 43 1
55 44 1
55 45 1
55 49 1
55 51 1
55 54 1
55 56 1
55 58 1
55 61 2
55 62 1
55 63 1
55 65 1
55 68 1
55 69 2
55 71 1
55 72 1
55 75 1
55 76 1
55 77 1
55 78 2
55 80 2
55 81 1
55 82 1
55 83 1
55 84 1
55 85 1
55 86 2
55 87 2
55 91 1
55 92 1
55 93 1
55 95 1
55 97 1
55 98 1
56 1 2
56 2 2
56 3 2
56 4 1
56 5 1
56 6 1
56 10 2
56 12 1
56 13 2
56 14 2
56 15 2
56 18 2
56 19 2
56 21 2
56 22 2
56 26 2
56 29 1
56 35 2
56 36 2
56 37 2
56 39 2
56 43 2
56 44 2
56 45 2
56 46 2
56 47 1
56 48 2
56 51 2
56 53 2
56 54 2
56 56 2
56 57 2
56 58 1
56 63 1
56 64 1
56 65 2
56 67 2
56 68 2
56 69 2
56 70 2
56 71 2
56 75 2
56 77 2
56 79 2
56 81 2
56 82 2
56 85 1
56 90 2
56 91 1
56 95 2
56 97 1
56 98 1
57 2 2
57 4 1
57 6 1
57 11 1
57 12 1
57 13 1
57 15 1
57 16 1
57 19 1
57 27 1
57 28 1
57 29 1
57 30 1
57 31 1
57 32 1
57 36 1
57 37 1
57 39 2
57 40 1
57 41 2
57 43 1
57 44 1
57 46 1
57 48 1
57 49 2
57 51 1
57 53 1
57 54 1
57 56 2
57 57 1
57 58 1
57 59 1
57 61 1
57 65 1
57 68 1
57 69 2
57 72 1
57 73 1
57 75 1
57 76 2
57 77 1
57 78 1
57 80 1
57 82 1
57 83 1
57 85 1
57 86 1
57 87 1
57 90 1
57 91 1
57 93 1
57 96 2
57 97 1
57 98 1
58 1 1
58 2 2
58 4 2
58 6 1
58 8 1
58 9 2
58 11 2
58 12 2
58 13 1
58 14 2
58 15 1
58 16 1
58 20 2
58 21 2
58 24 2
58 26 2
58 28 2
58 29 1
58 31 1
58 37 2
58 38 1
58 39 2
58 41 2
58 42 2
58 43 1
58 44 1
58 45 2
58 49 2
58 50 1
58 51 1
58 52 2
58 54 1
58 56 2
58 58 1
58 60 2
58 61 2
58 62 2
58 63 2
58 64 2
58 65 2
58 71 2
58 72 1
58 73 2
58 74 2
58 75 2
58 76 2
58 77 1
58 80 2
58 82 1
58 85 2
58 86 2
58 90 2
58 92 2
58 97 1
58 98 1
58 99 1
59 2 2
59 6 2
59 10 2
59 12 2
59 14 2
59 15 2
59 16 2
59 18 2
59 19 1
59 21 1
59 23 2
59 25 2
59 26 1
59 27 2
59 28 2
59 29 2
59 31 1
59 33 2
59 34 2
59 35 2
59 37 2
59 38 2
59 39 2
59 40 2
59 42 2
59 43 1
59 46 2
59 47 2
59 48 2
59 49 1
59 51 2
59 53 2
59 55 2
59 56 2
59 60 1
59 64 2
59 65 2
59 68 2
59 70 1
59 71 1
59 72 2
59 73 2
59 74 2
59 75 2
59 78 1
59 82 1
59 84 2
59 85 2
59 86 2
59 87 2
59 89 2
59 90 2
59 91 2
59 93 1
59 95 1
59 98 1
59 99 1
60 2 2
60 4 2
60 5 2
60 6 2
60 7 1
60 11 1
60 13 1
60 14 2
60 16 2
60 23 2
60 25 1
60 26 2
60 27 2
60 29 2
60 30 2
60 33 2
60 34 2
60 36 1
60 37 2
60 39 2
60 41 1
60 42 2
60 43 2
60 44 2
60 45 2
60 46 1
60 47 2
60 54 2
60 55 2
60 60 2
60 63 2
60 64 1
60 65 2
60 68 2
60 69 2
60 71 1
60 72 2
60 73 2
60 74 2
60 76 2
60 77 2
60 78 2
60 79 2
60 80 2
60 82 2
60 83 1
60 84 2
60 85 1
60 86 2
60 89 2
60 90 2
60 91 1
60 97 1
60 98 1
60 100 1
61 4 1
61 5 1
61 6 1
61 7 1
61 10 2
61 11 2
61 14 2
61 15 2
61 21 1
61 23 2
61 24 2
61 26 1
61 27 1
61 29 1
61 30 2
61 34 1
61 36 2
61 39 2
61 40 2
61 42 1
61 43 2
61 44 2
61 46 2
61 47 1
61 54 2
61 58 2
61 61 2
61 63 2
61 64 2
61 65 2
61 66 2
61 70 1
61 71 1
61 72 2
61 75 2
61 76 2
61 78 2
61 81 1
61 84 2
61 86 2
61 89 1
61 91 2
61 95 2
61 97 1
61 98 1
61 99 1
62 2 1
62 5 1
62 6 1
62 9 1
62 11 1
62 13 1
62 14 1
62 15 1
62 17 1
62 20 2
62 22 2
62 23 1
62 24 1
62 26 1
62 28 1
62 29 1
62 31 2
62 34 2
62 35 1
62 36 1
62 37 1
62 38 1
62 39 1
62 40 2
62 41 2
62 43 1
62 45 1
62 46 1
62 48 1
62 49 1
62 54 1
62 55 2
62 56 1
62 57 2
62 58 2
62 61 2
62 62 1
62 63 2
62 64 1
62 65 1
62 67 2
62 68 1
62 69 1
62 71 1
62 72 1
62 73 1
62 75 1
62 76 1
62 77 1
62 78 2
62 80 1
62 81 1
62 82 1
62 86 2
62 87 2
62 90 1
62 91 2
62 92 2
62 95 2
62 97 1
62 98 1
63 2 2
63 5 2
63 6 1
63 11 2
63 13 2
63 14 2
63 16 2
63 17 2
63 18 1
63 21 2
63 23 1
63 25 2
63 26 2
63 29 1
63 31 2
63 32 2
63 33 2
63 35 2
63 36 1
63 37 2
63 39 2
63 40 2
63 41 2
63 43 2
63 45 2
63 46 2
63 49 2
63 51 2
63 53 1
63 54 2
63 56 2
63 58 1
63 61 2
63 63 2
63 65 2
63 68 2
63 69 1
63 71 2
63 72 2
63 74 2
63 77 1
63 78 1
63 81 2
63 82 1
63 85 2
63 86 2
63 87 2
63 94 2
63 95 2
63 98 1
63 100 1
64 1 1
64 2 2
64 5 1
64 6 1
64 8 1
64 9 1
64 11 1
64 12 1
64 14 1
64 15 1
64 16 2
64 19 1
64 26 1
64 27 1
64 28 1
64 30 1
64 31 1
64 36 1
64 37 1
64 42 1
64 43 1
64 44 1
64 45 1
64 46 2
64 47 1
64 49 2
64 51 2
64 53 1
64 54 1
64 55 1
64 56 2
64 60 1
64 64 1
64 65 1
64 66 1
64 67 1
64 68 1
64 69 1
64 70 1
64 71 2
64 72 1
64 73 2
64 74 1
64 78 2
64 80 1
64 84 1
64 86 1
64 90 2
64 91 1
64 92 2
64 93 2
64 94 1
64 96 1
64 97 1
64 100 2
65 2 2
65 4 1
65 5 1
65 6 1
65 12 1
65 14 1
65 15 1
65 16 2
65 19 2
65 20 2
65 21 2
65 22 2
65 26 2
65 28 2
65 31 1
65 33 2
65 37 2
65 39 2
65 40 2
65 41 2
65 42 1
65 43 2
65 44 2
65 45 2
65 47 2
65 52 2
65 56 1
65 58 2
65 60 2
65 61 2
65 63 1
65 64 2
65 65 2
65 67 1
65 68 2
65 69 1
65 70 1
65 72 2
65 73 2
65 74 1
65 75 2
65 76 2
65 77 1
65 78 2
65 81 2
65 82 2
65 83 1
65 86 1
65 87 2
65 90 2
65 92 1
65 93 2
65 95 2
65 96 2
65 97 1
65 98 1
66 1 1
66 2 1
66 4 1
66 5 2
66 6 1
66 7 1
66 8 2
66 9 2
66 11 2
66 13 1
66 14 2
66 15 1
66 16 1
66 19 1
66 22 1
66 23 1
66 24 2
66 25 1
66 26 1
66 29 2
66 32 2
66 34 1
66 36 1
66 37 1
66 39 2
66 40 2
66 41 1
66 43 1
66 45 1
66 46 2
66 47 2
66 48 1
66 52 1
66 54 1
66 56 1
66 58 1
66 61 1
66 62 1
66 63 1
66 65 1
66 68 1
66 69 1
66 71 2
66 72 2
66 73 2
66 74 1
66 76 1
66 78 1
66 80 2
66 82 1
66 83 1
66 86 1
66 87 2
66 90 1
66 91 2
66 92 2
66 95 1
66 96 2
66 97 1
66 99 2
67 2 1
67 3 1
67 6 1
67 7 2
67 9 1
67 11 1
67 12 1
67 14 2
67 15 1
67 19 1
67 20 1
67 21 2
67 25 1
67 27 2
67 29 2
67 34 2
67 36 1
67 37 1
67 38 1
67 40 2
67 42 2
67 43 1
67 45 1
67 46 1
67 50 1
67 51 1
67 52 1
67 54 1
67 55 2
67 59 1
67 61 1
67 63 1
67 64 1
67 65 2
67 66 1
67 71 1
67 72 1
67 74 1
67 75 1
67 77 1
67 79 2
67 80 2
67 82 1
67 84 1
67 86 1
67 90 1
67 93 1
67 96 2
67 97 1
67 98 1
67 99 2
68 2 1
68 4 2
68 6 2
68 11 1
68 13 2
68 16 2
68 19 1
68 20 2
68 21 2
68 26 2
68 27 2
68 29 1
68 31 1
68 34 1
68 35 2
68 37 2
68 39 2
68 40 2
68 41 2
68 42 2
68 43 2
68 44 2
68 45 2
68 46 2
68 47 2
68 48 2
68 49 2
68 51 2
68 53 2
68 54 1
68 55 2
68 56 2
68 57 2
68 58 2
68 60 2
68 63 2
68 64 2
68 65 2
68 66 2
68 67 2
68 68 1
68 69 1
68 70 1
68 72 2
68 75 1
68 77 2
68 78 2
68 81 2
68 82 2
68 83 2
68 84 1
68 86 2
68 87 2
68 90 2
68 91 1
68 95 2
68 96 2
68 97 1
68 98 1
68 99 1
68 100 1
69 1 2
69 2 2
69 3 1
69 4 1
69 5 1
69 6 2
69 8 1
69 9 2
69 10 2
69 11 2
69 12 2
69 13 1
69 14 2
69 16 2
69 21 1
69 22 2
69 25 2
69 26 1
69 27 2
69 29 2
69 31 1
69 32 2
69 35 2
69 36 2
69 37 2
69 39 2
69 40 1
69 42 2
69 43 2
69 44 2
69 46 2
69 51 2
69 52 2
69 53 2
69 54 1
69 56 1
69 58 1
69 60 1
69 62 2
69 65 2
69 66 1
69 68 2
69 69 2
69 72 2
69 75 2
69 76 2
69 78 1
69 80 2
69 82 2
69 83 1
69 86 2
69 87 2
69 88 2
69 89 1
69 90 1
69 91 1
69 92 1
69 93 2
69 97 1
69 99 1
70 2 2
70 6 2
70 9 2
70 12 2
70 14 2
70 15 2
70 16 2
70 21 2
70 22 2
70 24 2
70 25 2
70 26 2
70 27 2
70 28 2
70 29 2
70 33 2
70 34 2
70 35 2
70 36 2
70 39 2
70 41 2
70 42 2
70 43 2
70 45 2
70 46 2
70 47 2
70 48 2
70 50 2
70 52 2
70 55 2
70 56 2
70 57 2
70 58 2
70 61 2
70 62 2
70 64 1
70 65 2
70 68 1
70 69 1
70 70 2
70 72 2
70 73 1
70 74 2
70 75 1
70 77 1
70 78 2
70 81 2
70 83 1
70 90 2
70 92 1
70 93 2
70 98 1
71 3 2
71 6 1
71 7 1
71 9 1
71 11 2
71 14 1
71 15 2
71 16 2
71 19 1
71 20 2
71 22 2
71 23 1
71 24 2
71 26 1
71 29 2
71 31 1
71 32 2
71 34 2
71 35 1
71 36 1
71 37 1
71 39 1
71 40 2
71 41 1
71 43 1
71 44 1
71 45 1
71 46 2
71 47 1
71 49 1
71 52 1
71 55 2
71 56 1
71 57 2
71 59 1
71 61 2
71 63 2
71 64 1
71 65 1
71 68 1
71 69 1
71 70 1
71 72 1
71 73 1
71 74 1
71 75 1
71 76 2
71 77 1
71 78 1
71 80 1
71 81 1
71 82 1
71 83 1
71 84 1
71 86 1
71 87 1
71 90 2
71 91 1
71 95 1
71 96 2
71 98 1
71 99 2
72 1 1
72 2 1
72 3 1
72 6 1
72 9 1
72 11 1
72 12 1
72 14 1
72 15 1
72 19 2
72 20 2
72 21 1
72 26 1
72 29 1
72 33 1
72 35 2
72 38 1
72 39 1
72 40 1
72 42 1
72 43 1
72 45 1
72 46 1
72 47 1
72 49 2
72 54 1
72 56 2
72 58 1
72 59 1
72 63 1
72 64 1
72 65 1
72 68 1
72 69 1
72 71 2
72 72 1
72 73 2
72 75 1
72 76 2
72 77 1
72 78 2
72 82 1
72 84 1
72 85 1
72 86 2
72 87 2
72 89 1
72 90 1
72 91 1
72 92 1
72 95 1
72 96 1
72 97 1
72 98 1
72 99 2
73 1 1
73 2 2
73 6 1
73 9 1
73 11 2
73 13 1
73 14 2
73 15 1
73 16 1
73 19 1
73 20 1
73 22 1
73 24 1
73 27 1
73 28 1
73 29 1
73 30 1
73 31 1
73 34 1
73 35 1
73 38 1
73 39 2
73 40 2
73 41 2
73 42 1
73 43 2
73 45 1
73 47 1
73 49 2
73 54 1
73 56 2
73 58 1
73 61 1
73 63 1
73 64 1
73 68 1
73 69 1
73 72 1
73 73 1
73 76 2
73 78 2
73 81 2
73 83 1
73 84 1
73 85 1
73 86 1
73 90 1
73 91 2
73 95 1
73 96 2
73 97 1
73 98 1
73 100 2
74 2 1
74 3 2
74 6 2
74 9 1
74 11 1
74 14 2
74 15 1
74 16 1
74 17 2
74 20 1
74 21 2
74 23 2
74 25 2
74 26 2
74 27 1
74 29 1
74 31 1
74 32 2
74 35 2
74 36 2
74 37 1
74 38 2
74 39 1
74 40 2
74 41 1
74 42 1
74 43 2
74 44 2
74 46 1
74 47 1
74 49 1
74 51 2
74 52 1
74 53 1
74 54 1
74 60 1
74 62 1
74 63 1
74 64 2
74 65 2
74 68 2
74 71 1
74 72 1
74 73 1
74 75 1
74 76 1
74 77 1
74 78 2
74 82 2
74 84 1
74 85 1
74 87 1
74 89 1
74 90 1
74 91 1
74 93 1
74 95 1
74 96 1
74 97 1
74 98 1
75 2 1
75 6 1
75 7 2
75 9 2
75 10 1
75 11 2
75 14 1
75 16 1
75 17 2
75 18 1
75 20 1
75 21 1
75 24 1
75 26 2
75 27 2
75 29 1
75 33 1
75 36 1
75 39 1
75 40 1
75 42 1
75 43 1
75 44 2
75 45 1
75 46 1
75 48 1
75 49 2
75 50 2
75 51 1
75 53 1
75 54 2
75 56 1
75 58 1
75 59 1
75 60 2
75 61 1
75 62 1
75 63 1
75 64 2
75 65 1
75 68 1
75 69 1
75 70 1
75 71 1
75 72 1
75 73 1
75 75 1
75 76 2
75 77 1
75 78 1
75 80 1
75 84 1
75 87 2
75 90 2
75 97 1
75 98 1
75 100 2
76 2 1
76 6 2
76 7 2
76 8 2
76 9 1
76 11 2
76 12 2
76 14 2
76 15 2
76 16 2
76 19 2
76 20 2
76 21 2
76 22 2
76 24 2
76 26 1
76 27 2
76 28 1
76 29 1
76 30 2
76 33 1
76 34 2
76 35 2
76 36 2
76 37 2
76 40 2
76 42 2
76 43 2
76 44 2
76 45 1
76 46 2
76 47 2
76 48 2
76 49 1
76 55 2
76 58 1
76 60 2
76 61 2
76 63 2
76 64 1
76 65 2
76 66 2
76 68 1
76 69 1
76 70 1
76 72 2
76 73 1
76 76 2
76 77 1
76 78 1
76 80 1
76 82 2
76 83 2
76 85 2
76 86 2
76 87 1
76 90 1
76 93 1
76 95 2
76 96 2
76 98 1
77 2 1
77 4 1
77 6 2
77 8 2
77 11 2
77 12 2
77 13 1
77 14 2
77 15 2
77 16 2
77 19 2
77 20 2
77 21 2
77 22 1
77 23 2
77 25 2
77 26 1
77 28 2
77 30 2
77 31 1
77 34 2
77 35 2
77 36 1
77 37 2
77 39 2
77 40 2
77 42 2
77 43 2
77 44 2
77 46 2
77 47 2
77 48 2
77 49 2
77 51 2
77 52 2
77 54 2
77 56 2
77 61 2
77 63 1
77 65 2
77 67 2
77 68 1
77 69 2
77 70 2
77 71 1
77 72 2
77 73 2
77 74 2
77 75 2
77 76 2
77 77 1
77 78 1
77 80 2
77 82 1
77 83 1
77 84 2
77 85 2
77 86 2
77 87 2
77 93 2
77 95 1
77 96 1
77 97 1
77 98 1
78 4 1
78 5 2
78 9 1
78 10 2
78 11 2
78 14 2
78 16 2
78 20 2
78 21 2
78 23 2
78 26 2
78 27 1
78 28 1
78 29 2
78 31 1
78 33 2
78 36 2
78 37 2
78 38 2
78 40 1
78 43 2
78 44 1
78 46 2
78 47 2
78 52 1
78 53 2
78 54 1
78 55 2
78 56 1
78 58 1
78 60 2
78 65 2
78 66 2
78 67 2
78 68 1
78 69 2
78 71 2
78 73 1
78 76 2
78 77 2
78 78 2
78 80 2
78 82 2
78 84 2
78 86 2
78 87 1
78 91 2
78 92 1
78 93 1
78 96 2
78 97 1
78 98 1
78 100 1
79 2 2
79 7 2
79 8 2
79 9 1
79 11 1
79 13 2
79 14 2
79 15 2
79 16 2
79 18 1
79 20 2
79 21 1
79 23 2
79 26 2
79 29 1
79 30 2
79 31 1
79 36 2
79 39 2
79 40 2
79 45 2
79 46 2
79 48 2
79 50 1
79 54 1
79 55 1
79 56 1
79 58 2
79 61 2
79 62 2
79 63 1
79 64 1
79 65 2
79 67 1
79 68 2
79 69 1
79 72 1
79 73 1
79 77 2
79 82 2
79 84 1
79 86 2
79 90 1
79 91 1
79 96 2
79 97 1
79 98 1
79 99 1
79 100 1
80 2 1
80 7 1
80 9 2
80 11 2
80 14 1
80 15 1
80 16 1
80 17 2
80 19 1
80 21 2
80 22 1
80 25 2
80 29 1
80 37 1
80 39 1
80 40 1
80 41 1
80 42 1
80 43 1
80 44 1
80 47 1
80 48 1
80 50 1
80 51 1
80 55 1
80 58 1
80 60 2
80 63 1
80 64 1
80 65 1
80 67 2
80 68 2
80 69 1
80 70 1
80 72 1
80 74 2
80 75 2
80 78 2
80 80 1
80 81 1
80 84 1
80 86 1
80 91 1
80 92 1
80 93 2
80 98 1
80 100 2
81 1 1
81 3 2
81 8 1
81 9 1
81 11 1
81 12 1
81 14 2
81 15 1
81 16 1
81 19 1
81 20 2
81 21 1
81 22 2
81 26 1
81 27 2
81 29 1
81 31 1
81 35 1
81 37 1
81 41 2
81 42 2
81 43 1
81 46 1
81 48 1
81 49 2
81 53 2
81 54 1
81 55 1
81 56 1
81 57 2
81 58 1
81 61 1
81 62 1
81 63 1
81 64 1
81 65 1
81 68 1
81 72 1
81 76 1
81 77 1
81 78 2
81 80 1
81 83 1
81 84 1
81 86 2
81 87 1
81 89 1
81 90 1
81 91 1
81 93 1
81 97 1
81 98 1
82 1 2
82 2 1
82 3 1
82 4 1
82 5 2
82 6 1
82 7 1
82 9 2
82 14 1
82 15 1
82 16 1
82 17 2
82 19 1
82 20 2
82 21 1
82 22 1
82 25 2
82 26 1
82 28 2
82 29 1
82 31 2
82 37 1
82 39 1
82 42 1
82 43 2
82 44 2
82 47 2
82 49 2
82 51 1
82 53 1
82 54 2
82 55 1
82 56 1
82 58 1
82 61 2
82 63 2
82 64 1
82 66 1
82 68 1
82 69 1
82 71 2
82 72 1
82 73 1
82 76 1
82 77 1
82 78 1
82 79 1
82 80 1
82 82 2
82 84 1
82 85 2
82 86 1
82 90 2
82 91 1
82 95 2
82 97 1
82 98 1
82 100 2
83 2 1
83 3 1
83 5 1
83 6 1
83 10 2
83 11 2
83 12 1
83 14 1
83 15 1
83 16 2
83 19 1
83 22 1
83 23 1
83 25 2
83 26 2
83 29 1
83 31 1
83 33 1
83 37 1
83 38 1
83 39 1
83 42 2
83 43 1
83 44 1
83 46 1
83 47 1
83 49 1
83 51 1
83 53 2
83 54 1
83 56 2
83 57 2
83 60 1
83 61 2
83 62 1
83 64 1
83 66 1
83 68 1
83 69 1
83 72 2
83 73 2
83 75 2
83 76 2
83 77 1
83 78 1
83 80 1
83 82 1
83 84 1
83 85 2
83 86 1
83 90 2
83 92 1
83 94 1
83 95 2
83 96 1
83 97 1
83 100 2
84 2 2
84 6 1
84 7 1
84 8 2
84 12 1
84 14 2
84 15 1
84 19 2
84 21 2
84 22 1
84 26 2
84 27 1
84 29 2
84 30 2
84 34 1
84 35 2
84 37 2
84 38 2
84 42 2
84 43 1
84 45 2
84 46 1
84 47 2
84 54 2
84 56 2
84 60 2
84 61 1
84 62 2
84 63 2
84 64 1
84 65 2
84 69 2
84 71 2
84 72 2
84 74 2
84 76 2
84 77 2
84 79 1
84 80 2
84 83 1
84 84 1
84 86 2
84 90 2
84 91 1
84 96 2
84 97 1
84 98 1
84 99 1
84 100 1
85 2 2
85 5 1
85 10 2
85 11 2
85 12 2
85 14 1
85 15 2
85 16 2
85 20 2
85 21 2
85 22 1
85 23 2
85 26 2
85 27 2
85 29 2
85 30 2
85 31 2
85 34 2
85 36 2
85 37 2
85 38 1
85 39 2
85 40 1
85 42 2
85 43 1
85 44 2
85 47 2
85 48 1
85 51 2
85 54 1
85 55 2
85 58 2
85 61 2
85 63 2
85 65 2
85 68 2
85 71 2
85 72 2
85 74 2
85 77 2
85 78 1
85 82 1
85 83 1
85 86 2
85 89 1
85 90 1
85 91 2
85 96 1
85 97 1
85 98 1
85 99 1
86 3 1
86 5 2
86 6 1
86 7 1
86 14 2
86 15 1
86 16 1
86 19 1
86 20 2
86 21 2
86 22 1
86 23 1
86 29 1
86 31 2
86 34 2
86 35 2
86 37 1
86 38 1
86 40 1
86 42 2
86 43 1
86 45 1
86 46 1
86 47 1
86 48 1
86 51 1
86 53 1
86 56 1
86 58 1
86 59 1
86 60 2
86 61 1
86 62 1
86 63 1
86 64 2
86 65 1
86 68 1
86 69 1
86 72 1
86 75 1
86 78 1
86 80 2
86 82 2
86 83 1
86 85 1
86 86 1
86 90 1
86 91 1
86 95 1
86 98 1
86 100 2
87 2 1
87 5 1
87 6 2
87 8 1
87 9 2
87 11 1
87 14 1
87 15 2
87 16 1
87 21 1
87 22 1
87 23 1
87 25 1
87 26 2
87 27 1
87 28 1
87 31 1
87 34 1
87 35 1
87 37 1
87 40 1
87 41 1
87 42 1
87 43 2
87 46 1
87 49 2
87 52 1
87 54 1
87 55 1
87 56 2
87 60 2
87 61 2
87 63 1
87 64 2
87 68 2
87 69 1
87 71 1
87 72 1
87 73 2
87 75 1
87 78 1
87 80 1
87 82 1
87 83 1
87 85 1
87 87 2
87 88 1
87 90 2
87 91 1
87 92 1
87 97 1
87 98 1
88 10 1
88 11 1
88 14 2
88 15 1
88 19 1
88 24 1
88 26 1
88 27 1
88 28 1
88 29 1
88 32 2
88 37 1
88 38 1
88 39 1
88 41 1
88 42 2
88 43 1
88 46 1
88 50 1
88 54 2
88 56 2
88 58 1
88 59 1
88 60 2
88 61 2
88 63 1
88 64 2
88 65 1
88 67 2
88 68 1
88 69 1
88 71 1
88 72 2
88 73 1
88 76 1
88 77 1
88 78 1
88 82 2
88 83 1
88 84 1
88 87 1
88 89 1
88 90 2
88 96 2
88 98 1
88 99 2
88 100 2
89 2 1
89 6 1
89 8 1
89 9 2
89 10 1
89 11 2
89 14 2
89 17 2
89 18 2
89 19 2
89 21 2
89 22 1
89 24 2
89 26 2
89 28 2
89 29 1
89 31 2
89 34 2
89 35 2
89 37 2
89 39 2
89 40 2
89 41 1
89 42 2
89 43 2
89 49 2
89 52 2
89 53 1
89 54 2
89 56 1
89 58 2
89 60 2
89 65 2
89 68 1
89 69 1
89 71 2
89 72 2
89 75 2
89 76 2
89 78 1
89 80 1
89 82 2
89 84 2
89 90 2
89 91 2
89 92 2
89 93 1
89 96 2
89 97 1
89 98 1
90 2 2
90 3 1
90 7 2
90 10 2
90 11 1
90 14 1
90 15 1
90 16 2
90 20 2
90 21 2
90 22 2
90 23 1
90 26 2
90 29 1
90 33 2
90 34 1
90 35 2
90 36 2
90 37 2
90 39 2
90 42 2
90 43 2
90 44 2
90 45 1
90 47 2
90 48 1
90 49 2
90 54 2
90 56 2
90 60 2
90 61 2
90 63 1
90 65 2
90 68 1
90 70 2
90 71 2
90 72 2
90 77 2
90 78 1
90 80 2
90 82 2
90 83 1
90 90 1
90 91 2
90 92 1
90 97 1
90 98 1
91 2 1
91 3 1
91 5 1
91 6 1
91 9 2
91 14 2
91 15 1
91 16 2
91 22 2
91 26 2
91 27 2
91 28 1
91 29 2
91 31 1
91 33 2
91 34 1
91 35 2
91 36 2
91 38 2
91 39 2
91 40 1
91 41 2
91 42 2
91 43 1
91 44 2
91 45 2
91 46 2
91 54 2
91 56 2
91 58 2
91 60 1
91 61 2
91 62 2
91 63 2
91 64 2
91 66 1
91 67 1
91 68 2
91 72 2
91 77 1
91 78 1
91 80 2
91 82 2
91 83 2
91 85 2
91 87 2
91 90 2
91 91 2
91 92 1
91 95 2
91 97 1
91 98 1
91 100 1
92 1 1
92 2 1
92 5 1
92 6 1
92 8 1
92 9 2
92 10 1
92 11 1
92 13 1
92 14 1
92 15 1
92 18 2
92 19 1
92 20 2
92 23 2
92 24 1
92 26 2
92 27 1
92 28 2
92 29 1
92 36 1
92 37 1
92 39 1
92 40 1
92 41 1
92 42 1
92 43 1
92 46 1
92 48 1
92 49 2
92 51 1
92 52 1
92 54 2
92 56 2
92 57 2
92 60 2
92 61 2
92 63 2
92 65 1
92 68 1
92 69 1
92 72 1
92 73 1
92 76 1
92 77 1
92 78 1
92 81 2
92 82 2
92 86 2
92 87 2
92 91 2
92 93 2
92 95 1
92 96 1
92 97 1
92 98 1
92 100 2
93 1 1
93 4 1
93 5 1
93 6 1
93 8 2
93 10 2
93 11 2
93 12 2
93 14 1
93 15 1
93 18 2
93 19 1
93 20 1
93 21 2
93 22 1
93 23 1
93 25 1
93 27 1
93 28 1
93 29 1
93 31 2
93 32 1
93 34 1
93 36 2
93 39 2
93 40 1
93 41 1
93 42 1
93 43 1
93 44 2
93 46 1
93 47 1
93 54 1
93 56 1
93 60 1
93 63 1
93 64 1
93 67 1
93 68 1
93 69 1
93 72 1
93 76 2
93 78 2
93 81 1
93 82 2
93 84 2
93 86 2
93 91 1
93 95 1
93 98 1
94 2 1
94 4 1
94 5 2
94 6 1
94 9 2
94 13 1
94 16 1
94 18 2
94 19 2
94 21 2
94 26 1
94 27 1
94 28 1
94 29 1
94 31 2
94 33 1
94 34 2
94 35 1
94 37 1
94 38 1
94 39 1
94 40 1
94 45 1
94 46 2
94 47 1
94 48 1
94 53 1
94 54 1
94 55 1
94 58 2
94 60 2
94 61 2
94 63 2
94 64 1
94 68 1
94 71 1
94 74 1
94 75 1
94 77 1
94 78 1
94 83 1
94 85 2
94 86 1
94 91 1
94 93 1
94 95 1
94 98 1
95 2 1
95 6 1
95 7 1
95 9 2
95 10 1
95 11 2
95 14 1
95 17 1
95 19 1
95 20 1
95 21 2
95 22 1
95 23 1
95 26 1
95 28 2
95 29 1
95 30 1
95 31 1
95 34 1
95 35 1
95 36 2
95 37 1
95 38 1
95 39 2
95 40 1
95 41 2
95 42 1
95 43 1
95 44 1
95 48 1
95 49 2
95 52 1
95 54 1
95 55 1
95 56 2
95 57 1
95 58 1
95 60 2
95 61 1
95 62 1
95 63 2
95 65 1
95 68 1
95 70 1
95 71 2
95 72 1
95 73 2
95 76 1
95 77 1
95 78 1
95 80 1
95 84 1
95 86 2
95 89 1
95 92 1
95 93 1
95 95 1
95 96 2
95 97 1
95 98 1
95 99 2
96 2 2
96 3 1
96 6 2
96 8 1
96 11 1
96 13 2
96 14 2
96 15 2
96 16 2
96 19 2
96 20 1
96 21 1
96 22 2
96 25 1
96 26 1
96 29 1
96 34 2
96 37 2
96 38 2
96 39 2
96 43 2
96 45 2
96 47 2
96 48 1
96 52 2
96 54 2
96 56 1
96 60 1
96 61 2
96 63 2
96 64 1
96 65 2
96 68 2
96 69 2
96 71 1
96 72 1
96 73 1
96 75 2
96 77 1
96 78 2
96 80 2
96 81 2
96 84 2
96 86 2
96 88 2
96 90 1
96 98 1
97 1 1
97 2 1
97 6 1
97 8 2
97 11 1
97 12 1
97 14 1
97 16 1
97 19 2
97 20 1
97 21 1
97 23 1
97 25 1
97 26 1
97 27 1
97 29 1
97 31 1
97 32 2
97 33 1
97 35 2
97 36 2
97 37 1
97 38 1
97 39 2
97 41 1
97 43 1
97 44 1
97 45 1
97 46 1
97 47 1
97 49 2
97 50 2
97 51 2
97 54 1
97 56 1
97 58 2
97 60 2
97 61 1
97 63 1
97 64 2
97 67 2
97 68 1
97 69 2
97 71 1
97 72 1
97 75 1
97 76 1
97 77 1
97 78 1
97 80 2
97 81 2
97 85 1
97 86 1
97 87 2
97 90 2
97 91 2
97 93 2
97 95 1
97 97 1
97 98 1
97 100 2
98 2 1
98 5 2
98 6 2
98 7 1
98 8 2
98 9 1
98 11 2
98 13 2
98 14 2
98 15 2
98 18 1
98 19 1
98 20 2
98 23 1
98 26 2
98 27 2
98 28 1
98 31 2
98 37 2
98 39 2
98 40 2
98 43 1
98 46 1
98 48 2
98 49 1
98 54 2
98 56 1
98 60 2
98 61 1
98 63 1
98 64 2
98 65 2
98 66 1
98 69 1
98 71 2
98 72 2
98 73 1
98 75 2
98 78 1
98 80 2
98 82 1
98 83 1
98 84 2
98 85 2
98 87 2
98 88 1
98 90 2
98 91 1
98 96 2
98 98 1
98 99 1
99 2 2
99 4 1
99 5 2
99 6 1
99 7 1
99 9 1
99 11 1
99 13 1
99 14 1
99 15 1
99 16 1
99 19 2
99 20 2
99 21 1
99 22 1
99 23 1
99 24 1
99 26 1
99 28 2
99 31 2
99 36 1
99 37 1
99 40 1
99 42 2
99 43 1
99 44 1
99 46 1
99 47 1
99 48 1
99 50 1
99 54 1
99 55 2
99 56 2
99 61 1
99 63 1
99 64 1
99 65 1
99 68 1
99 71 2
99 72 1
99 73 2
99 76 2
99 77 1
99 78 1
99 80 1
99 84 1
99 86 2
99 87 1
99 88 1
99 91 1
99 92 2
99 97 1
99 98 1
99 99 2
99 100 2
100 2 2
100 4 2
100 5 1
100 10 2
100 13 2
100 14 2
100 15 1
100 19 1
100 20 1
100 25 2
100 26 1
100 27 2
100 29 2
100 30 2
100 31 1
100 33 2
100 35 2
100 36 2
100 37 2
100 40 2
100 43 2
100 44 2
100 46 1
100 47 2
100 53 2
100 54 1
100 55 1
100 56 2
100 58 2
100 61 2
100 63 2
100 64 1
100 65 2
100 71 1
100 72 1
100 73 2
100 77 2
100 78 2
100 81 2
100 86 2
100 90 1
100 93 2
100 96 2
100 97 1
100 98 1
100 99 1
100 100 1
