1 2
2 1
3 2
4 2
5 1
6 2
7 2
8 2
9 2
10 2
11 2
12 1
13 2
14 1
15 2
16 2
17 2
18 1
19 1
20 2
21 1
22 1
23 2
24 2
25 1
26 1
27 2
28 2
29 1
30 1
31 1
32 2
33 2
34 1
35 2
36 2
37 2
38 2
39 2
40 1
41 1
42 2
43 2
44 1
45 1
46 1
47 2
48 1
49 2
50 2
51 2
52 1
53 2
54 1
55 2
56 2
57 1
58 2
59 1
60 2
61 1
62 1
63 1
64 2
65 1
66 1
67 1
68 1
69 2
70 2
71 2
72 1
73 1
74 1
75 1
76 2
77 2
78 2
79 1
80 2
81 1
82 1
83 2
84 2
85 1
86 2
87 2
88 1
89 2
90 1
91 2
92 1
93 2
94 1
95 1
96 1
97 2
98 2
99 1
100 2
101 2
102 2
103 2
104 1
105 1
106 2
107 1
108 1
109 1
110 1
111 2
112 2
113 1
114 1
115 2
116 1
117 2
118 2
119 1
120 2
121 1
122 1
123 2
124 2
125 1
126 2
127 1
128 2
129 1
130 1
131 2
132 1
133 2
134 1
135 1
136 2
137 1
138 1
139 2
140 2
141 1
142 1
143 2
144 2
145 1
146 2
147 2
148 2
149 2
150 2
151 2
152 1
153 1
154 2
155 2
156 2
157 2
158 2
159 2
160 2
161 1
162 2
163 2
164 2
165 1
166 2
167 1
168 1
169 1
170 1
171 2
172 1
173 2
174 1
175 1
176 1
177 1
178 1
179 2
180 2
181 2
182 1
183 2
184 2
185 1
186 1
187 2
188 2
189 1
190 2
191 2
192 1
193 1
194 1
195 1
196 2
197 2
198 2
199 1
200 1
201 2
202 1
203 1
204 1
205 2
206 1
207 1
208 2
209 2
210 1
211 2
212 1
213 2
214 1
215 2
216 2
217 2
218 1
219 2
220 2
221 2
222 2
223 2
224 1
225 1
226 1
227 1
228 1
229 2
230 2
231 1
232 1
233 2
234 1
235 1
236 1
237 1
238 1
239 1
240 1
241 2
242 2
243 2
244 2
245 1
246 1
247 1
248 2
249 2
250 2
251 2
252 2
253 1
254 1
255 1
256 1
257 1
258 2
259 1
260 2
261 1
262 1
263 2
264 1
265 1
266 2
267 2
268 2
269 2
270 2
271 2
272 1
273 2
274 1
275 1
276 2
277 2
278 2
279 2
280 2
281 2
282 2
283 2
284 1
285 2
286 1
287 2
288 2
289 1
290 2
291 1
292 2
293 2
294 1
295 1
296 1
297 2
298 2
299 1
300 1
301 1
302 1
303 2
304 1
305 2
306 2
307 2
308 2
309 1
310 1
311 1
312 2
313 2
314 2
315 1
316 1
317 2
318 1
319 1
320 1
321 1
322 1
323 1
324 2
325 2
326 1
327 1
328 2
329 2
330 1
331 1
332 2
333 1
334 1
335 2
336 2
337 1
338 1
339 2
340 1
341 1
342 1
343 2
344 2
345 2
346 2
347 2
348 1
349 2
350 2
351 1
352 2
353 2
354 1
355 2
356 2
357 2
358 1
359 2
360 1
361 2
362 1
363 1
364 1
365 1
366 1
367 1
368 2
369 2
370 1
371 1
372 2
373 1
374 1
375 2
376 2
377 1
378 2
379 2
380 2
381 2
382 2
383 1
384 1
385 2
386 2
387 1
388 1
389 2
390 1
391 2
392 1
393 1
394 1
395 1
396 2
397 2
398 1
399 1
400 1
401 1
402 2
403 2
404 1
405 1
406 2
407 1
408 2
409 1
410 1
411 1
412 2
413 1
414 1
415 1
416 2
417 1
418 2
419 2
420 1
421 1
422 2
423 1
424 2
425 1
426 2
427 2
428 1
429 2
430 2
431 1
432 2
433 2
434 1
435 2
436 2
437 1
438 1
439 2
440 1
441 2
442 1
443 2
444 2
445 1
446 2
447 1
448 1
449 2
450 2
451 1
452 1
453 2
454 2
455 1
456 2
457 1
458 2
459 1
460 2
461 1
462 2
463 1
464 1
465 2
466 1
467 2
468 1
469 1
470 1
471 1
472 2
473 2
474 1
475 1
476 2
477 1
478 2
479 1
480 2
481 2
482 1
483 1
484 2
485 2
486 2
487 2
488 2
489 2
490 2
491 1
492 1
493 2
494 1
495 2
496 2
497 2
498 2
499 1
500 2
501 2
502 1
503 2
504 1
505 2
506 2
507 1
508 1
509 1
510 2
511 2
512 2
513 2
514 1
515 2
516 2
517 1
518 1
519 1
520 1
521 2
522 2
523 1
524 1
525 1
526 2
527 1
528 2
529 2
530 1
531 1
532 1
533 2
534 2
535 2
536 2
537 2
538 1
539 1
540 2
541 1
542 1
543 2
544 2
545 2
546 1
547 2
548 2
549 1
550 2
551 1
552 1
553 2
554 1
555 2
556 2
557 2
558 2
559 1
560 1
561 2
562 2
563 2
564 2
565 1
566 1
567 1
568 2
569 1
570 1
571 2
572 1
573 2
574 2
575 2
576 2
577 2
578 2
579 2
580 2
581 1
582 2
583 1
584 1
585 2
586 2
587 1
588 2
589 1
590 2
591 2
592 1
593 1
594 1
595 1
596 1
597 2
598 2
599 1
600 2
601 1
602 2
603 2
604 2
605 2
606 1
607 1
608 1
609 1
610 2
611 2
612 1
613 2
614 1
615 1
616 2
617 2
618 2
619 1
620 2
621 2
622 2
623 1
624 1
625 2
626 1
627 2
628 1
629 2
630 1
631 1
632 2
633 1
634 2
635 1
636 1
637 2
638 2
639 2
640 1
641 2
642 1
643 1
644 1
645 1
646 2
647 1
648 2
649 1
650 2
651 1
652 1
653 1
654 2
655 1
656 1
657 1
658 2
659 1
660 2
661 2
662 2
663 1
664 2
665 2
666 1
667 2
668 2
669 1
670 1
671 1
672 1
673 1
674 1
675 1
676 1
677 2
678 1
679 2
680 2
681 2
682 1
683 1
684 1
685 2
686 2
687 2
688 1
689 1
690 1
691 1
692 2
693 1
694 2
695 1
696 1
697 1
698 2
699 2
700 1
701 2
702 2
703 2
704 1
705 1
706 2
707 1
708 1
709 1
710 1
711 2
712 1
713 1
714 2
715 1
716 1
717 2
718 1
719 2
720 2
721 1
722 1
723 2
724 1
725 2
726 2
727 2
728 1
729 2
730 1
731 2
732 1
733 1
734 2
735 2
736 2
737 1
738 2
739 1
740 2
741 1
742 1
743 2
744 2
745 2
746 1
747 2
748 1
749 2
750 1
751 2
752 2
753 2
754 2
755 1
756 1
757 2
758 1
759 1
760 2
761 1
762 1
763 1
764 1
765 1
766 2
767 1
768 2
769 1
770 1
771 1
772 2
773 1
774 1
775 2
776 1
777 2
778 1
779 2
780 2
781 1
782 2
783 1
784 2
785 1
786 2
787 2
788 2
789 1
790 2
791 2
792 1
793 2
794 2
795 2
796 2
797 1
798 2
799 2
800 1
801 1
802 2
803 2
804 1
805 2
806 1
807 1
808 2
809 2
810 2
811 1
812 2
813 2
814 2
815 2
816 2
817 2
818 2
819 2
820 2
821 1
822 2
823 2
824 1
825 1
826 2
827 1
828 1
829 1
830 2
831 1
832 1
833 1
834 1
835 2
836 2
837 1
838 2
839 2
840 1
841 1
842 2
843 2
844 1
845 2
846 2
847 1
848 1
849 2
850 2
851 1
852 2
853 1
854 1
855 1
856 2
857 1
858 1
859 1
860 2
861 2
862 1
863 1
864 2
865 2
866 1
867 2
868 1
869 1
870 1
871 1
872 1
873 1
874 1
875 2
876 1
877 1
878 1
879 1
880 1
881 2
882 2
883 2
884 2
885 1
886 1
887 2
888 2
889 2
890 1
891 1
892 2
893 2
894 2
895 1
896 2
897 2
898 1
899 2
900 1
901 2
902 2
903 1
904 1
905 1
906 1
907 1
908 2
909 1
910 1
911 2
912 1
913 2
914 2
915 1
916 1
917 1
918 2
919 2
920 1
921 1
922 1
923 1
924 2
925 2
926 2
927 1
928 2
929 1
930 1
931 1
932 1
933 1
934 2
935 1
936 1
937 2
938 2
939 1
940 2
941 2
942 2
943 2
944 1
945 2
946 2
947 2
948 1
949 2
950 1
951 2
952 2
953 1
954 2
955 2
956 1
957 2
958 2
959 2
960 2
961 1
962 1
963 1
964 2
965 1
966 2
967 1
968 1
969 1
970 1
971 2
972 2
973 2
974 1
975 2
976 2
977 2
978 1
979 2
980 1
981 2
982 1
983 2
984 1
985 1
986 1
987 2
988 2
989 2
990 1
991 2
992 1
993 1
994 1
995 1
996 1
997 2
998 2
999 1
1000 1
