1 2 2
1 3 2
1 4 2
1 5 1
1 9 1
1 10 2
1 12 2
1 13 1
1 18 1
1 20 2
1 21 1
1 22 1
1 25 2
1 26 1
1 28 2
1 31 2
1 32 2
1 33 1
1 34 2
1 37 1
1 38 1
1 39 2
1 40 2
1 42 2
1 43 2
1 45 2
1 51 2
1 56 2
1 58 2
1 61 2
1 62 2
1 65 2
1 67 2
1 70 1
1 73 2
1 74 2
1 75 2
1 77 1
1 79 2
1 83 2
1 84 2
1 86 2
1 87 2
1 89 2
1 91 1
1 93 2
1 94 2
1 97 2
1 99 1
2 1 1
2 6 1
2 7 1
2 9 1
2 12 1
2 16 1
2 18 1
2 22 1
2 23 1
2 26 2
2 27 1
2 28 1
2 31 2
2 32 2
2 35 2
2 38 2
2 39 1
2 40 1
2 43 1
2 44 1
2 45 1
2 53 1
2 56 2
2 58 1
2 65 2
2 68 1
2 70 1
2 74 1
2 83 1
2 84 1
2 85 2
2 89 1
2 91 2
2 92 1
2 93 2
2 94 1
2 95 1
2 97 2
3 6 1
3 7 1
3 9 1
3 12 1
3 13 2
3 16 1
3 18 1
3 20 2
3 23 1
3 25 1
3 26 1
3 27 1
3 28 1
3 37 1
3 38 1
3 39 2
3 42 1
3 43 1
3 45 2
3 46 2
3 49 1
3 50 1
3 56 2
3 62 1
3 67 1
3 68 1
3 69 1
3 71 1
3 74 2
3 75 2
3 79 1
3 83 1
3 86 2
3 88 1
3 91 1
3 94 1
3 96 2
3 99 2
3 100 2
4 2 2
4 4 2
4 6 1
4 7 2
4 8 2
4 9 2
4 12 1
4 14 1
4 16 2
4 17 2
4 18 2
4 22 2
4 24 2
4 27 2
4 28 2
4 35 2
4 36 2
4 38 2
4 42 1
4 43 1
4 44 1
4 45 2
4 47 1
4 49 2
4 53 1
4 55 1
4 56 2
4 58 2
4 64 1
4 65 2
4 67 2
4 68 1
4 70 1
4 71 2
4 73 1
4 75 2
4 76 2
4 77 1
4 78 2
4 81 1
4 82 1
4 83 1
4 84 2
4 86 2
4 87 2
4 88 2
4 89 2
4 91 2
4 94 2
4 95 1
4 98 2
4 100 1
5 2 1
5 6 1
5 9 1
5 11 2
5 13 2
5 17 2
5 19 1
5 20 1
5 21 1
5 22 1
5 25 1
5 26 2
5 27 1
5 31 1
5 35 1
5 36 2
5 38 2
5 39 1
5 42 1
5 44 2
5 45 2
5 46 1
5 50 1
5 51 1
5 53 1
5 55 1
5 56 1
5 58 1
5 59 1
5 60 1
5 61 1
5 65 2
5 66 1
5 67 2
5 69 1
5 70 1
5 71 1
5 73 1
5 76 1
5 77 1
5 83 2
5 84 1
5 86 2
5 88 2
5 89 1
5 91 1
5 94 1
5 97 2
5 98 2
5 99 2
6 1 2
6 2 2
6 5 2
6 6 2
6 7 1
6 8 2
6 9 1
6 12 2
6 14 2
6 15 1
6 16 2
6 17 2
6 18 2
6 20 2
6 21 2
6 22 1
6 25 2
6 27 2
6 28 2
6 32 2
6 33 2
6 35 2
6 36 2
6 37 2
6 38 2
6 42 2
6 44 1
6 45 2
6 49 2
6 50 1
6 51 1
6 52 1
6 54 2
6 55 2
6 56 2
6 58 1
6 59 1
6 62 1
6 64 1
6 65 2
6 66 1
6 67 2
6 68 2
6 71 2
6 74 2
6 79 2
6 80 2
6 84 2
6 85 2
6 87 2
6 88 2
6 89 2
6 91 2
6 93 1
6 94 1
6 98 2
7 1 1
7 5 2
7 6 2
7 7 1
7 8 2
7 10 1
7 11 2
7 12 2
7 14 2
7 16 2
7 17 2
7 18 2
7 20 2
7 21 2
7 22 2
7 26 2
7 28 2
7 31 2
7 35 2
7 37 1
7 38 1
7 39 2
7 42 2
7 43 2
7 44 2
7 45 1
7 46 1
7 47 2
7 50 2
7 51 2
7 54 1
7 55 2
7 56 2
7 58 1
7 62 1
7 64 1
7 68 2
7 69 2
7 70 1
7 73 2
7 75 1
7 76 1
7 77 2
7 78 2
7 79 2
7 80 2
7 84 1
7 85 1
7 86 2
7 87 2
7 88 2
7 89 2
7 91 1
7 92 1
7 94 1
7 97 2
8 1 1
8 6 1
8 9 1
8 10 1
8 14 1
8 16 1
8 17 2
8 20 2
8 21 1
8 22 1
8 23 1
8 25 1
8 26 2
8 27 1
8 28 1
8 31 1
8 36 1
8 37 1
8 39 1
8 42 1
8 45 1
8 47 1
8 49 1
8 50 1
8 52 2
8 53 1
8 56 2
8 57 2
8 64 1
8 65 1
8 67 1
8 71 1
8 73 1
8 75 1
8 76 1
8 78 1
8 82 1
8 83 2
8 89 1
8 90 2
8 94 1
8 97 2
9 3 2
9 4 2
9 6 2
9 7 2
9 8 2
9 9 1
9 11 2
9 13 1
9 14 2
9 15 2
9 16 2
9 20 2
9 22 2
9 26 1
9 27 2
9 28 2
9 30 2
9 31 2
9 36 1
9 37 2
9 39 2
9 40 2
9 42 1
9 43 2
9 45 1
9 46 2
9 47 2
9 49 2
9 50 1
9 54 2
9 59 1
9 61 2
9 62 2
9 66 2
9 67 2
9 68 2
9 70 1
9 71 2
9 73 2
9 75 1
9 76 2
9 77 2
9 81 2
9 82 1
9 84 1
9 86 1
9 87 2
9 88 1
9 89 2
9 90 1
9 91 2
9 94 2
9 97 2
9 99 1
10 1 1
10 2 2
10 6 1
10 7 2
10 8 2
10 11 1
10 12 1
10 13 1
10 14 1
10 15 1
10 16 1
10 18 2
10 22 2
10 24 2
10 26 1
10 27 1
10 31 1
10 32 2
10 35 1
10 37 1
10 38 2
10 39 1
10 42 1
10 43 1
10 45 1
10 47 1
10 49 1
10 50 1
10 54 2
10 55 1
10 56 1
10 58 1
10 61 2
10 62 1
10 64 1
10 66 1
10 67 2
10 71 1
10 73 1
10 74 2
10 76 1
10 79 1
10 80 2
10 85 2
10 86 1
10 87 1
10 88 2
10 89 1
10 91 1
10 93 1
10 94 1
10 95 1
10 99 2
11 1 1
11 2 2
11 5 1
11 7 1
11 12 1
11 14 2
11 15 2
11 16 2
11 18 2
11 21 2
11 22 2
11 26 1
11 27 2
11 28 2
11 31 2
11 32 2
11 36 1
11 37 2
11 38 1
11 39 2
11 40 2
11 42 1
11 43 2
11 44 2
11 47 1
11 49 1
11 56 2
11 58 1
11 60 1
11 61 1
11 62 2
11 65 2
11 67 1
11 69 2
11 70 2
11 71 2
11 74 2
11 75 2
11 78 1
11 83 1
11 84 2
11 85 1
11 86 2
11 87 2
11 89 2
11 90 2
11 91 1
11 94 1
11 98 2
11 99 1
12 2 2
12 6 1
12 9 1
12 10 2
12 12 2
12 15 1
12 16 2
12 18 2
12 21 1
12 22 1
12 26 1
12 28 1
12 31 2
12 32 1
12 34 2
12 35 1
12 37 2
12 38 1
12 39 2
12 41 2
12 42 1
12 43 1
12 44 2
12 45 2
12 49 2
12 51 2
12 52 2
12 54 2
12 56 2
12 58 2
12 62 1
12 65 2
12 66 2
12 69 2
12 76 2
12 77 2
12 79 2
12 80 2
12 81 1
12 83 1
12 84 2
12 86 2
12 88 2
12 91 2
12 92 2
12 94 1
12 97 2
12 100 1
13 3 1
13 5 1
13 6 1
13 7 2
13 8 1
13 9 1
13 12 1
13 14 1
13 18 1
13 22 1
13 25 1
13 26 1
13 27 1
13 35 2
13 37 1
13 38 1
13 39 1
13 40 1
13 42 1
13 43 1
13 44 1
13 45 2
13 47 1
13 50 1
13 52 2
13 56 1
13 58 2
13 59 1
13 64 2
13 65 2
13 66 1
13 67 1
13 68 1
13 69 1
13 73 1
13 75 1
13 77 2
13 79 2
13 80 1
13 82 2
13 83 1
13 84 1
13 86 1
13 87 1
13 88 1
13 89 1
13 90 2
13 91 2
13 93 2
13 94 1
13 95 2
13 97 2
14 4 2
14 6 2
14 7 2
14 10 2
14 12 2
14 13 1
14 14 2
14 15 1
14 16 2
14 18 2
14 22 2
14 25 1
14 26 1
14 28 2
14 30 2
14 35 1
14 37 2
14 38 1
14 39 2
14 40 2
14 42 2
14 43 1
14 44 2
14 45 2
14 47 2
14 49 2
14 50 2
14 54 2
14 56 2
14 57 1
14 58 2
14 61 2
14 62 1
14 65 2
14 70 2
14 71 2
14 73 1
14 76 1
14 79 2
14 80 2
14 84 2
14 85 2
14 86 2
14 87 2
14 88 2
14 91 1
14 93 2
14 94 2
15 1 1
15 2 2
15 7 2
15 10 2
15 13 1
15 14 2
15 15 2
15 22 2
15 25 2
15 26 2
15 28 2
15 31 2
15 33 2
15 35 1
15 36 2
15 39 2
15 40 2
15 42 2
15 43 2
15 44 2
15 48 1
15 49 1
15 56 2
15 58 2
15 60 1
15 62 1
15 65 2
15 67 2
15 68 2
15 71 2
15 73 2
15 74 1
15 76 2
15 78 2
15 79 2
15 82 2
15 84 2
15 87 2
15 88 2
15 91 2
15 93 2
15 95 2
15 97 2
15 98 2
15 99 1
15 100 1
16 2 2
16 4 2
16 5 2
16 6 2
16 7 2
16 9 2
16 11 2
16 12 2
16 16 2
16 17 2
16 18 2
16 25 2
16 26 1
16 27 1
16 28 2
16 33 1
16 34 2
16 35 2
16 37 2
16 38 1
16 39 2
16 42 2
16 43 1
16 44 2
16 46 2
16 47 2
16 49 2
16 52 2
16 56 2
16 59 2
16 60 2
16 62 1
16 64 2
16 65 2
16 69 2
16 70 1
16 71 1
16 74 1
16 76 2
16 77 2
16 80 2
16 81 2
16 84 1
16 86 2
16 88 2
16 89 2
16 91 2
16 92 2
16 94 2
16 95 1
16 97 2
16 98 2
16 99 1
17 3 1
17 6 1
17 7 2
17 9 1
17 12 1
17 14 1
17 16 1
17 17 1
17 18 1
17 20 1
17 22 1
17 23 1
17 24 2
17 25 2
17 26 1
17 28 1
17 31 1
17 33 1
17 35 1
17 37 1
17 39 2
17 42 1
17 43 1
17 44 1
17 47 2
17 54 2
17 56 1
17 58 2
17 59 1
17 61 2
17 62 1
17 66 1
17 69 1
17 70 1
17 73 1
17 75 2
17 76 1
17 84 1
17 87 1
17 89 1
17 91 1
17 93 2
17 94 1
17 99 2
18 1 2
18 2 1
18 6 2
18 9 1
18 11 2
18 12 1
18 13 1
18 14 2
18 17 2
18 18 2
18 22 2
18 26 1
18 27 2
18 28 2
18 31 2
18 33 2
18 38 2
18 42 2
18 43 1
18 44 1
18 45 2
18 47 1
18 49 2
18 53 1
18 55 2
18 56 2
18 57 2
18 58 2
18 59 2
18 62 2
18 65 2
18 66 2
18 68 2
18 69 2
18 71 2
18 73 2
18 74 1
18 75 2
18 76 2
18 78 2
18 83 1
18 84 2
18 85 2
18 86 2
18 87 2
18 88 1
18 90 2
18 91 2
18 93 2
18 94 1
18 95 1
18 97 2
18 99 1
19 2 1
19 4 2
19 6 1
19 8 2
19 9 1
19 11 1
19 12 1
19 14 1
19 15 1
19 16 1
19 17 2
19 18 1
19 19 1
19 22 1
19 28 1
19 31 2
19 33 1
19 35 2
19 36 1
19 37 1
19 39 1
19 40 2
19 42 2
19 43 1
19 44 1
19 45 2
19 47 1
19 49 1
19 54 1
19 56 2
19 57 2
19 59 1
19 61 1
19 62 2
19 64 1
19 65 1
19 66 2
19 67 2
19 69 1
19 70 1
19 71 1
19 73 1
19 74 1
19 76 1
19 80 2
19 82 1
19 83 1
19 84 1
19 85 2
19 86 1
19 87 1
19 88 1
19 89 1
19 90 1
19 91 2
19 94 1
19 97 2
19 99 2
19 100 2
20 1 1
20 2 2
20 5 1
20 6 1
20 8 2
20 9 1
20 10 1
20 11 1
20 12 1
20 13 2
20 14 1
20 15 1
20 16 1
20 18 2
20 20 1
20 25 1
20 27 1
20 28 1
20 31 1
20 32 1
20 35 2
20 36 1
20 37 2
20 38 2
20 39 1
20 41 1
20 42 1
20 44 1
20 45 2
20 47 2
20 49 1
20 54 1
20 56 1
20 57 1
20 62 2
20 63 2
20 65 1
20 66 2
20 67 2
20 73 1
20 75 1
20 76 2
20 77 2
20 78 2
20 81 1
20 82 1
20 84 1
20 85 2
20 87 1
20 88 2
20 89 1
20 91 2
20 94 1
20 97 2
20 99 2
21 3 2
21 7 1
21 8 2
21 10 2
21 12 1
21 15 1
21 16 2
21 18 1
21 22 2
21 23 2
21 26 1
21 27 1
21 31 1
21 32 2
21 34 2
21 37 2
21 38 1
21 39 2
21 40 2
21 42 2
21 43 2
21 45 2
21 47 2
21 49 1
21 55 1
21 56 2
21 60 2
21 61 2
21 62 2
21 64 1
21 66 2
21 67 2
21 71 2
21 74 2
21 76 2
21 77 1
21 80 2
21 81 2
21 83 1
21 84 1
21 86 2
21 89 2
21 91 2
21 94 2
21 99 1
22 1 1
22 2 1
22 6 1
22 7 1
22 9 1
22 12 2
22 13 1
22 16 1
22 18 1
22 20 1
22 21 1
22 22 1
22 26 2
22 27 1
22 37 1
22 39 2
22 41 1
22 43 2
22 44 1
22 54 1
22 55 1
22 56 1
22 58 1
22 59 1
22 62 1
22 64 1
22 65 1
22 66 2
22 67 2
22 71 1
22 73 1
22 75 1
22 76 1
22 77 2
22 79 1
22 83 1
22 84 1
22 86 1
22 87 1
22 88 1
22 89 1
22 91 2
22 93 2
22 94 1
22 97 2
23 1 2
23 2 2
23 3 2
23 6 1
23 8 2
23 9 2
23 11 2
23 14 2
23 15 1
23 18 2
23 19 2
23 20 2
23 21 2
23 22 2
23 27 1
23 31 2
23 33 2
23 34 2
23 35 1
23 37 2
23 38 2
23 39 2
23 42 2
23 43 1
23 44 2
23 50 2
23 53 2
23 58 1
23 60 2
23 62 2
23 64 2
23 65 1
23 67 2
23 69 2
23 71 2
23 73 1
23 74 2
23 76 2
23 77 2
23 78 2
23 80 2
23 83 2
23 84 2
23 85 2
23 86 2
23 89 2
23 90 2
23 91 2
23 94 1
24 1 1
24 6 1
24 7 1
24 9 1
24 10 1
24 12 1
24 14 1
24 16 1
24 18 1
24 20 1
24 22 1
24 26 1
24 27 1
24 28 1
24 33 1
24 36 1
24 37 1
24 39 1
24 41 1
24 43 1
24 44 1
24 47 1
24 49 1
24 50 1
24 51 1
24 56 1
24 58 1
24 61 1
24 62 1
24 67 2
24 68 1
24 69 1
24 71 2
24 73 2
24 74 1
24 76 2
24 77 1
24 78 2
24 79 2
24 84 1
24 86 1
24 87 1
24 89 1
24 91 2
24 93 1
24 94 1
24 95 1
24 99 2
25 3 2
25 6 2
25 7 1
25 9 2
25 12 1
25 13 2
25 15 1
25 16 2
25 18 2
25 20 2
25 22 2
25 23 2
25 25 2
25 28 2
25 32 2
25 37 2
25 38 1
25 39 1
25 42 2
25 43 2
25 44 2
25 45 2
25 46 2
25 47 1
25 49 2
25 50 1
25 52 2
25 57 1
25 58 2
25 61 2
25 62 2
25 66 1
25 70 1
25 71 2
25 73 1
25 75 2
25 76 2
25 77 2
25 79 2
25 80 2
25 82 2
25 84 2
25 86 2
25 88 1
25 89 1
25 90 1
25 91 2
25 93 2
25 94 1
25 97 2
25 98 2
25 100 1
26 6 2
26 7 2
26 9 2
26 12 2
26 16 2
26 18 1
26 19 1
26 22 2
26 25 2
26 26 2
26 27 2
26 28 2
26 31 2
26 33 2
26 34 2
26 37 1
26 38 2
26 39 2
26 42 1
26 43 2
26 44 2
26 45 2
26 47 1
26 49 2
26 50 2
26 52 2
26 54 2
26 56 2
26 58 2
26 60 2
26 61 2
26 64 2
26 65 2
26 68 2
26 69 2
26 71 2
26 74 2
26 75 2
26 76 2
26 78 2
26 79 2
26 82 2
26 84 1
26 86 2
26 89 1
26 90 2
26 91 1
26 93 2
26 94 1
26 97 2
26 98 2
26 100 1
27 1 1
27 2 1
27 6 2
27 7 1
27 9 2
27 11 2
27 12 2
27 13 2
27 14 1
27 20 2
27 22 2
27 23 2
27 25 2
27 26 2
27 27 2
27 28 2
27 30 1
27 35 2
27 37 2
27 39 2
27 42 2
27 43 2
27 44 2
27 47 1
27 49 1
27 53 1
27 54 2
27 55 1
27 56 2
27 58 2
27 61 2
27 62 2
27 65 2
27 66 1
27 67 2
27 68 2
27 73 2
27 75 2
27 76 2
27 78 2
27 79 2
27 81 1
27 84 2
27 86 2
27 87 2
27 89 2
27 90 2
27 93 1
27 94 2
27 97 2
27 99 1
28 2 1
28 3 1
28 5 2
28 7 1
28 9 1
28 12 1
28 13 1
28 16 1
28 23 1
28 26 1
28 27 1
28 28 1
28 30 2
28 31 1
28 32 2
28 37 1
28 39 1
28 40 2
28 42 1
28 43 1
28 46 1
28 47 1
28 50 1
28 56 1
28 58 1
28 62 1
28 64 1
28 65 2
28 66 1
28 67 2
28 68 1
28 69 2
28 71 2
28 73 1
28 76 1
28 77 2
28 79 1
28 84 1
28 86 1
28 88 1
28 91 2
28 94 1
28 96 1
28 97 2
28 98 2
29 1 1
29 2 2
29 6 2
29 7 1
29 12 1
29 13 2
29 14 2
29 18 2
29 22 2
29 27 2
29 28 2
29 31 1
29 35 1
29 36 2
29 37 2
29 38 2
29 39 2
29 42 2
29 43 1
29 44 1
29 50 2
29 54 1
29 55 1
29 56 2
29 58 2
29 60 2
29 62 2
29 66 2
29 67 2
29 68 2
29 71 2
29 76 1
29 78 1
29 82 1
29 83 2
29 84 1
29 87 2
29 88 2
29 89 2
29 91 2
29 93 2
29 94 2
29 97 2
29 98 2
29 99 1
30 2 2
30 3 2
30 6 2
30 9 1
30 11 2
30 12 2
30 14 2
30 16 2
30 17 2
30 18 2
30 22 2
30 26 1
30 27 2
30 31 1
30 32 2
30 33 2
30 34 2
30 35 1
30 37 2
30 38 1
30 39 2
30 41 1
30 42 2
30 44 1
30 47 1
30 48 1
30 49 2
30 51 1
30 54 1
30 58 2
30 59 2
30 61 2
30 62 2
30 64 2
30 65 2
30 66 2
30 67 2
30 69 1
30 73 1
30 76 1
30 77 2
30 79 2
30 84 1
30 85 1
30 86 2
30 87 2
30 91 2
30 93 2
30 94 2
30 97 2
30 98 2
30 99 1
31 1 2
31 5 2
31 6 2
31 7 1
31 9 2
31 12 1
31 13 1
31 14 2
31 20 2
31 21 2
31 22 1
31 25 1
31 26 2
31 27 2
31 30 2
31 31 2
31 32 2
31 37 2
31 39 1
31 42 2
31 43 2
31 44 2
31 45 2
31 47 2
31 49 2
31 50 1
31 52 2
31 54 2
31 56 2
31 62 1
31 65 2
31 66 2
31 68 2
31 69 1
31 71 2
31 73 2
31 75 2
31 77 2
31 78 2
31 80 1
31 82 1
31 83 1
31 84 2
31 86 1
31 87 2
31 88 1
31 89 2
31 90 2
31 91 2
31 93 1
31 94 2
31 95 2
31 97 2
31 98 2
31 99 1
32 1 1
32 2 1
32 8 1
32 9 1
32 13 2
32 15 2
32 16 2
32 17 2
32 18 1
32 20 2
32 22 2
32 24 2
32 27 2
32 28 2
32 31 2
32 37 2
32 38 2
32 39 2
32 40 2
32 42 2
32 43 2
32 47 1
32 49 2
32 52 2
32 56 2
32 58 2
32 59 2
32 62 2
32 65 2
32 66 2
32 67 1
32 68 1
32 69 2
32 70 1
32 71 2
32 73 2
32 76 1
32 77 2
32 78 1
32 79 2
32 80 1
32 81 2
32 82 2
32 84 1
32 87 2
32 91 1
32 93 1
32 94 2
33 3 1
33 4 2
33 5 2
33 6 2
33 9 1
33 12 1
33 14 2
33 16 2
33 18 2
33 23 2
33 24 1
33 26 1
33 27 1
33 31 1
33 33 2
33 37 2
33 38 2
33 39 2
33 41 1
33 42 1
33 43 2
33 44 2
33 47 2
33 49 2
33 51 1
33 54 2
33 55 2
33 56 2
33 57 2
33 60 1
33 61 2
33 62 2
33 64 1
33 65 2
33 66 2
33 67 1
33 68 1
33 70 1
33 71 2
33 73 2
33 75 2
33 76 2
33 77 1
33 79 2
33 80 2
33 83 2
33 84 2
33 86 1
33 88 1
33 90 1
33 91 1
33 94 2
33 99 1
34 1 1
34 3 2
34 6 1
34 8 1
34 12 1
34 13 2
34 14 1
34 16 2
34 17 2
34 21 1
34 22 1
34 23 1
34 26 1
34 28 1
34 39 1
34 41 1
34 42 2
34 43 1
34 44 1
34 47 1
34 49 2
34 50 1
34 52 2
34 53 2
34 56 1
34 57 2
34 58 1
34 62 1
34 64 1
34 65 1
34 66 1
34 68 1
34 71 2
34 73 1
34 76 1
34 78 1
34 79 2
34 82 1
34 83 1
34 84 1
34 86 1
34 88 2
34 89 1
34 92 1
34 94 1
34 97 2
34 98 2
35 1 1
35 2 2
35 4 1
35 5 1
35 6 1
35 11 1
35 12 2
35 14 2
35 15 2
35 16 1
35 18 1
35 20 1
35 21 2
35 22 1
35 24 1
35 26 2
35 30 1
35 34 2
35 35 2
35 37 1
35 38 2
35 39 1
35 42 1
35 43 1
35 44 1
35 47 1
35 56 2
35 58 1
35 59 1
35 64 1
35 65 1
35 66 2
35 67 2
35 68 1
35 69 1
35 71 1
35 73 1
35 75 1
35 76 2
35 78 2
35 80 1
35 82 1
35 84 1
35 85 1
35 86 2
35 88 2
35 91 2
35 94 1
35 97 2
35 99 2
35 100 2
36 1 1
36 7 2
36 9 2
36 12 1
36 13 1
36 15 1
36 20 1
36 22 1
36 23 1
36 25 1
36 26 1
36 28 1
36 35 1
36 37 1
36 38 2
36 39 1
36 42 1
36 43 1
36 44 1
36 45 1
36 46 1
36 47 1
36 50 1
36 52 1
36 53 2
36 54 1
36 56 1
36 58 2
36 71 1
36 73 1
36 76 1
36 77 1
36 83 1
36 84 1
36 85 1
36 86 1
36 89 2
36 90 2
36 91 1
36 92 1
36 93 1
36 97 2
36 100 2
37 1 1
37 3 2
37 5 1
37 7 1
37 11 2
37 12 1
37 13 2
37 15 1
37 16 2
37 18 2
37 22 2
37 26 2
37 28 2
37 30 2
37 34 2
37 36 2
37 37 2
37 38 2
37 39 2
37 42 1
37 44 1
37 47 2
37 49 2
37 51 1
37 54 1
37 56 2
37 58 2
37 61 2
37 64 2
37 65 2
37 68 1
37 69 2
37 71 2
37 74 2
37 75 2
37 76 2
37 77 2
37 78 2
37 79 2
37 82 2
37 83 1
37 84 2
37 86 1
37 87 2
37 88 2
37 91 2
37 94 2
37 97 2
37 98 2
37 99 1
37 100 1
38 1 2
38 5 2
38 8 2
38 12 1
38 14 2
38 15 1
38 16 2
38 22 1
38 23 2
38 24 2
38 26 2
38 28 2
38 32 2
38 34 2
38 35 2
38 38 2
38 39 2
38 40 2
38 42 2
38 43 2
38 44 1
38 45 1
38 47 1
38 50 1
38 54 1
38 56 2
38 57 1
38 58 2
38 59 2
38 61 2
38 62 2
38 64 1
38 65 2
38 70 2
38 71 2
38 73 2
38 74 2
38 76 2
38 82 2
38 84 1
38 86 2
38 87 2
38 88 2
38 89 1
38 91 1
38 94 2
38 95 2
38 98 2
38 100 1
39 1 1
39 3 1
39 4 1
39 5 1
39 6 1
39 7 1
39 9 1
39 11 1
39 14 1
39 16 1
39 18 2
39 20 1
39 22 1
39 24 2
39 27 1
39 29 1
39 31 2
39 33 2
39 34 1
39 35 1
39 37 1
39 38 1
39 39 1
39 40 2
39 42 1
39 43 1
39 44 1
39 47 1
39 49 1
39 50 1
39 52 2
39 58 1
39 61 1
39 62 1
39 65 1
39 66 2
39 67 2
39 68 2
39 71 1
39 73 1
39 74 1
39 76 1
39 78 1
39 79 2
39 80 1
39 82 1
39 84 1
39 85 1
39 86 1
39 87 1
39 89 2
39 94 1
39 97 2
39 100 2
40 1 1
40 3 1
40 4 2
40 6 1
40 7 1
40 9 2
40 11 1
40 12 1
40 13 1
40 14 1
40 16 1
40 21 1
40 22 2
40 23 1
40 26 1
40 27 1
40 28 1
40 31 2
40 34 2
40 37 1
40 38 2
40 39 1
40 42 2
40 44 1
40 45 2
40 48 1
40 50 1
40 53 1
40 55 1
40 56 1
40 57 2
40 61 1
40 64 1
40 65 2
40 66 2
40 67 2
40 70 1
40 74 1
40 77 1
40 78 1
40 79 1
40 84 1
40 86 2
40 87 1
40 88 1
40 89 1
40 91 2
40 93 1
40 94 1
41 5 2
41 6 1
41 7 1
41 8 1
41 10 2
41 11 2
41 12 2
41 13 2
41 14 2
41 16 2
41 17 2
41 18 1
41 21 2
41 22 1
41 25 2
41 26 1
41 27 2
41 28 2
41 32 2
41 35 1
41 37 2
41 38 2
41 39 2
41 42 1
41 43 2
41 44 1
41 45 2
41 49 2
41 54 1
41 56 2
41 65 2
41 67 1
41 68 1
41 69 2
41 70 2
41 71 2
41 73 2
41 75 2
41 76 2
41 77 2
41 79 2
41 81 1
41 85 2
41 88 2
41 89 2
41 91 2
41 94 1
41 99 1
41 100 1
42 11 1
42 12 1
42 14 1
42 15 2
42 17 2
42 22 1
42 28 2
42 30 2
42 31 1
42 34 1
42 35 1
42 37 1
42 38 1
42 39 1
42 41 1
42 42 1
42 43 1
42 44 1
42 45 2
42 47 1
42 49 2
42 55 1
42 56 1
42 58 1
42 59 2
42 62 1
42 64 1
42 66 1
42 68 1
42 70 1
42 71 1
42 73 1
42 76 1
42 79 2
42 82 1
42 86 1
42 87 1
42 88 1
42 91 1
42 93 1
42 94 1
42 98 2
42 99 2
42 100 2
43 1 1
43 4 1
43 6 1
43 7 2
43 8 2
43 9 1
43 14 1
43 18 2
43 20 1
43 22 2
43 23 2
43 25 1
43 33 1
43 35 2
43 36 1
43 37 1
43 38 1
43 40 2
43 42 2
43 43 1
43 44 1
43 49 1
43 50 1
43 52 1
43 55 1
43 56 1
43 58 1
43 61 2
43 62 2
43 64 1
43 66 1
43 68 1
43 73 1
43 75 2
43 77 2
43 78 2
43 79 2
43 82 1
43 85 1
43 86 1
43 88 1
43 89 2
43 90 1
43 91 1
43 94 1
43 95 1
43 97 2
44 2 1
44 5 1
44 6 1
44 7 2
44 8 1
44 9 1
44 12 1
44 13 2
44 14 2
44 16 1
44 18 2
44 20 1
44 22 1
44 25 1
44 26 2
44 27 1
44 32 2
44 34 2
44 37 1
44 38 2
44 39 1
44 42 1
44 43 1
44 44 1
44 45 2
44 49 1
44 50 1
44 51 1
44 55 2
44 56 2
44 58 1
44 62 1
44 65 2
44 66 2
44 68 1
44 69 1
44 71 1
44 73 1
44 75 1
44 76 1
44 77 1
44 78 1
44 79 2
44 88 2
44 89 1
44 90 2
44 91 1
44 93 1
44 94 1
44 100 2
45 1 1
45 5 2
45 7 2
45 9 2
45 10 2
45 12 2
45 14 2
45 15 1
45 16 2
45 18 2
45 20 2
45 22 2
45 26 2
45 27 1
45 28 2
45 31 2
45 32 2
45 37 1
45 39 2
45 42 2
45 43 2
45 44 2
45 47 1
45 49 1
45 52 2
45 56 2
45 58 1
45 62 1
45 64 2
45 67 2
45 71 2
45 73 2
45 75 2
45 76 1
45 77 2
45 79 2
45 84 2
45 85 2
45 86 1
45 88 2
45 91 1
45 92 2
45 94 1
45 99 1
45 100 1
46 1 1
46 7 1
46 8 1
46 9 1
46 10 1
46 11 1
46 12 1
46 13 1
46 16 1
46 18 2
46 22 1
46 25 2
46 26 1
46 28 1
46 32 1
46 34 1
46 36 1
46 37 1
46 38 1
46 39 2
46 41 1
46 42 2
46 44 2
46 47 1
46 50 1
46 51 1
46 52 2
46 55 2
46 56 1
46 58 1
46 59 1
46 64 1
46 67 2
46 68 2
46 69 1
46 73 1
46 75 2
46 76 1
46 77 2
46 80 2
46 84 1
46 86 1
46 87 1
46 90 2
46 91 1
46 94 1
46 95 2
47 3 1
47 5 2
47 6 1
47 9 2
47 11 1
47 12 1
47 13 1
47 14 1
47 16 1
47 18 2
47 19 1
47 21 2
47 22 1
47 23 1
47 26 1
47 27 2
47 31 1
47 33 1
47 34 1
47 37 1
47 38 2
47 39 2
47 41 1
47 42 1
47 44 1
47 45 2
47 47 1
47 51 2
47 52 1
47 55 1
47 57 2
47 58 2
47 60 2
47 61 2
47 64 1
47 65 1
47 67 1
47 68 2
47 70 1
47 73 1
47 75 1
47 76 1
47 77 1
47 79 1
47 82 1
47 85 1
47 86 2
47 88 1
47 89 2
47 91 2
47 94 1
47 95 2
47 97 2
47 100 2
48 5 1
48 6 1
48 16 2
48 18 2
48 22 2
48 24 2
48 26 2
48 28 2
48 31 2
48 32 1
48 33 2
48 35 2
48 37 2
48 38 1
48 39 1
48 42 2
48 44 2
48 45 2
48 46 1
48 48 1
48 49 2
48 54 2
48 55 1
48 58 2
48 60 2
48 64 2
48 66 2
48 70 1
48 71 2
48 73 2
48 75 2
48 76 1
48 79 2
48 84 1
48 85 2
48 86 2
48 89 2
48 91 1
48 94 1
48 95 2
48 97 2
48 100 1
49 1 1
49 2 2
49 5 1
49 6 1
49 7 2
49 8 2
49 9 1
49 13 1
49 23 1
49 25 1
49 27 1
49 28 1
49 30 1
49 34 1
49 35 1
49 37 1
49 38 1
49 39 1
49 40 2
49 42 2
49 43 1
49 44 1
49 45 2
49 50 1
49 56 1
49 57 1
49 58 1
49 59 1
49 60 1
49 62 2
49 65 1
49 66 1
49 68 2
49 69 1
49 70 2
49 73 1
49 75 1
49 76 1
49 78 2
49 79 1
49 82 1
49 84 1
49 86 1
49 87 1
49 91 1
49 92 1
49 94 2
49 97 2
49 100 2
50 6 1
50 9 2
50 10 2
50 11 1
50 12 2
50 15 2
50 16 2
50 18 2
50 19 2
50 20 1
50 21 2
50 22 1
50 26 2
50 36 1
50 37 1
50 38 2
50 39 2
50 41 2
50 42 1
50 43 1
50 44 1
50 46 2
50 48 1
50 49 1
50 50 2
50 52 2
50 54 1
50 55 2
50 56 2
50 58 1
50 62 2
50 65 2
50 66 2
50 70 1
50 71 2
50 73 2
50 75 2
50 76 1
50 77 1
50 78 2
50 84 2
50 86 1
50 89 2
50 91 2
50 92 2
50 93 2
50 94 1
50 99 1
