1 1
2 2
3 2
4 2
5 1
6 2
7 2
8 2
9 2
10 1
11 1
12 1
13 1
14 1
15 1
16 2
17 1
18 1
19 2
20 2
21 1
22 2
23 1
24 1
25 1
26 2
27 2
28 2
29 2
30 1
31 1
32 2
33 1
34 1
35 1
36 1
37 1
38 1
39 2
40 2
41 2
42 1
43 2
44 2
45 2
46 2
47 2
48 1
49 2
50 1
51 2
52 1
53 1
54 2
55 2
56 2
57 2
58 2
59 1
60 2
61 2
62 2
63 2
64 1
65 2
66 2
67 1
68 2
69 1
70 2
71 2
72 1
73 2
74 1
75 2
76 1
77 1
78 1
79 2
80 1
81 2
82 1
83 2
84 1
85 2
86 2
87 1
88 1
89 2
90 2
91 1
92 1
93 1
94 1
95 1
96 1
97 1
98 1
99 2
100 2
101 1
102 2
103 1
104 2
105 1
106 1
107 1
108 2
109 2
110 1
111 1
112 1
113 2
114 1
115 1
116 2
117 1
118 2
119 2
120 1
121 2
122 1
123 2
124 1
125 1
126 1
127 1
128 2
129 1
130 1
131 1
132 2
133 2
134 2
135 1
136 1
137 2
138 1
139 2
140 1
141 2
142 2
143 2
144 1
145 2
146 2
147 1
148 2
149 1
150 1
151 1
152 2
153 1
154 1
155 2
156 1
157 2
158 2
159 2
160 2
161 1
162 1
163 2
164 1
165 1
166 2
167 2
168 2
169 2
170 1
171 1
172 2
173 1
174 1
175 1
176 1
177 1
178 2
179 2
180 1
181 1
182 1
183 2
184 1
185 2
186 1
187 1
188 2
189 1
190 1
191 2
192 2
193 1
194 2
195 1
196 1
197 1
198 1
199 2
200 1
201 2
202 1
203 1
204 1
205 1
206 1
207 1
208 1
209 2
210 2
211 1
212 1
213 2
214 1
215 2
216 1
217 1
218 2
219 1
220 1
221 1
222 2
223 1
224 1
225 2
226 1
227 2
228 1
229 1
230 2
231 1
232 2
233 2
234 2
235 1
236 1
237 1
238 2
239 2
240 1
241 1
242 2
243 1
244 1
245 2
246 1
247 2
248 1
249 2
250 1
251 1
252 1
253 2
254 2
255 2
256 1
257 2
258 2
259 2
260 1
261 2
262 1
263 1
264 2
265 1
266 1
267 2
268 2
269 1
270 2
271 2
272 1
273 1
274 2
275 2
276 1
277 2
278 2
279 1
280 1
281 1
282 2
283 1
284 2
285 2
286 1
287 1
288 1
289 2
290 2
291 2
292 2
293 1
294 2
295 1
296 2
297 2
298 2
299 1
300 2
301 2
302 2
303 1
304 2
305 1
306 2
307 1
308 1
309 1
310 2
311 2
312 1
313 2
314 1
315 2
316 1
317 2
318 2
319 2
320 2
321 2
322 1
323 1
324 2
325 2
326 2
327 1
328 2
329 1
330 1
331 1
332 1
333 2
334 1
335 1
336 2
337 2
338 1
339 1
340 2
341 1
342 2
343 2
344 1
345 1
346 2
347 1
348 1
349 2
350 1
351 2
352 1
353 1
354 1
355 1
356 1
357 1
358 2
359 1
360 1
361 2
362 1
363 1
364 1
365 1
366 2
367 2
368 2
369 2
370 2
371 1
372 2
373 1
374 2
375 2
376 2
377 1
378 1
379 1
380 1
381 1
382 1
383 2
384 2
385 1
386 2
387 1
388 2
389 1
390 2
391 2
392 1
393 1
394 2
395 2
396 1
397 2
398 2
399 1
400 1
401 2
402 2
403 2
404 2
405 1
406 2
407 2
408 2
409 2
410 1
411 2
412 2
413 2
414 1
415 2
416 2
417 1
418 2
419 2
420 2
421 1
422 2
423 2
424 1
425 1
426 2
427 1
428 1
429 2
430 1
431 2
432 1
433 2
434 2
435 2
436 2
437 1
438 2
439 2
440 2
441 2
442 1
443 1
444 1
445 2
446 1
447 2
448 1
449 2
450 1
451 2
452 2
453 1
454 2
455 1
456 2
457 1
458 2
459 2
460 1
461 1
462 1
463 1
464 1
465 1
466 1
467 1
468 1
469 2
470 2
471 2
472 1
473 1
474 2
475 1
476 1
477 1
478 1
479 1
480 1
481 1
482 2
483 1
484 2
485 1
486 2
487 1
488 2
489 1
490 2
491 1
492 2
493 2
494 2
495 2
496 2
497 2
498 1
499 1
500 2
501 2
502 2
503 1
504 1
505 1
506 2
507 1
508 1
509 2
510 2
511 1
512 1
513 1
514 1
515 2
516 2
517 1
518 2
519 1
520 1
521 2
522 2
523 2
524 2
525 2
526 2
527 2
528 2
529 2
530 1
531 1
532 1
533 1
534 2
535 1
536 2
537 2
538 1
539 1
540 2
541 1
542 1
543 2
544 1
545 2
546 1
547 1
548 2
549 1
550 2
551 2
552 2
553 1
554 2
555 2
556 2
557 2
558 1
559 1
560 2
561 2
562 2
563 2
564 2
565 2
566 1
567 2
568 2
569 2
570 1
571 1
572 2
573 2
574 1
575 2
576 2
577 2
578 2
579 1
580 1
581 1
582 2
583 2
584 2
585 1
586 1
587 2
588 1
589 1
590 1
591 1
592 1
593 2
594 2
595 2
596 1
597 2
598 1
599 2
600 1
601 2
602 1
603 2
604 1
605 2
606 1
607 2
608 2
609 2
610 2
611 2
612 2
613 1
614 1
615 2
616 2
617 1
618 2
619 2
620 1
621 2
622 2
623 1
624 2
625 1
626 1
627 2
628 2
629 1
630 1
631 1
632 1
633 1
634 1
635 2
636 2
637 1
638 1
639 2
640 2
641 1
642 1
643 2
644 1
645 2
646 1
647 2
648 1
649 2
650 1
651 1
652 2
653 2
654 1
655 1
656 1
657 2
658 1
659 2
660 2
661 2
662 1
663 1
664 1
665 1
666 2
667 2
668 2
669 2
670 2
671 2
672 2
673 1
674 2
675 1
676 2
677 2
678 1
679 1
680 2
681 2
682 2
683 1
684 1
685 1
686 1
687 1
688 2
689 2
690 2
691 2
692 2
693 1
694 1
695 2
696 2
697 2
698 2
699 1
700 1
701 1
702 2
703 1
704 1
705 2
706 1
707 2
708 2
709 2
710 1
711 1
712 2
713 2
714 1
715 2
716 1
717 2
718 2
719 2
720 2
721 1
722 2
723 2
724 1
725 2
726 1
727 2
728 1
729 2
730 1
731 1
732 2
733 1
734 2
735 2
736 1
737 1
738 2
739 2
740 2
741 1
742 2
743 2
744 1
745 2
746 2
747 2
748 2
749 1
750 2
751 2
752 1
753 1
754 2
755 1
756 1
757 1
758 2
759 1
760 2
761 2
762 1
763 2
764 1
765 1
766 1
767 1
768 2
769 2
770 2
771 2
772 2
773 2
774 1
775 2
776 2
777 2
778 2
779 2
780 1
781 1
782 2
783 2
784 1
785 2
786 2
787 2
788 2
789 1
790 2
791 1
792 2
793 1
794 2
795 2
796 2
797 1
798 2
799 1
800 1
801 2
802 2
803 1
804 1
805 1
806 1
807 1
808 2
809 2
810 2
811 2
812 2
813 2
814 1
815 2
816 2
817 2
818 1
819 2
820 2
821 1
822 1
823 1
824 2
825 1
826 1
827 1
828 2
829 2
830 2
831 2
832 1
833 1
834 1
835 2
836 1
837 1
838 2
839 1
840 2
841 2
842 2
843 2
844 1
845 1
846 1
847 1
848 2
849 1
850 1
851 2
852 2
853 2
854 1
855 1
856 2
857 1
858 1
859 1
860 1
861 2
862 1
863 1
864 2
865 1
866 2
867 2
868 2
869 1
870 1
871 1
872 2
873 1
874 2
875 1
876 2
877 2
878 2
879 1
880 2
881 1
882 1
883 2
884 2
885 1
886 2
887 1
888 1
889 1
890 2
891 2
892 2
893 1
894 1
895 2
896 1
897 1
898 2
899 2
900 1
901 1
902 1
903 1
904 1
905 2
906 1
907 2
908 1
909 1
910 1
911 1
912 1
913 2
914 2
915 1
916 2
917 2
918 1
919 1
920 2
921 1
922 2
923 1
924 1
925 1
926 2
927 2
928 1
929 1
930 2
931 2
932 2
933 2
934 2
935 2
936 1
937 2
938 1
939 1
940 1
941 1
942 1
943 2
944 1
945 1
946 2
947 2
948 1
949 2
950 1
951 1
952 1
953 2
954 2
955 2
956 1
957 2
958 2
959 2
960 1
961 2
962 1
963 1
964 2
965 1
966 1
967 2
968 1
969 2
970 2
971 2
972 2
973 1
974 1
975 1
976 2
977 2
978 1
979 1
980 1
981 2
982 2
983 1
984 1
985 1
986 2
987 2
988 2
989 1
990 2
991 1
992 2
993 1
994 2
995 2
996 1
997 2
998 2
999 2
1000 2
