1 2
2 1
3 1
4 2
5 1
6 2
7 1
8 1
9 1
10 2
11 1
12 2
13 1
14 1
15 1
16 1
17 2
18 2
19 1
20 1
21 2
22 1
23 2
24 1
25 1
26 1
27 1
28 2
29 1
30 2
31 2
32 2
33 1
34 2
35 2
36 1
37 2
38 1
39 2
40 2
41 2
42 2
43 2
44 2
45 1
46 1
47 1
48 1
49 1
50 1
51 2
52 1
53 2
54 1
55 1
56 2
57 1
58 1
59 1
60 2
61 2
62 1
63 2
64 2
65 1
66 1
67 2
68 2
69 2
70 2
71 1
72 1
73 1
74 1
75 1
76 2
77 2
78 1
79 1
80 2
81 1
82 2
83 2
84 2
85 1
86 1
87 2
88 2
89 1
90 2
91 1
92 2
93 2
94 2
95 2
96 2
97 1
98 2
99 1
100 2
101 2
102 1
103 1
104 2
105 1
106 2
107 2
108 2
109 1
110 2
111 2
112 2
113 2
114 1
115 2
116 2
117 2
118 2
119 1
120 1
121 1
122 1
123 2
124 2
125 1
126 2
127 1
128 2
129 2
130 1
131 1
132 2
133 2
134 1
135 1
136 1
137 1
138 2
139 1
140 2
141 1
142 1
143 1
144 1
145 1
146 2
147 2
148 1
149 1
150 1
151 1
152 1
153 1
154 2
155 2
156 1
157 1
158 2
159 2
160 2
161 1
162 1
163 2
164 1
165 1
166 1
167 2
168 1
169 2
170 2
171 2
172 2
173 2
174 1
175 1
176 2
177 2
178 1
179 1
180 2
181 1
182 2
183 2
184 1
185 1
186 1
187 1
188 2
189 1
190 1
191 2
192 1
193 1
194 2
195 1
196 1
197 1
198 1
199 2
200 2
201 1
202 1
203 2
204 1
205 2
206 2
207 1
208 2
209 1
210 1
211 1
212 1
213 1
214 1
215 2
216 2
217 1
218 1
219 1
220 1
221 2
222 1
223 1
224 1
225 2
226 2
227 1
228 2
229 2
230 2
231 2
232 2
233 1
234 2
235 2
236 1
237 1
238 1
239 1
240 1
241 2
242 2
243 2
244 2
245 1
246 1
247 1
248 2
249 1
250 1
251 2
252 2
253 1
254 1
255 1
256 2
257 1
258 1
259 1
260 2
261 2
262 2
263 1
264 2
265 1
266 1
267 1
268 1
269 1
270 1
271 1
272 1
273 1
274 2
275 1
276 1
277 2
278 1
279 1
280 1
281 1
282 2
283 2
284 1
285 1
286 2
287 1
288 1
289 2
290 2
291 2
292 1
293 2
294 2
295 2
296 1
297 2
298 1
299 1
300 1
301 1
302 2
303 1
304 1
305 1
306 2
307 1
308 1
309 2
310 1
311 2
312 2
313 2
314 2
315 2
316 1
317 2
318 1
319 1
320 2
321 1
322 2
323 1
324 1
325 1
326 2
327 2
328 1
329 2
330 2
331 1
332 2
333 2
334 1
335 1
336 1
337 1
338 1
339 2
340 1
341 2
342 1
343 1
344 1
345 2
346 1
347 2
348 2
349 1
350 1
351 1
352 2
353 2
354 2
355 2
356 1
357 1
358 1
359 1
360 2
361 1
362 2
363 1
364 1
365 1
366 1
367 1
368 2
369 2
370 1
371 1
372 1
373 2
374 1
375 1
376 1
377 2
378 1
379 2
380 1
381 2
382 1
383 1
384 2
385 2
386 1
387 1
388 2
389 2
390 1
391 1
392 1
393 1
394 2
395 2
396 1
397 2
398 1
399 2
400 1
401 2
402 1
403 1
404 2
405 1
406 1
407 2
408 1
409 1
410 2
411 1
412 2
413 2
414 1
415 2
416 2
417 2
418 2
419 2
420 2
421 1
422 2
423 2
424 1
425 2
426 2
427 2
428 1
429 2
430 2
431 1
432 2
433 2
434 2
435 1
436 1
437 2
438 1
439 1
440 1
441 2
442 2
443 1
444 1
445 2
446 2
447 1
448 2
449 2
450 2
451 1
452 2
453 1
454 2
455 2
456 2
457 1
458 1
459 2
460 2
461 1
462 1
463 2
464 1
465 2
466 2
467 1
468 2
469 2
470 1
471 2
472 1
473 2
474 1
475 1
476 2
477 2
478 1
479 2
480 1
481 1
482 1
483 1
484 2
485 1
486 2
487 1
488 2
489 2
490 1
491 1
492 2
493 1
494 2
495 2
496 1
497 2
498 1
499 2
500 1
501 2
502 2
503 2
504 1
505 1
506 1
507 1
508 1
509 1
510 1
511 2
512 2
513 2
514 1
515 2
516 2
517 2
518 1
519 2
520 1
521 2
522 2
523 1
524 1
525 1
526 2
527 2
528 1
529 1
530 1
531 1
532 1
533 2
534 1
535 2
536 1
537 2
538 1
539 2
540 2
541 2
542 2
543 2
544 2
545 2
546 1
547 2
548 1
549 2
550 2
551 1
552 2
553 1
554 2
555 2
556 2
557 2
558 1
559 2
560 1
561 2
562 2
563 1
564 1
565 2
566 2
567 2
568 1
569 1
570 1
571 2
572 1
573 2
574 1
575 2
576 2
577 1
578 2
579 2
580 2
581 1
582 1
583 2
584 2
585 2
586 2
587 2
588 2
589 2
590 2
591 1
592 2
593 2
594 2
595 2
596 1
597 2
598 2
599 2
600 1
601 2
602 1
603 1
604 1
605 1
606 1
607 2
608 1
609 1
610 1
611 2
612 1
613 2
614 1
615 1
616 1
617 2
618 1
619 2
620 1
621 1
622 2
623 2
624 1
625 2
626 2
627 2
628 1
629 1
630 1
631 2
632 2
633 2
634 1
635 2
636 2
637 2
638 1
639 2
640 2
641 1
642 1
643 1
644 2
645 1
646 1
647 1
648 1
649 1
650 2
651 2
652 2
653 1
654 1
655 2
656 1
657 2
658 1
659 2
660 1
661 1
662 1
663 1
664 1
665 1
666 1
667 1
668 1
669 2
670 1
671 2
672 1
673 1
674 2
675 2
676 1
677 1
678 2
679 1
680 1
681 1
682 2
683 1
684 2
685 1
686 2
687 2
688 1
689 2
690 2
691 1
692 1
693 1
694 1
695 2
696 1
697 2
698 1
699 2
700 2
701 2
702 2
703 2
704 1
705 1
706 2
707 1
708 2
709 2
710 1
711 1
712 2
713 1
714 2
715 2
716 2
717 1
718 2
719 2
720 1
721 2
722 2
723 1
724 2
725 1
726 1
727 1
728 2
729 1
730 1
731 2
732 2
733 1
734 2
735 2
736 2
737 1
738 2
739 2
740 1
741 1
742 1
743 2
744 2
745 1
746 1
747 2
748 1
749 1
750 2
751 1
752 2
753 1
754 2
755 2
756 2
757 2
758 1
759 2
760 2
761 2
762 1
763 2
764 1
765 1
766 1
767 2
768 2
769 2
770 1
771 1
772 1
773 2
774 1
775 1
776 1
777 1
778 2
779 1
780 2
781 2
782 1
783 2
784 1
785 1
786 2
787 2
788 1
789 1
790 1
791 1
792 1
793 2
794 1
795 1
796 2
797 1
798 1
799 1
800 2
801 2
802 1
803 1
804 1
805 2
806 1
807 2
808 1
809 1
810 2
811 1
812 2
813 1
814 2
815 2
816 1
817 1
818 2
819 2
820 1
821 2
822 2
823 1
824 2
825 2
826 1
827 1
828 2
829 1
830 2
831 1
832 2
833 2
834 1
835 1
836 2
837 1
838 1
839 2
840 1
841 2
842 2
843 2
844 2
845 1
846 1
847 2
848 1
849 2
850 2
851 1
852 1
853 1
854 2
855 2
856 2
857 2
858 2
859 1
860 1
861 2
862 2
863 1
864 1
865 2
866 2
867 1
868 1
869 1
870 2
871 2
872 2
873 2
874 1
875 1
876 2
877 2
878 2
879 2
880 1
881 2
882 1
883 2
884 1
885 1
886 2
887 2
888 1
889 1
890 1
891 1
892 1
893 2
894 1
895 2
896 2
897 1
898 1
899 2
900 1
901 1
902 2
903 1
904 2
905 2
906 1
907 2
908 2
909 1
910 1
911 2
912 2
913 2
914 2
915 2
916 2
917 2
918 2
919 1
920 2
921 2
922 1
923 2
924 1
925 1
926 2
927 1
928 1
929 2
930 2
931 2
932 1
933 1
934 2
935 2
936 2
937 2
938 2
939 1
940 2
941 1
942 1
943 1
944 2
945 1
946 1
947 2
948 1
949 1
950 2
951 2
952 1
953 2
954 2
955 2
956 1
957 1
958 2
959 2
960 1
961 2
962 1
963 2
964 2
965 1
966 2
967 1
968 2
969 2
970 2
971 2
972 1
973 2
974 2
975 1
976 1
977 2
978 1
979 1
980 2
981 2
982 2
983 1
984 2
985 2
986 1
987 1
988 2
989 1
990 1
991 2
992 2
993 2
994 1
995 2
996 1
997 2
998 2
999 1
1000 2
