1 1
2 2
3 1
4 2
5 1
6 2
7 1
8 2
9 1
10 2
11 2
12 2
13 2
14 1
15 1
16 2
17 1
18 1
19 1
20 1
21 2
22 2
23 2
24 1
25 2
26 1
27 1
28 1
29 2
30 2
31 2
32 1
33 2
34 2
35 2
36 2
37 1
38 2
39 1
40 2
41 1
42 1
43 2
44 1
45 1
46 2
47 1
48 2
49 1
50 2
51 2
52 2
53 2
54 2
55 1
56 2
57 1
58 2
59 2
60 1
61 2
62 2
63 2
64 1
65 1
66 1
67 2
68 1
69 2
70 1
71 1
72 1
73 1
74 2
75 2
76 1
77 1
78 2
79 1
80 1
81 2
82 1
83 1
84 1
85 2
86 1
87 2
88 1
89 2
90 2
91 1
92 1
93 1
94 1
95 1
96 1
97 2
98 1
99 2
100 2
101 1
102 1
103 2
104 2
105 2
106 2
107 2
108 2
109 2
110 1
111 2
112 1
113 2
114 1
115 2
116 2
117 1
118 1
119 1
120 1
121 2
122 2
123 2
124 2
125 1
126 2
127 2
128 1
129 1
130 2
131 2
132 1
133 2
134 2
135 1
136 2
137 2
138 1
139 1
140 2
141 2
142 1
143 1
144 1
145 1
146 1
147 2
148 1
149 2
150 2
151 2
152 2
153 1
154 2
155 1
156 2
157 2
158 2
159 2
160 2
161 1
162 1
163 2
164 1
165 2
166 1
167 1
168 1
169 2
170 2
171 1
172 2
173 2
174 2
175 2
176 2
177 1
178 1
179 1
180 2
181 2
182 1
183 1
184 2
185 1
186 2
187 2
188 2
189 1
190 1
191 2
192 1
193 1
194 2
195 2
196 2
197 2
198 1
199 2
200 1
201 2
202 1
203 2
204 1
205 2
206 1
207 2
208 1
209 1
210 1
211 1
212 2
213 1
214 2
215 2
216 1
217 2
218 1
219 2
220 2
221 2
222 1
223 1
224 2
225 2
226 1
227 1
228 1
229 2
230 1
231 1
232 1
233 2
234 1
235 2
236 1
237 2
238 1
239 2
240 2
241 2
242 1
243 2
244 2
245 1
246 2
247 2
248 1
249 2
250 1
251 1
252 2
253 1
254 2
255 2
256 2
257 1
258 2
259 2
260 2
261 2
262 1
263 2
264 2
265 1
266 2
267 2
268 2
269 2
270 1
271 1
272 2
273 2
274 1
275 2
276 2
277 2
278 1
279 1
280 2
281 2
282 2
283 2
284 2
285 1
286 1
287 2
288 1
289 2
290 2
291 2
292 1
293 1
294 2
295 2
296 2
297 1
298 1
299 1
300 2
301 1
302 1
303 2
304 1
305 2
306 2
307 2
308 2
309 1
310 1
311 1
312 2
313 2
314 1
315 1
316 2
317 2
318 2
319 2
320 1
321 2
322 1
323 1
324 2
325 2
326 2
327 1
328 2
329 1
330 1
331 2
332 1
333 1
334 1
335 2
336 2
337 2
338 1
339 1
340 1
341 2
342 1
343 1
344 2
345 1
346 1
347 1
348 1
349 1
350 1
351 2
352 2
353 1
354 1
355 2
356 1
357 2
358 2
359 2
360 1
361 1
362 1
363 1
364 1
365 2
366 1
367 1
368 1
369 1
370 2
371 2
372 1
373 2
374 2
375 2
376 2
377 2
378 1
379 2
380 2
381 2
382 1
383 1
384 1
385 2
386 1
387 1
388 1
389 1
390 1
391 2
392 2
393 2
394 2
395 1
396 1
397 2
398 2
399 1
400 2
401 2
402 1
403 2
404 1
405 2
406 1
407 2
408 1
409 2
410 1
411 1
412 1
413 1
414 1
415 1
416 1
417 1
418 2
419 1
420 1
421 1
422 1
423 2
424 1
425 2
426 2
427 1
428 2
429 1
430 1
431 1
432 1
433 1
434 2
435 2
436 1
437 2
438 1
439 1
440 1
441 2
442 2
443 2
444 2
445 2
446 1
447 1
448 2
449 1
450 1
451 1
452 2
453 1
454 2
455 1
456 1
457 2
458 1
459 2
460 1
461 1
462 2
463 2
464 2
465 2
466 2
467 2
468 2
469 1
470 1
471 1
472 1
473 1
474 2
475 2
476 1
477 1
478 1
479 2
480 1
481 2
482 2
483 2
484 1
485 2
486 1
487 2
488 1
489 1
490 2
491 2
492 1
493 1
494 2
495 1
496 2
497 1
498 1
499 2
500 1
501 2
502 1
503 2
504 1
505 2
506 2
507 1
508 1
509 1
510 1
511 1
512 2
513 2
514 1
515 2
516 1
517 1
518 1
519 1
520 1
521 2
522 1
523 1
524 2
525 1
526 1
527 1
528 1
529 1
530 1
531 2
532 2
533 1
534 2
535 2
536 2
537 1
538 2
539 2
540 1
541 1
542 1
543 1
544 1
545 2
546 2
547 2
548 2
549 2
550 1
551 2
552 1
553 2
554 2
555 1
556 2
557 1
558 2
559 2
560 2
561 2
562 1
563 1
564 2
565 1
566 1
567 2
568 1
569 2
570 1
571 1
572 2
573 1
574 1
575 1
576 2
577 1
578 2
579 1
580 1
581 1
582 2
583 2
584 2
585 2
586 1
587 1
588 2
589 1
590 2
591 2
592 1
593 1
594 1
595 1
596 1
597 2
598 1
599 1
600 2
601 2
602 1
603 1
604 2
605 2
606 1
607 1
608 2
609 2
610 2
611 1
612 2
613 1
614 1
615 2
616 1
617 1
618 2
619 1
620 1
621 2
622 2
623 1
624 2
625 1
626 2
627 2
628 1
629 1
630 2
631 1
632 1
633 1
634 1
635 2
636 2
637 1
638 2
639 1
640 1
641 2
642 2
643 1
644 2
645 1
646 2
647 2
648 1
649 2
650 1
651 2
652 1
653 2
654 1
655 1
656 2
657 1
658 1
659 2
660 1
661 2
662 2
663 2
664 1
665 2
666 2
667 2
668 2
669 2
670 1
671 1
672 2
673 2
674 2
675 2
676 2
677 1
678 2
679 2
680 1
681 1
682 2
683 1
684 2
685 1
686 2
687 1
688 1
689 2
690 1
691 1
692 2
693 1
694 1
695 2
696 2
697 1
698 2
699 2
700 2
701 2
702 1
703 2
704 2
705 2
706 2
707 1
708 2
709 1
710 2
711 1
712 1
713 1
714 2
715 1
716 1
717 2
718 2
719 2
720 1
721 2
722 2
723 2
724 2
725 1
726 1
727 2
728 2
729 1
730 2
731 1
732 2
733 1
734 1
735 1
736 2
737 2
738 2
739 2
740 1
741 2
742 2
743 2
744 1
745 1
746 1
747 1
748 2
749 2
750 2
751 2
752 1
753 2
754 2
755 1
756 1
757 1
758 2
759 2
760 1
761 1
762 1
763 2
764 1
765 2
766 2
767 1
768 1
769 2
770 1
771 1
772 1
773 1
774 1
775 2
776 2
777 1
778 1
779 1
780 2
781 1
782 2
783 1
784 2
785 1
786 2
787 1
788 1
789 2
790 2
791 1
792 1
793 1
794 2
795 1
796 2
797 1
798 2
799 2
800 2
801 2
802 2
803 1
804 1
805 2
806 1
807 1
808 1
809 1
810 2
811 1
812 1
813 1
814 2
815 2
816 2
817 2
818 1
819 2
820 1
821 1
822 1
823 1
824 1
825 2
826 1
827 2
828 1
829 1
830 2
831 1
832 2
833 1
834 2
835 2
836 2
837 2
838 2
839 1
840 1
841 2
842 1
843 2
844 2
845 1
846 1
847 2
848 2
849 1
850 2
851 2
852 2
853 1
854 2
855 2
856 2
857 1
858 2
859 2
860 2
861 2
862 2
863 1
864 2
865 1
866 2
867 2
868 2
869 2
870 2
871 1
872 1
873 2
874 2
875 1
876 2
877 2
878 2
879 1
880 1
881 1
882 2
883 2
884 2
885 2
886 1
887 1
888 2
889 1
890 2
891 2
892 1
893 1
894 2
895 1
896 1
897 2
898 1
899 1
900 2
901 2
902 1
903 2
904 2
905 1
906 2
907 1
908 2
909 1
910 2
911 2
912 2
913 2
914 1
915 1
916 2
917 2
918 1
919 2
920 1
921 2
922 2
923 1
924 2
925 1
926 1
927 1
928 1
929 1
930 1
931 1
932 2
933 2
934 1
935 2
936 2
937 2
938 1
939 1
940 2
941 1
942 1
943 2
944 1
945 2
946 2
947 2
948 1
949 1
950 2
951 1
952 1
953 1
954 2
955 1
956 1
957 2
958 1
959 2
960 2
961 1
962 1
963 2
964 2
965 2
966 2
967 1
968 1
969 1
970 1
971 1
972 1
973 2
974 2
975 2
976 2
977 2
978 1
979 2
980 1
981 1
982 1
983 2
984 2
985 2
986 2
987 2
988 1
989 1
990 1
991 1
992 2
993 1
994 2
995 2
996 1
997 1
998 1
999 1
1000 1
