1 1
2 2
3 1
4 1
5 1
6 1
7 1
8 2
9 1
10 2
11 2
12 2
13 1
14 2
15 1
16 2
17 1
18 1
19 2
20 1
21 2
22 1
23 2
24 1
25 1
26 2
27 2
28 2
29 1
30 2
31 2
32 2
33 2
34 2
35 2
36 2
37 2
38 1
39 2
40 2
41 1
42 2
43 1
44 2
45 1
46 1
47 1
48 1
49 1
50 1
51 2
52 2
53 2
54 1
55 1
56 2
57 2
58 2
59 1
60 1
61 2
62 2
63 2
64 2
65 2
66 1
67 1
68 1
69 2
70 2
71 1
72 2
73 1
74 1
75 2
76 1
77 1
78 2
79 1
80 1
81 1
82 1
83 2
84 1
85 1
86 1
87 2
88 2
89 1
90 2
91 2
92 1
93 2
94 2
95 2
96 1
97 2
98 2
99 2
100 1
101 2
102 1
103 2
104 1
105 1
106 1
107 2
108 2
109 2
110 1
111 2
112 2
113 1
114 1
115 1
116 2
117 1
118 1
119 1
120 1
121 2
122 2
123 1
124 2
125 1
126 1
127 1
128 1
129 2
130 2
131 1
132 1
133 1
134 1
135 2
136 2
137 1
138 2
139 2
140 2
141 2
142 1
143 2
144 1
145 1
146 2
147 1
148 2
149 1
150 2
151 2
152 2
153 1
154 1
155 1
156 2
157 1
158 2
159 2
160 1
161 2
162 1
163 1
164 2
165 1
166 1
167 2
168 1
169 2
170 1
171 2
172 1
173 1
174 1
175 2
176 1
177 2
178 2
179 2
180 2
181 2
182 2
183 1
184 2
185 1
186 2
187 1
188 1
189 1
190 2
191 1
192 1
193 2
194 2
195 1
196 2
197 2
198 1
199 1
200 1
201 1
202 2
203 2
204 2
205 1
206 1
207 1
208 1
209 2
210 1
211 1
212 1
213 1
214 2
215 2
216 2
217 1
218 1
219 1
220 2
221 2
222 2
223 2
224 2
225 1
226 2
227 2
228 2
229 1
230 2
231 1
232 1
233 1
234 2
235 1
236 2
237 1
238 2
239 2
240 2
241 2
242 2
243 1
244 2
245 2
246 2
247 1
248 1
249 1
250 1
251 2
252 2
253 1
254 2
255 2
256 1
257 1
258 1
259 2
260 1
261 2
262 1
263 2
264 1
265 1
266 2
267 1
268 2
269 1
270 2
271 2
272 2
273 1
274 2
275 1
276 2
277 2
278 2
279 2
280 2
281 1
282 1
283 1
284 2
285 1
286 1
287 1
288 1
289 1
290 2
291 1
292 2
293 2
294 1
295 1
296 2
297 2
298 1
299 2
300 1
301 2
302 1
303 1
304 1
305 2
306 1
307 1
308 1
309 2
310 2
311 1
312 2
313 2
314 2
315 2
316 2
317 1
318 2
319 2
320 2
321 2
322 1
323 1
324 1
325 1
326 2
327 1
328 1
329 1
330 1
331 1
332 2
333 1
334 1
335 1
336 2
337 1
338 2
339 1
340 2
341 2
342 2
343 1
344 1
345 1
346 1
347 2
348 2
349 2
350 2
351 2
352 2
353 1
354 1
355 2
356 1
357 2
358 1
359 2
360 2
361 1
362 2
363 2
364 1
365 1
366 2
367 1
368 2
369 2
370 1
371 2
372 1
373 2
374 2
375 1
376 2
377 1
378 1
379 1
380 2
381 1
382 1
383 1
384 1
385 1
386 1
387 1
388 1
389 1
390 1
391 2
392 2
393 1
394 1
395 2
396 2
397 1
398 2
399 2
400 2
401 1
402 2
403 1
404 1
405 1
406 2
407 1
408 2
409 1
410 2
411 2
412 2
413 2
414 2
415 1
416 1
417 1
418 1
419 1
420 2
421 2
422 2
423 1
424 1
425 2
426 2
427 2
428 1
429 2
430 1
431 2
432 2
433 1
434 2
435 2
436 1
437 1
438 1
439 2
440 2
441 2
442 2
443 1
444 2
445 1
446 2
447 2
448 2
449 2
450 1
451 1
452 2
453 1
454 1
455 1
456 1
457 2
458 1
459 1
460 2
461 2
462 1
463 1
464 1
465 1
466 2
467 2
468 2
469 2
470 1
471 2
472 2
473 1
474 1
475 1
476 1
477 2
478 2
479 2
480 2
481 1
482 1
483 1
484 2
485 1
486 2
487 1
488 2
489 2
490 2
491 2
492 1
493 2
494 2
495 2
496 2
497 1
498 1
499 2
500 2
501 2
502 1
503 1
504 1
505 2
506 1
507 2
508 1
509 1
510 2
511 1
512 1
513 2
514 1
515 1
516 1
517 2
518 1
519 2
520 2
521 2
522 1
523 2
524 1
525 1
526 2
527 1
528 1
529 2
530 1
531 1
532 1
533 1
534 1
535 1
536 2
537 2
538 2
539 2
540 2
541 1
542 1
543 1
544 1
545 2
546 1
547 1
548 1
549 1
550 1
551 1
552 2
553 1
554 1
555 1
556 2
557 1
558 1
559 2
560 1
561 1
562 2
563 1
564 2
565 1
566 1
567 1
568 2
569 1
570 2
571 2
572 2
573 1
574 1
575 2
576 1
577 2
578 1
579 1
580 2
581 1
582 1
583 1
584 1
585 1
586 1
587 2
588 1
589 1
590 1
591 2
592 2
593 1
594 2
595 2
596 2
597 1
598 1
599 2
600 2
601 2
602 2
603 1
604 1
605 2
606 1
607 2
608 2
609 2
610 2
611 2
612 1
613 1
614 2
615 1
616 2
617 1
618 1
619 1
620 2
621 1
622 1
623 1
624 2
625 2
626 1
627 1
628 2
629 1
630 2
631 2
632 1
633 1
634 1
635 1
636 1
637 1
638 1
639 2
640 2
641 1
642 2
643 2
644 2
645 2
646 1
647 1
648 1
649 2
650 1
651 2
652 2
653 1
654 1
655 2
656 1
657 2
658 2
659 2
660 2
661 1
662 1
663 2
664 1
665 1
666 2
667 2
668 1
669 2
670 2
671 2
672 1
673 2
674 1
675 1
676 2
677 1
678 1
679 1
680 1
681 1
682 2
683 1
684 1
685 1
686 2
687 1
688 1
689 1
690 2
691 2
692 2
693 1
694 1
695 2
696 1
697 1
698 1
699 1
700 2
701 1
702 2
703 2
704 2
705 2
706 1
707 1
708 1
709 2
710 1
711 2
712 1
713 1
714 2
715 2
716 1
717 1
718 1
719 2
720 1
721 1
722 2
723 2
724 1
725 2
726 1
727 1
728 1
729 2
730 2
731 1
732 1
733 2
734 2
735 1
736 1
737 1
738 2
739 2
740 2
741 1
742 2
743 1
744 2
745 2
746 1
747 1
748 1
749 1
750 1
751 2
752 2
753 1
754 2
755 1
756 1
757 2
758 1
759 1
760 2
761 2
762 1
763 2
764 1
765 1
766 1
767 2
768 1
769 1
770 2
771 2
772 2
773 1
774 2
775 1
776 1
777 2
778 2
779 2
780 1
781 1
782 1
783 1
784 2
785 2
786 1
787 1
788 2
789 2
790 1
791 1
792 1
793 1
794 1
795 1
796 1
797 1
798 1
799 1
800 2
801 1
802 1
803 2
804 2
805 2
806 2
807 1
808 2
809 1
810 1
811 1
812 1
813 1
814 2
815 1
816 1
817 1
818 1
819 2
820 1
821 2
822 2
823 1
824 2
825 1
826 1
827 1
828 2
829 1
830 1
831 1
832 1
833 2
834 1
835 1
836 1
837 2
838 1
839 2
840 2
841 1
842 2
843 2
844 2
845 2
846 2
847 1
848 1
849 1
850 2
851 2
852 1
853 2
854 1
855 2
856 1
857 2
858 2
859 1
860 1
861 2
862 1
863 1
864 1
865 2
866 2
867 2
868 2
869 2
870 1
871 2
872 1
873 1
874 1
875 2
876 1
877 1
878 1
879 2
880 2
881 1
882 1
883 2
884 1
885 1
886 1
887 1
888 1
889 1
890 2
891 1
892 1
893 1
894 1
895 1
896 2
897 2
898 2
899 1
900 2
901 1
902 1
903 1
904 1
905 1
906 1
907 2
908 2
909 2
910 2
911 1
912 1
913 2
914 1
915 2
916 1
917 1
918 1
919 2
920 1
921 2
922 2
923 1
924 2
925 2
926 2
927 1
928 2
929 2
930 1
931 2
932 1
933 2
934 2
935 2
936 1
937 1
938 1
939 1
940 1
941 1
942 2
943 2
944 1
945 1
946 1
947 1
948 1
949 2
950 1
951 1
952 2
953 1
954 1
955 1
956 2
957 2
958 2
959 1
960 2
961 1
962 2
963 1
964 2
965 1
966 2
967 1
968 2
969 2
970 2
971 1
972 2
973 2
974 1
975 2
976 2
977 2
978 2
979 2
980 1
981 1
982 2
983 1
984 1
985 2
986 1
987 1
988 2
989 2
990 1
991 1
992 1
993 1
994 1
995 1
996 1
997 2
998 1
999 2
1000 2
