1 2
2 2
3 2
4 1
5 2
6 1
7 2
8 1
9 2
10 1
11 1
12 2
13 2
14 2
15 1
16 1
17 1
18 2
19 1
20 1
21 1
22 2
23 2
24 1
25 2
26 2
27 1
28 1
29 2
30 1
31 2
32 1
33 1
34 1
35 2
36 1
37 1
38 1
39 1
40 1
41 1
42 1
43 1
44 1
45 1
46 2
47 1
48 2
49 1
50 1
51 2
52 1
53 2
54 2
55 1
56 1
57 2
58 2
59 2
60 1
61 2
62 2
63 2
64 1
65 1
66 1
67 2
68 1
69 2
70 1
71 1
72 2
73 1
74 2
75 2
76 2
77 2
78 1
79 2
80 1
81 1
82 1
83 2
84 1
85 2
86 2
87 2
88 2
89 1
90 2
91 2
92 1
93 2
94 1
95 1
96 1
97 1
98 2
99 1
100 2
101 1
102 2
103 1
104 1
105 2
106 1
107 2
108 2
109 2
110 2
111 2
112 1
113 1
114 2
115 2
116 1
117 2
118 2
119 2
120 2
121 1
122 1
123 1
124 1
125 1
126 2
127 2
128 1
129 2
130 1
131 2
132 1
133 1
134 2
135 2
136 1
137 2
138 1
139 2
140 1
141 2
142 2
143 2
144 2
145 1
146 2
147 1
148 1
149 1
150 2
151 1
152 1
153 1
154 1
155 1
156 1
157 2
158 2
159 2
160 1
161 2
162 2
163 1
164 2
165 2
166 2
167 2
168 1
169 2
170 2
171 1
172 1
173 1
174 2
175 2
176 2
177 1
178 1
179 2
180 1
181 2
182 1
183 2
184 2
185 2
186 1
187 2
188 1
189 1
190 2
191 2
192 1
193 1
194 2
195 2
196 2
197 2
198 2
199 2
200 1
201 2
202 2
203 2
204 1
205 2
206 2
207 1
208 2
209 2
210 2
211 2
212 1
213 2
214 1
215 1
216 1
217 2
218 1
219 1
220 2
221 1
222 2
223 1
224 2
225 2
226 1
227 1
228 2
229 1
230 1
231 1
232 2
233 1
234 1
235 1
236 2
237 1
238 1
239 2
240 1
241 1
242 1
243 1
244 2
245 2
246 2
247 1
248 2
249 2
250 2
251 2
252 1
253 1
254 2
255 1
256 2
257 1
258 1
259 2
260 2
261 2
262 2
263 1
264 1
265 1
266 1
267 2
268 2
269 1
270 1
271 2
272 2
273 2
274 2
275 1
276 1
277 2
278 2
279 1
280 2
281 2
282 2
283 1
284 2
285 1
286 2
287 2
288 2
289 2
290 2
291 2
292 2
293 2
294 1
295 1
296 1
297 1
298 1
299 2
300 2
301 1
302 2
303 2
304 2
305 2
306 1
307 1
308 2
309 2
310 1
311 1
312 1
313 1
314 2
315 2
316 2
317 2
318 1
319 2
320 2
321 2
322 1
323 1
324 1
325 2
326 2
327 2
328 2
329 2
330 1
331 1
332 1
333 2
334 1
335 2
336 2
337 1
338 1
339 2
340 2
341 1
342 2
343 1
344 1
345 2
346 2
347 2
348 2
349 2
350 1
351 1
352 2
353 2
354 2
355 1
356 1
357 2
358 1
359 1
360 2
361 1
362 1
363 1
364 2
365 2
366 1
367 2
368 1
369 2
370 2
371 2
372 1
373 2
374 1
375 2
376 2
377 1
378 1
379 1
380 2
381 2
382 1
383 1
384 2
385 2
386 2
387 2
388 1
389 2
390 2
391 1
392 1
393 1
394 1
395 2
396 2
397 2
398 2
399 2
400 1
401 1
402 1
403 2
404 2
405 1
406 1
407 1
408 1
409 1
410 1
411 2
412 2
413 2
414 2
415 2
416 2
417 2
418 1
419 1
420 2
421 2
422 1
423 1
424 2
425 1
426 2
427 2
428 1
429 2
430 1
431 1
432 2
433 2
434 1
435 1
436 1
437 1
438 1
439 1
440 2
441 2
442 2
443 1
444 1
445 1
446 1
447 1
448 2
449 2
450 2
451 2
452 1
453 1
454 1
455 1
456 2
457 1
458 1
459 1
460 2
461 2
462 2
463 2
464 1
465 1
466 1
467 1
468 2
469 2
470 1
471 1
472 2
473 2
474 1
475 1
476 2
477 1
478 1
479 1
480 1
481 2
482 2
483 1
484 1
485 2
486 1
487 2
488 2
489 2
490 1
491 2
492 1
493 2
494 1
495 1
496 2
497 2
498 1
499 1
500 1
501 2
502 1
503 1
504 2
505 1
506 2
507 1
508 1
509 1
510 1
511 2
512 1
513 1
514 1
515 2
516 2
517 1
518 1
519 2
520 1
521 1
522 1
523 2
524 2
525 2
526 2
527 1
528 2
529 1
530 1
531 2
532 1
533 1
534 1
535 1
536 2
537 2
538 1
539 1
540 2
541 1
542 1
543 2
544 2
545 1
546 1
547 1
548 1
549 1
550 2
551 1
552 1
553 1
554 2
555 1
556 1
557 1
558 2
559 2
560 1
561 1
562 2
563 1
564 1
565 1
566 2
567 1
568 2
569 1
570 1
571 2
572 2
573 1
574 1
575 2
576 2
577 1
578 1
579 2
580 2
581 1
582 2
583 1
584 2
585 2
586 2
587 2
588 1
589 1
590 2
591 2
592 2
593 1
594 2
595 2
596 2
597 1
598 2
599 2
600 2
601 1
602 1
603 2
604 2
605 1
606 1
607 1
608 1
609 2
610 1
611 1
612 1
613 2
614 2
615 1
616 2
617 1
618 1
619 1
620 2
621 2
622 1
623 1
624 1
625 2
626 1
627 1
628 1
629 2
630 1
631 1
632 2
633 2
634 2
635 2
636 2
637 1
638 1
639 1
640 2
641 1
642 2
643 2
644 1
645 1
646 1
647 1
648 2
649 2
650 2
651 1
652 2
653 1
654 1
655 1
656 2
657 1
658 1
659 1
660 1
661 1
662 2
663 2
664 1
665 2
666 2
667 2
668 2
669 1
670 2
671 2
672 1
673 2
674 1
675 1
676 1
677 2
678 1
679 2
680 2
681 1
682 2
683 1
684 1
685 1
686 2
687 2
688 1
689 1
690 1
691 1
692 1
693 2
694 1
695 2
696 2
697 2
698 2
699 1
700 1
701 2
702 1
703 1
704 1
705 1
706 1
707 2
708 1
709 1
710 1
711 1
712 2
713 1
714 2
715 2
716 2
717 2
718 1
719 1
720 2
721 1
722 1
723 2
724 1
725 2
726 1
727 2
728 2
729 2
730 2
731 2
732 1
733 2
734 2
735 1
736 1
737 2
738 1
739 1
740 1
741 1
742 1
743 1
744 2
745 2
746 1
747 1
748 1
749 2
750 1
751 2
752 2
753 2
754 1
755 1
756 2
757 1
758 2
759 2
760 1
761 2
762 2
763 1
764 2
765 2
766 2
767 2
768 1
769 1
770 1
771 1
772 2
773 2
774 2
775 2
776 1
777 2
778 2
779 2
780 2
781 1
782 2
783 1
784 1
785 2
786 2
787 2
788 2
789 1
790 2
791 2
792 1
793 2
794 2
795 2
796 1
797 2
798 1
799 2
800 1
801 2
802 2
803 2
804 1
805 2
806 2
807 1
808 1
809 2
810 2
811 2
812 2
813 1
814 1
815 1
816 2
817 2
818 2
819 1
820 2
821 1
822 2
823 2
824 2
825 2
826 1
827 1
828 2
829 1
830 1
831 1
832 1
833 2
834 1
835 1
836 1
837 2
838 2
839 1
840 2
841 1
842 1
843 1
844 1
845 1
846 1
847 1
848 2
849 1
850 1
851 2
852 1
853 1
854 2
855 2
856 1
857 1
858 1
859 1
860 1
861 1
862 2
863 1
864 2
865 2
866 2
867 2
868 1
869 1
870 1
871 1
872 1
873 2
874 1
875 2
876 1
877 2
878 1
879 2
880 1
881 1
882 2
883 2
884 1
885 1
886 2
887 1
888 2
889 2
890 1
891 2
892 1
893 1
894 1
895 2
896 1
897 1
898 2
899 1
900 2
901 1
902 2
903 2
904 1
905 2
906 2
907 1
908 2
909 1
910 2
911 2
912 1
913 2
914 2
915 1
916 1
917 1
918 2
919 1
920 2
921 1
922 2
923 1
924 2
925 2
926 1
927 1
928 2
929 1
930 2
931 1
932 1
933 2
934 2
935 2
936 2
937 1
938 2
939 2
940 1
941 2
942 1
943 2
944 1
945 2
946 2
947 2
948 2
949 2
950 2
951 1
952 2
953 2
954 1
955 2
956 1
957 2
958 1
959 2
960 2
961 2
962 2
963 2
964 1
965 2
966 2
967 1
968 1
969 2
970 1
971 2
972 2
973 2
974 2
975 2
976 1
977 1
978 2
979 1
980 1
981 1
982 2
983 1
984 2
985 1
986 2
987 2
988 1
989 2
990 2
991 2
992 2
993 1
994 1
995 2
996 1
997 2
998 1
999 2
1000 2
