1 2
2 1
3 2
4 2
5 2
6 1
7 1
8 2
9 2
10 1
11 1
12 1
13 2
14 2
15 2
16 1
17 2
18 1
19 2
20 2
21 2
22 2
23 2
24 2
25 2
26 2
27 1
28 1
29 2
30 1
31 1
32 2
33 2
34 2
35 1
36 2
37 2
38 1
39 2
40 1
41 1
42 1
43 1
44 1
45 2
46 2
47 2
48 2
49 2
50 1
51 2
52 1
53 1
54 1
55 1
56 2
57 2
58 2
59 1
60 1
61 1
62 2
63 1
64 1
65 1
66 1
67 2
68 1
69 2
70 2
71 1
72 2
73 2
74 1
75 2
76 2
77 2
78 2
79 1
80 1
81 2
82 2
83 2
84 2
85 2
86 2
87 1
88 1
89 2
90 1
91 2
92 1
93 1
94 2
95 2
96 1
97 2
98 2
99 1
100 1
101 1
102 2
103 2
104 2
105 2
106 2
107 2
108 2
109 2
110 1
111 2
112 1
113 1
114 1
115 1
116 1
117 1
118 1
119 2
120 2
121 1
122 2
123 2
124 2
125 2
126 2
127 2
128 2
129 1
130 1
131 1
132 1
133 2
134 1
135 1
136 2
137 2
138 2
139 2
140 2
141 2
142 1
143 2
144 1
145 2
146 2
147 1
148 1
149 2
150 1
151 2
152 1
153 1
154 2
155 2
156 2
157 2
158 2
159 1
160 1
161 2
162 1
163 1
164 1
165 1
166 2
167 2
168 1
169 2
170 2
171 2
172 2
173 1
174 1
175 1
176 1
177 1
178 2
179 2
180 2
181 1
182 1
183 2
184 2
185 2
186 1
187 1
188 2
189 1
190 1
191 2
192 1
193 2
194 2
195 2
196 2
197 2
198 2
199 2
200 1
201 2
202 2
203 1
204 2
205 1
206 2
207 1
208 1
209 2
210 1
211 2
212 1
213 2
214 1
215 1
216 2
217 1
218 1
219 2
220 1
221 2
222 1
223 2
224 2
225 1
226 1
227 2
228 2
229 2
230 2
231 2
232 1
233 1
234 2
235 2
236 2
237 2
238 1
239 2
240 2
241 1
242 2
243 1
244 2
245 1
246 2
247 1
248 1
249 2
250 2
251 1
252 1
253 2
254 1
255 2
256 1
257 2
258 1
259 2
260 1
261 2
262 2
263 1
264 1
265 1
266 2
267 1
268 1
269 1
270 1
271 2
272 2
273 2
274 2
275 1
276 2
277 1
278 2
279 1
280 2
281 2
282 2
283 1
284 2
285 1
286 2
287 2
288 1
289 2
290 1
291 1
292 2
293 1
294 1
295 1
296 2
297 2
298 2
299 2
300 1
301 1
302 2
303 2
304 1
305 2
306 1
307 2
308 1
309 1
310 1
311 1
312 1
313 1
314 2
315 2
316 1
317 1
318 1
319 2
320 2
321 2
322 1
323 1
324 2
325 1
326 1
327 2
328 1
329 1
330 1
331 2
332 1
333 1
334 1
335 2
336 2
337 1
338 2
339 2
340 1
341 1
342 2
343 1
344 1
345 1
346 2
347 1
348 2
349 2
350 1
351 2
352 1
353 1
354 1
355 1
356 2
357 1
358 1
359 1
360 2
361 2
362 2
363 1
364 2
365 1
366 1
367 2
368 1
369 2
370 2
371 2
372 1
373 1
374 2
375 1
376 1
377 1
378 2
379 1
380 2
381 2
382 1
383 1
384 2
385 1
386 1
387 2
388 2
389 1
390 1
391 1
392 1
393 1
394 2
395 2
396 2
397 1
398 1
399 1
400 1
401 1
402 1
403 2
404 2
405 1
406 1
407 2
408 2
409 2
410 1
411 2
412 2
413 2
414 1
415 1
416 1
417 2
418 2
419 1
420 2
421 2
422 2
423 2
424 1
425 2
426 2
427 2
428 2
429 2
430 2
431 2
432 1
433 1
434 1
435 2
436 1
437 1
438 1
439 2
440 1
441 2
442 2
443 1
444 1
445 1
446 1
447 1
448 1
449 2
450 2
451 2
452 2
453 2
454 2
455 1
456 1
457 1
458 1
459 2
460 2
461 1
462 2
463 1
464 1
465 1
466 2
467 1
468 2
469 1
470 2
471 2
472 1
473 1
474 2
475 2
476 2
477 1
478 2
479 1
480 1
481 1
482 2
483 1
484 1
485 2
486 1
487 2
488 2
489 2
490 2
491 1
492 1
493 2
494 2
495 1
496 2
497 1
498 1
499 2
500 1
501 1
502 2
503 2
504 2
505 1
506 2
507 2
508 1
509 1
510 1
511 2
512 1
513 1
514 1
515 1
516 1
517 2
518 2
519 1
520 2
521 2
522 2
523 2
524 2
525 1
526 1
527 1
528 2
529 1
530 1
531 1
532 1
533 1
534 1
535 1
536 1
537 2
538 1
539 1
540 1
541 1
542 2
543 1
544 2
545 2
546 2
547 2
548 1
549 2
550 2
551 2
552 2
553 2
554 2
555 2
556 1
557 2
558 1
559 2
560 1
561 2
562 1
563 1
564 2
565 2
566 2
567 1
568 2
569 1
570 2
571 2
572 2
573 1
574 2
575 2
576 1
577 1
578 1
579 2
580 2
581 2
582 2
583 1
584 1
585 1
586 1
587 1
588 1
589 2
590 2
591 2
592 1
593 1
594 1
595 1
596 2
597 2
598 1
599 1
600 1
601 2
602 1
603 2
604 2
605 1
606 1
607 1
608 2
609 2
610 1
611 1
612 1
613 1
614 2
615 1
616 1
617 2
618 1
619 2
620 1
621 2
622 2
623 1
624 2
625 1
626 2
627 2
628 1
629 2
630 1
631 2
632 1
633 2
634 1
635 1
636 2
637 2
638 2
639 1
640 1
641 2
642 1
643 2
644 2
645 2
646 2
647 2
648 1
649 1
650 1
651 2
652 2
653 1
654 2
655 2
656 2
657 2
658 1
659 2
660 1
661 1
662 2
663 1
664 2
665 1
666 1
667 1
668 2
669 2
670 1
671 2
672 2
673 2
674 1
675 2
676 1
677 1
678 2
679 1
680 2
681 2
682 2
683 2
684 2
685 2
686 2
687 2
688 2
689 2
690 1
691 2
692 1
693 2
694 1
695 2
696 2
697 2
698 1
699 1
700 2
701 1
702 1
703 1
704 1
705 2
706 1
707 1
708 2
709 1
710 2
711 1
712 1
713 2
714 2
715 2
716 2
717 2
718 2
719 1
720 1
721 2
722 2
723 2
724 1
725 2
726 2
727 2
728 1
729 2
730 2
731 2
732 2
733 1
734 1
735 2
736 1
737 1
738 1
739 1
740 2
741 1
742 2
743 1
744 2
745 2
746 1
747 2
748 1
749 2
750 1
751 2
752 1
753 1
754 2
755 1
756 2
757 2
758 1
759 1
760 2
761 2
762 2
763 1
764 2
765 2
766 2
767 2
768 2
769 2
770 1
771 2
772 2
773 2
774 2
775 2
776 1
777 1
778 2
779 1
780 1
781 2
782 2
783 2
784 2
785 2
786 1
787 2
788 1
789 1
790 1
791 1
792 1
793 2
794 1
795 1
796 1
797 1
798 1
799 1
800 1
801 1
802 2
803 1
804 2
805 1
806 2
807 2
808 2
809 2
810 2
811 2
812 1
813 1
814 1
815 1
816 2
817 2
818 2
819 1
820 2
821 1
822 1
823 2
824 2
825 1
826 2
827 1
828 2
829 2
830 1
831 1
832 2
833 2
834 1
835 1
836 1
837 2
838 1
839 1
840 2
841 1
842 2
843 1
844 1
845 2
846 1
847 1
848 1
849 2
850 1
851 2
852 2
853 1
854 2
855 2
856 2
857 2
858 2
859 1
860 1
861 2
862 2
863 1
864 1
865 1
866 1
867 2
868 1
869 1
870 2
871 2
872 2
873 1
874 1
875 1
876 2
877 1
878 1
879 2
880 1
881 1
882 1
883 1
884 2
885 1
886 1
887 2
888 2
889 1
890 1
891 1
892 1
893 1
894 1
895 1
896 1
897 1
898 2
899 1
900 1
901 2
902 1
903 1
904 1
905 1
906 1
907 1
908 2
909 1
910 1
911 1
912 1
913 2
914 1
915 2
916 1
917 1
918 2
919 2
920 2
921 2
922 2
923 1
924 2
925 2
926 1
927 1
928 1
929 1
930 1
931 2
932 1
933 2
934 2
935 2
936 1
937 1
938 1
939 1
940 1
941 2
942 1
943 2
944 1
945 1
946 1
947 2
948 1
949 1
950 1
951 2
952 2
953 1
954 1
955 1
956 1
957 2
958 1
959 1
960 1
961 2
962 1
963 2
964 1
965 1
966 1
967 1
968 2
969 1
970 1
971 1
972 1
973 2
974 2
975 1
976 1
977 2
978 2
979 2
980 1
981 2
982 2
983 1
984 2
985 1
986 1
987 1
988 1
989 2
990 1
991 2
992 2
993 2
994 1
995 1
996 2
997 1
998 2
999 1
1000 1
