1 2
2 1
3 1
4 2
5 1
6 1
7 2
8 1
9 1
10 2
11 2
12 1
13 1
14 1
15 1
16 1
17 1
18 2
19 1
20 2
21 2
22 1
23 2
24 2
25 2
26 2
27 2
28 1
29 1
30 2
31 2
32 2
33 2
34 1
35 1
36 1
37 1
38 2
39 2
40 1
41 2
42 1
43 2
44 1
45 2
46 2
47 1
48 2
49 2
50 1
51 2
52 2
53 2
54 2
55 2
56 1
57 2
58 1
59 2
60 1
61 1
62 1
63 2
64 1
65 2
66 1
67 2
68 2
69 2
70 2
71 1
72 2
73 2
74 2
75 2
76 2
77 2
78 2
79 1
80 1
81 1
82 1
83 1
84 1
85 1
86 1
87 2
88 1
89 1
90 2
91 2
92 1
93 1
94 2
95 2
96 2
97 1
98 1
99 2
100 2
101 1
102 1
103 2
104 2
105 1
106 1
107 2
108 2
109 1
110 2
111 2
112 2
113 1
114 2
115 1
116 2
117 2
118 1
119 2
120 1
121 2
122 2
123 2
124 2
125 1
126 1
127 1
128 1
129 1
130 2
131 1
132 2
133 1
134 2
135 2
136 2
137 1
138 1
139 2
140 2
141 1
142 2
143 1
144 2
145 1
146 1
147 2
148 1
149 1
150 2
151 2
152 2
153 2
154 1
155 2
156 2
157 1
158 1
159 1
160 1
161 2
162 2
163 2
164 2
165 1
166 1
167 2
168 1
169 1
170 1
171 2
172 2
173 1
174 2
175 1
176 2
177 2
178 1
179 1
180 2
181 1
182 1
183 2
184 2
185 1
186 1
187 2
188 2
189 1
190 1
191 2
192 1
193 1
194 1
195 1
196 1
197 1
198 1
199 2
200 1
201 1
202 1
203 1
204 2
205 2
206 2
207 1
208 2
209 2
210 1
211 1
212 2
213 1
214 2
215 1
216 2
217 2
218 1
219 2
220 1
221 1
222 1
223 1
224 1
225 2
226 2
227 2
228 2
229 2
230 2
231 2
232 2
233 1
234 1
235 1
236 1
237 2
238 1
239 1
240 2
241 2
242 2
243 2
244 2
245 1
246 1
247 1
248 2
249 2
250 2
251 2
252 2
253 1
254 2
255 2
256 2
257 1
258 1
259 1
260 1
261 1
262 1
263 1
264 2
265 2
266 1
267 2
268 2
269 1
270 1
271 2
272 2
273 2
274 2
275 2
276 2
277 2
278 1
279 1
280 2
281 1
282 2
283 2
284 2
285 1
286 1
287 1
288 1
289 1
290 1
291 2
292 1
293 2
294 2
295 1
296 1
297 2
298 1
299 2
300 2
301 1
302 2
303 1
304 2
305 2
306 1
307 2
308 2
309 2
310 1
311 1
312 1
313 1
314 1
315 1
316 1
317 1
318 2
319 1
320 1
321 2
322 1
323 1
324 2
325 2
326 2
327 2
328 1
329 1
330 2
331 2
332 1
333 2
334 1
335 2
336 1
337 1
338 2
339 1
340 2
341 2
342 2
343 1
344 2
345 2
346 1
347 2
348 1
349 2
350 1
351 1
352 1
353 2
354 1
355 2
356 2
357 1
358 1
359 2
360 1
361 2
362 2
363 2
364 1
365 2
366 2
367 1
368 1
369 2
370 1
371 2
372 2
373 1
374 2
375 1
376 2
377 1
378 1
379 1
380 1
381 1
382 1
383 1
384 1
385 1
386 2
387 1
388 1
389 1
390 2
391 2
392 2
393 1
394 1
395 2
396 1
397 2
398 1
399 1
400 1
401 2
402 1
403 1
404 2
405 2
406 2
407 2
408 1
409 1
410 1
411 1
412 1
413 2
414 2
415 2
416 2
417 2
418 2
419 2
420 2
421 1
422 1
423 1
424 1
425 1
426 1
427 2
428 1
429 1
430 1
431 1
432 1
433 2
434 1
435 2
436 1
437 1
438 2
439 2
440 2
441 2
442 1
443 2
444 1
445 2
446 1
447 2
448 1
449 1
450 1
451 1
452 1
453 2
454 2
455 1
456 2
457 2
458 1
459 2
460 2
461 2
462 2
463 1
464 1
465 1
466 2
467 2
468 1
469 2
470 2
471 2
472 1
473 1
474 2
475 2
476 2
477 1
478 1
479 2
480 1
481 1
482 2
483 1
484 1
485 1
486 1
487 1
488 2
489 1
490 1
491 1
492 2
493 1
494 2
495 2
496 1
497 2
498 1
499 2
500 2
501 1
502 1
503 1
504 2
505 2
506 1
507 1
508 2
509 1
510 1
511 1
512 1
513 2
514 1
515 2
516 1
517 2
518 2
519 2
520 1
521 2
522 1
523 1
524 2
525 1
526 1
527 2
528 1
529 2
530 1
531 1
532 1
533 1
534 2
535 1
536 1
537 1
538 1
539 1
540 1
541 2
542 1
543 1
544 1
545 1
546 2
547 2
548 2
549 1
550 2
551 2
552 1
553 1
554 1
555 1
556 2
557 2
558 1
559 1
560 1
561 1
562 1
563 2
564 2
565 2
566 2
567 2
568 2
569 1
570 2
571 2
572 1
573 1
574 1
575 2
576 1
577 2
578 2
579 1
580 1
581 2
582 1
583 2
584 2
585 2
586 1
587 1
588 1
589 2
590 2
591 1
592 2
593 1
594 2
595 2
596 2
597 1
598 2
599 1
600 2
601 1
602 1
603 1
604 2
605 2
606 2
607 1
608 1
609 1
610 1
611 1
612 2
613 1
614 2
615 1
616 2
617 2
618 2
619 2
620 1
621 1
622 2
623 2
624 2
625 1
626 1
627 2
628 1
629 2
630 2
631 1
632 2
633 2
634 2
635 2
636 1
637 2
638 2
639 1
640 1
641 2
642 1
643 2
644 1
645 1
646 1
647 2
648 2
649 1
650 2
651 1
652 1
653 2
654 2
655 1
656 1
657 1
658 2
659 1
660 1
661 2
662 2
663 2
664 2
665 1
666 1
667 1
668 1
669 1
670 1
671 1
672 2
673 1
674 2
675 1
676 1
677 2
678 1
679 1
680 2
681 1
682 1
683 2
684 2
685 2
686 1
687 2
688 1
689 1
690 2
691 2
692 2
693 1
694 2
695 2
696 1
697 2
698 1
699 1
700 1
701 2
702 2
703 2
704 2
705 1
706 1
707 2
708 2
709 2
710 1
711 2
712 1
713 2
714 2
715 1
716 2
717 1
718 1
719 1
720 2
721 2
722 1
723 1
724 1
725 1
726 2
727 2
728 2
729 1
730 1
731 1
732 2
733 1
734 1
735 2
736 1
737 1
738 2
739 2
740 2
741 2
742 2
743 2
744 2
745 2
746 1
747 2
748 1
749 2
750 1
751 2
752 2
753 1
754 1
755 1
756 1
757 1
758 1
759 1
760 2
761 1
762 2
763 1
764 1
765 1
766 2
767 2
768 1
769 1
770 2
771 1
772 2
773 1
774 2
775 2
776 2
777 2
778 2
779 1
780 1
781 2
782 1
783 1
784 2
785 2
786 2
787 1
788 1
789 2
790 2
791 1
792 1
793 2
794 2
795 1
796 2
797 1
798 2
799 1
800 2
801 2
802 1
803 1
804 1
805 1
806 2
807 2
808 1
809 1
810 1
811 1
812 2
813 1
814 1
815 1
816 1
817 1
818 1
819 2
820 2
821 2
822 2
823 1
824 2
825 1
826 2
827 1
828 1
829 2
830 1
831 1
832 1
833 2
834 1
835 1
836 1
837 1
838 1
839 2
840 1
841 1
842 1
843 1
844 2
845 2
846 2
847 1
848 2
849 1
850 1
851 2
852 2
853 2
854 2
855 1
856 1
857 1
858 1
859 2
860 1
861 1
862 1
863 1
864 2
865 2
866 1
867 1
868 2
869 2
870 2
871 2
872 2
873 1
874 2
875 1
876 2
877 2
878 2
879 2
880 2
881 1
882 1
883 2
884 1
885 1
886 1
887 1
888 2
889 1
890 2
891 1
892 1
893 2
894 1
895 2
896 1
897 2
898 1
899 2
900 1
901 1
902 1
903 1
904 1
905 2
906 2
907 2
908 1
909 2
910 1
911 2
912 2
913 1
914 2
915 2
916 1
917 2
918 1
919 2
920 1
921 2
922 2
923 2
924 1
925 2
926 1
927 2
928 2
929 2
930 1
931 1
932 1
933 1
934 1
935 2
936 2
937 2
938 1
939 2
940 1
941 2
942 1
943 2
944 1
945 2
946 1
947 2
948 1
949 1
950 2
951 2
952 1
953 2
954 2
955 2
956 2
957 1
958 2
959 1
960 1
961 1
962 2
963 1
964 2
965 1
966 1
967 1
968 2
969 2
970 1
971 2
972 2
973 1
974 2
975 1
976 1
977 1
978 2
979 2
980 1
981 2
982 2
983 2
984 2
985 1
986 2
987 2
988 1
989 2
990 1
991 2
992 1
993 1
994 1
995 2
996 2
997 2
998 1
999 1
1000 1
