1 2
2 1
3 1
4 1
5 1
6 2
7 1
8 2
9 1
10 1
11 1
12 1
13 1
14 2
15 1
16 2
17 1
18 1
19 1
20 2
21 2
22 2
23 1
24 2
25 2
26 2
27 2
28 1
29 1
30 2
31 1
32 1
33 2
34 2
35 2
36 1
37 2
38 1
39 2
40 1
41 1
42 2
43 1
44 2
45 2
46 1
47 1
48 2
49 1
50 2
51 1
52 1
53 2
54 2
55 1
56 2
57 2
58 2
59 2
60 2
61 2
62 2
63 2
64 1
65 2
66 2
67 2
68 2
69 1
70 2
71 2
72 1
73 1
74 1
75 1
76 1
77 2
78 2
79 1
80 2
81 2
82 1
83 1
84 2
85 1
86 2
87 2
88 1
89 1
90 2
91 1
92 1
93 1
94 1
95 1
96 2
97 1
98 2
99 1
100 1
101 1
102 1
103 1
104 2
105 2
106 1
107 1
108 2
109 2
110 1
111 1
112 1
113 1
114 1
115 1
116 2
117 1
118 2
119 2
120 2
121 1
122 2
123 2
124 2
125 1
126 2
127 1
128 2
129 2
130 2
131 1
132 1
133 1
134 2
135 2
136 2
137 1
138 2
139 1
140 2
141 1
142 2
143 1
144 2
145 1
146 2
147 2
148 1
149 2
150 2
151 1
152 1
153 2
154 2
155 2
156 1
157 1
158 2
159 1
160 2
161 2
162 2
163 2
164 1
165 2
166 2
167 1
168 2
169 1
170 2
171 2
172 1
173 2
174 2
175 2
176 1
177 2
178 1
179 2
180 2
181 2
182 2
183 2
184 2
185 2
186 2
187 1
188 2
189 1
190 1
191 1
192 1
193 1
194 1
195 2
196 2
197 2
198 1
199 2
200 2
201 1
202 1
203 1
204 2
205 2
206 2
207 2
208 2
209 1
210 1
211 2
212 1
213 1
214 2
215 2
216 1
217 2
218 2
219 2
220 2
221 2
222 1
223 1
224 1
225 1
226 2
227 2
228 2
229 2
230 1
231 2
232 2
233 2
234 2
235 2
236 1
237 2
238 1
239 1
240 1
241 2
242 2
243 1
244 2
245 2
246 2
247 2
248 1
249 1
250 2
251 2
252 1
253 1
254 2
255 2
256 2
257 1
258 1
259 1
260 1
261 2
262 2
263 1
264 1
265 1
266 1
267 2
268 1
269 2
270 1
271 1
272 1
273 2
274 2
275 1
276 2
277 2
278 2
279 1
280 2
281 1
282 2
283 2
284 2
285 1
286 2
287 1
288 1
289 1
290 1
291 2
292 2
293 1
294 2
295 2
296 1
297 1
298 1
299 2
300 2
301 1
302 2
303 2
304 2
305 1
306 1
307 1
308 1
309 2
310 2
311 2
312 1
313 1
314 2
315 2
316 1
317 2
318 1
319 2
320 1
321 2
322 1
323 1
324 1
325 1
326 1
327 2
328 2
329 2
330 1
331 1
332 2
333 1
334 1
335 1
336 1
337 2
338 1
339 1
340 2
341 2
342 1
343 2
344 1
345 2
346 1
347 2
348 1
349 2
350 1
351 2
352 1
353 2
354 2
355 2
356 2
357 1
358 1
359 1
360 1
361 2
362 2
363 2
364 2
365 1
366 2
367 2
368 1
369 1
370 2
371 2
372 1
373 2
374 1
375 2
376 2
377 1
378 2
379 2
380 1
381 2
382 2
383 1
384 1
385 2
386 2
387 1
388 1
389 2
390 1
391 2
392 2
393 1
394 1
395 1
396 1
397 1
398 2
399 2
400 1
401 2
402 1
403 2
404 1
405 2
406 2
407 2
408 2
409 2
410 2
411 1
412 2
413 1
414 1
415 2
416 2
417 1
418 2
419 1
420 2
421 2
422 1
423 2
424 1
425 2
426 1
427 2
428 1
429 1
430 1
431 2
432 2
433 1
434 2
435 2
436 2
437 2
438 2
439 1
440 2
441 1
442 2
443 1
444 1
445 2
446 2
447 2
448 1
449 1
450 2
451 2
452 2
453 1
454 1
455 1
456 2
457 2
458 2
459 1
460 2
461 1
462 1
463 2
464 2
465 2
466 2
467 2
468 2
469 2
470 2
471 1
472 2
473 2
474 2
475 2
476 2
477 1
478 1
479 1
480 2
481 2
482 1
483 1
484 1
485 1
486 2
487 1
488 2
489 2
490 2
491 1
492 2
493 1
494 2
495 2
496 1
497 2
498 1
499 2
500 1
501 1
502 2
503 2
504 1
505 1
506 2
507 1
508 2
509 2
510 1
511 2
512 1
513 2
514 2
515 1
516 1
517 2
518 2
519 2
520 2
521 1
522 1
523 2
524 2
525 1
526 1
527 2
528 1
529 1
530 2
531 2
532 1
533 2
534 1
535 1
536 2
537 2
538 1
539 1
540 1
541 1
542 1
543 2
544 1
545 2
546 1
547 2
548 2
549 2
550 2
551 1
552 2
553 2
554 2
555 2
556 1
557 1
558 1
559 2
560 1
561 2
562 1
563 2
564 2
565 1
566 2
567 1
568 2
569 2
570 2
571 1
572 2
573 2
574 1
575 1
576 2
577 2
578 2
579 2
580 2
581 2
582 1
583 2
584 2
585 2
586 2
587 1
588 1
589 1
590 2
591 2
592 1
593 2
594 1
595 2
596 2
597 1
598 2
599 2
600 2
601 2
602 2
603 2
604 2
605 2
606 1
607 1
608 1
609 2
610 2
611 1
612 1
613 1
614 2
615 1
616 2
617 1
618 1
619 1
620 1
621 1
622 1
623 1
624 2
625 1
626 1
627 2
628 1
629 2
630 1
631 1
632 2
633 2
634 2
635 1
636 2
637 1
638 2
639 1
640 2
641 1
642 2
643 2
644 2
645 1
646 2
647 1
648 1
649 2
650 1
651 1
652 2
653 1
654 1
655 2
656 2
657 2
658 2
659 1
660 2
661 2
662 2
663 2
664 2
665 1
666 2
667 1
668 1
669 1
670 2
671 1
672 1
673 1
674 2
675 2
676 1
677 1
678 1
679 1
680 2
681 1
682 2
683 2
684 2
685 2
686 1
687 1
688 1
689 2
690 1
691 2
692 2
693 1
694 1
695 1
696 1
697 1
698 2
699 1
700 1
701 2
702 2
703 2
704 1
705 2
706 2
707 2
708 1
709 1
710 1
711 1
712 2
713 2
714 1
715 1
716 2
717 2
718 1
719 1
720 2
721 1
722 2
723 1
724 1
725 2
726 1
727 1
728 1
729 2
730 1
731 2
732 1
733 1
734 1
735 2
736 1
737 2
738 2
739 1
740 2
741 1
742 1
743 1
744 1
745 1
746 1
747 1
748 2
749 1
750 1
751 2
752 1
753 1
754 1
755 2
756 2
757 2
758 2
759 2
760 1
761 1
762 2
763 1
764 1
765 2
766 1
767 2
768 2
769 2
770 2
771 2
772 1
773 1
774 2
775 1
776 1
777 1
778 2
779 1
780 1
781 1
782 1
783 2
784 1
785 2
786 2
787 1
788 2
789 2
790 2
791 2
792 1
793 2
794 2
795 2
796 2
797 1
798 1
799 2
800 1
801 2
802 1
803 2
804 2
805 2
806 1
807 2
808 1
809 2
810 2
811 2
812 1
813 2
814 1
815 1
816 1
817 2
818 1
819 1
820 1
821 1
822 2
823 1
824 1
825 1
826 2
827 2
828 2
829 1
830 1
831 1
832 1
833 1
834 2
835 2
836 2
837 2
838 2
839 2
840 2
841 2
842 1
843 1
844 1
845 1
846 1
847 2
848 1
849 2
850 2
851 2
852 1
853 1
854 2
855 2
856 2
857 2
858 2
859 2
860 1
861 1
862 1
863 1
864 1
865 2
866 1
867 1
868 2
869 1
870 1
871 2
872 2
873 2
874 2
875 2
876 1
877 1
878 2
879 1
880 1
881 1
882 1
883 2
884 2
885 1
886 1
887 2
888 1
889 1
890 1
891 2
892 1
893 2
894 2
895 2
896 2
897 1
898 2
899 1
900 1
901 2
902 2
903 2
904 2
905 2
906 2
907 2
908 1
909 2
910 2
911 2
912 2
913 1
914 1
915 1
916 2
917 2
918 2
919 2
920 1
921 2
922 1
923 1
924 2
925 1
926 1
927 2
928 2
929 1
930 1
931 2
932 2
933 2
934 1
935 2
936 1
937 2
938 1
939 2
940 1
941 1
942 2
943 1
944 1
945 1
946 2
947 2
948 1
949 1
950 1
951 1
952 1
953 2
954 1
955 2
956 1
957 2
958 1
959 1
960 1
961 2
962 1
963 1
964 1
965 1
966 1
967 1
968 1
969 2
970 1
971 2
972 1
973 1
974 1
975 2
976 1
977 1
978 2
979 1
980 1
981 2
982 2
983 2
984 1
985 2
986 1
987 2
988 2
989 2
990 1
991 1
992 2
993 2
994 2
995 1
996 2
997 1
998 1
999 1
1000 2
