1 2
2 2
3 2
4 2
5 2
6 2
7 2
8 1
9 2
10 2
11 2
12 1
13 1
14 2
15 1
16 1
17 2
18 1
19 1
20 2
21 2
22 1
23 1
24 1
25 1
26 2
27 1
28 2
29 1
30 1
31 1
32 2
33 1
34 2
35 2
36 1
37 1
38 2
39 1
40 1
41 2
42 1
43 1
44 2
45 1
46 2
47 2
48 1
49 1
50 2
51 2
52 1
53 2
54 2
55 2
56 2
57 1
58 1
59 2
60 1
61 1
62 2
63 2
64 2
65 2
66 1
67 2
68 2
69 2
70 1
71 2
72 2
73 1
74 2
75 1
76 1
77 1
78 2
79 1
80 2
81 1
82 2
83 1
84 1
85 2
86 1
87 1
88 2
89 1
90 1
91 1
92 1
93 1
94 2
95 2
96 2
97 1
98 1
99 1
100 1
101 1
102 1
103 1
104 2
105 1
106 2
107 1
108 1
109 2
110 1
111 1
112 1
113 1
114 2
115 1
116 1
117 1
118 1
119 1
120 1
121 1
122 1
123 2
124 2
125 1
126 1
127 1
128 2
129 2
130 2
131 2
132 2
133 2
134 1
135 1
136 1
137 2
138 2
139 2
140 2
141 2
142 2
143 2
144 2
145 1
146 1
147 1
148 2
149 1
150 2
151 2
152 1
153 2
154 1
155 1
156 1
157 2
158 1
159 1
160 1
161 2
162 1
163 1
164 1
165 2
166 1
167 2
168 1
169 2
170 2
171 2
172 1
173 1
174 1
175 1
176 2
177 2
178 2
179 2
180 2
181 1
182 1
183 2
184 2
185 2
186 2
187 1
188 2
189 1
190 2
191 1
192 2
193 1
194 1
195 1
196 1
197 2
198 1
199 2
200 2
201 1
202 2
203 2
204 1
205 2
206 2
207 2
208 2
209 1
210 2
211 1
212 1
213 2
214 1
215 2
216 1
217 2
218 1
219 1
220 1
221 1
222 2
223 1
224 1
225 2
226 2
227 2
228 1
229 2
230 1
231 1
232 1
233 2
234 2
235 1
236 2
237 1
238 2
239 1
240 1
241 1
242 2
243 2
244 1
245 2
246 1
247 2
248 1
249 1
250 2
251 1
252 2
253 2
254 2
255 2
256 1
257 2
258 1
259 2
260 1
261 2
262 2
263 2
264 2
265 2
266 2
267 2
268 1
269 2
270 1
271 2
272 2
273 2
274 1
275 1
276 1
277 1
278 2
279 2
280 1
281 2
282 1
283 1
284 2
285 1
286 2
287 2
288 2
289 1
290 1
291 2
292 1
293 2
294 1
295 1
296 2
297 2
298 2
299 1
300 1
301 2
302 1
303 1
304 1
305 1
306 1
307 2
308 2
309 2
310 2
311 2
312 2
313 2
314 1
315 2
316 2
317 2
318 2
319 2
320 1
321 2
322 1
323 1
324 1
325 2
326 2
327 1
328 1
329 1
330 2
331 2
332 1
333 1
334 2
335 2
336 2
337 1
338 2
339 1
340 1
341 2
342 2
343 1
344 2
345 2
346 2
347 1
348 2
349 2
350 2
351 2
352 2
353 2
354 2
355 1
356 1
357 2
358 2
359 2
360 2
361 2
362 1
363 1
364 2
365 2
366 2
367 2
368 1
369 1
370 2
371 1
372 1
373 1
374 1
375 2
376 1
377 1
378 2
379 1
380 1
381 2
382 2
383 1
384 2
385 1
386 1
387 2
388 1
389 2
390 2
391 2
392 1
393 1
394 2
395 1
396 2
397 1
398 2
399 1
400 1
401 2
402 2
403 2
404 2
405 1
406 1
407 2
408 1
409 1
410 1
411 1
412 2
413 2
414 1
415 1
416 2
417 1
418 1
419 1
420 1
421 2
422 1
423 1
424 1
425 1
426 1
427 2
428 2
429 2
430 2
431 1
432 1
433 1
434 2
435 2
436 2
437 1
438 2
439 1
440 1
441 1
442 1
443 2
444 1
445 2
446 1
447 2
448 1
449 2
450 2
451 2
452 1
453 2
454 2
455 1
456 1
457 2
458 2
459 2
460 1
461 2
462 1
463 1
464 1
465 2
466 1
467 2
468 1
469 2
470 1
471 2
472 2
473 2
474 2
475 1
476 2
477 2
478 2
479 2
480 2
481 1
482 1
483 2
484 2
485 2
486 2
487 2
488 1
489 1
490 1
491 2
492 1
493 1
494 1
495 1
496 1
497 2
498 1
499 1
500 1
501 2
502 2
503 1
504 1
505 1
506 2
507 1
508 2
509 1
510 1
511 1
512 1
513 2
514 1
515 1
516 2
517 2
518 1
519 2
520 2
521 2
522 2
523 1
524 1
525 2
526 1
527 1
528 1
529 1
530 2
531 1
532 1
533 1
534 1
535 2
536 1
537 2
538 2
539 1
540 1
541 1
542 2
543 2
544 2
545 2
546 2
547 2
548 1
549 1
550 2
551 2
552 2
553 1
554 2
555 1
556 2
557 1
558 2
559 1
560 2
561 1
562 1
563 1
564 2
565 2
566 1
567 1
568 1
569 1
570 1
571 2
572 1
573 2
574 1
575 2
576 1
577 2
578 1
579 2
580 2
581 1
582 1
583 1
584 2
585 2
586 1
587 2
588 1
589 2
590 1
591 1
592 2
593 2
594 2
595 2
596 1
597 2
598 2
599 2
600 2
601 1
602 2
603 2
604 1
605 1
606 1
607 2
608 2
609 1
610 1
611 2
612 1
613 2
614 2
615 2
616 2
617 2
618 1
619 1
620 1
621 1
622 2
623 2
624 1
625 1
626 2
627 2
628 2
629 2
630 2
631 1
632 2
633 2
634 1
635 1
636 2
637 2
638 1
639 2
640 1
641 2
642 1
643 2
644 2
645 1
646 1
647 1
648 2
649 2
650 1
651 1
652 2
653 1
654 2
655 1
656 1
657 1
658 1
659 1
660 1
661 1
662 2
663 1
664 1
665 2
666 2
667 2
668 2
669 1
670 2
671 2
672 2
673 2
674 2
675 2
676 2
677 1
678 1
679 2
680 1
681 2
682 1
683 2
684 2
685 1
686 1
687 2
688 1
689 1
690 1
691 2
692 2
693 1
694 1
695 2
696 2
697 1
698 2
699 1
700 1
701 1
702 2
703 1
704 2
705 2
706 1
707 1
708 1
709 1
710 2
711 2
712 2
713 1
714 2
715 2
716 1
717 2
718 2
719 2
720 2
721 2
722 2
723 1
724 2
725 1
726 1
727 2
728 1
729 2
730 1
731 2
732 1
733 2
734 1
735 2
736 1
737 2
738 2
739 2
740 2
741 2
742 2
743 1
744 2
745 1
746 2
747 2
748 1
749 1
750 2
751 1
752 2
753 1
754 2
755 1
756 1
757 2
758 2
759 1
760 2
761 1
762 1
763 2
764 2
765 2
766 1
767 2
768 2
769 2
770 1
771 1
772 1
773 1
774 2
775 1
776 1
777 2
778 2
779 2
780 2
781 2
782 1
783 2
784 2
785 2
786 1
787 2
788 2
789 1
790 1
791 1
792 2
793 1
794 1
795 1
796 2
797 2
798 1
799 2
800 2
801 1
802 2
803 1
804 2
805 2
806 2
807 1
808 1
809 1
810 1
811 2
812 1
813 2
814 1
815 1
816 1
817 2
818 1
819 1
820 1
821 2
822 1
823 1
824 2
825 1
826 2
827 1
828 1
829 2
830 1
831 2
832 1
833 1
834 2
835 1
836 2
837 2
838 1
839 2
840 2
841 2
842 2
843 2
844 1
845 2
846 1
847 1
848 2
849 1
850 1
851 2
852 1
853 1
854 1
855 1
856 2
857 1
858 2
859 2
860 1
861 1
862 1
863 2
864 2
865 1
866 1
867 1
868 2
869 1
870 2
871 2
872 1
873 2
874 2
875 2
876 2
877 2
878 1
879 1
880 1
881 1
882 2
883 2
884 1
885 2
886 2
887 2
888 1
889 2
890 1
891 2
892 1
893 2
894 2
895 2
896 1
897 1
898 1
899 1
900 2
901 1
902 1
903 2
904 2
905 1
906 1
907 2
908 2
909 1
910 1
911 2
912 1
913 1
914 2
915 2
916 1
917 1
918 1
919 2
920 1
921 2
922 2
923 2
924 2
925 2
926 2
927 2
928 2
929 1
930 2
931 1
932 1
933 1
934 1
935 1
936 2
937 2
938 1
939 2
940 1
941 2
942 1
943 2
944 2
945 1
946 1
947 2
948 1
949 1
950 2
951 2
952 2
953 2
954 2
955 2
956 1
957 1
958 1
959 2
960 2
961 2
962 1
963 2
964 1
965 2
966 2
967 1
968 1
969 1
970 1
971 1
972 2
973 1
974 1
975 1
976 1
977 2
978 1
979 2
980 1
981 2
982 1
983 1
984 1
985 1
986 2
987 2
988 2
989 1
990 1
991 1
992 2
993 2
994 2
995 2
996 2
997 2
998 1
999 2
1000 2
