1 2
2 1
3 1
4 1
5 1
6 2
7 2
8 1
9 1
10 1
11 1
12 2
13 2
14 2
15 1
16 2
17 2
18 2
19 1
20 1
21 2
22 1
23 2
24 1
25 2
26 1
27 1
28 1
29 2
30 1
31 1
32 2
33 2
34 2
35 2
36 1
37 1
38 1
39 1
40 1
41 1
42 1
43 2
44 1
45 1
46 2
47 1
48 1
49 2
50 1
51 1
52 1
53 2
54 1
55 1
56 2
57 1
58 1
59 1
60 2
61 1
62 1
63 1
64 1
65 2
66 2
67 1
68 1
69 1
70 1
71 1
72 1
73 1
74 2
75 1
76 1
77 1
78 1
79 1
80 1
81 1
82 2
83 1
84 2
85 1
86 2
87 1
88 1
89 1
90 1
91 2
92 1
93 2
94 2
95 2
96 2
97 1
98 1
99 1
100 1
101 1
102 2
103 2
104 2
105 1
106 2
107 2
108 1
109 2
110 1
111 2
112 1
113 2
114 2
115 2
116 1
117 1
118 2
119 2
120 1
121 1
122 1
123 1
124 2
125 2
126 1
127 2
128 1
129 1
130 1
131 1
132 2
133 2
134 1
135 2
136 1
137 1
138 1
139 2
140 1
141 1
142 2
143 1
144 2
145 1
146 2
147 1
148 1
149 2
150 2
151 1
152 2
153 2
154 1
155 1
156 1
157 1
158 2
159 1
160 2
161 2
162 2
163 2
164 1
165 1
166 1
167 1
168 1
169 1
170 2
171 1
172 2
173 1
174 1
175 2
176 2
177 1
178 2
179 2
180 2
181 2
182 2
183 2
184 1
185 1
186 1
187 1
188 2
189 1
190 1
191 2
192 2
193 2
194 1
195 1
196 2
197 1
198 2
199 1
200 2
201 1
202 1
203 1
204 1
205 2
206 2
207 2
208 2
209 1
210 2
211 2
212 2
213 2
214 2
215 2
216 1
217 2
218 2
219 2
220 1
221 1
222 1
223 2
224 2
225 2
226 2
227 2
228 2
229 1
230 2
231 2
232 1
233 1
234 2
235 2
236 1
237 1
238 1
239 1
240 2
241 2
242 2
243 1
244 1
245 1
246 2
247 2
248 2
249 1
250 2
251 1
252 1
253 1
254 2
255 1
256 2
257 1
258 2
259 1
260 1
261 1
262 1
263 1
264 2
265 1
266 1
267 2
268 1
269 2
270 2
271 1
272 2
273 2
274 1
275 2
276 2
277 2
278 2
279 1
280 2
281 1
282 2
283 1
284 1
285 2
286 2
287 2
288 2
289 2
290 2
291 1
292 2
293 1
294 2
295 2
296 1
297 2
298 2
299 1
300 2
301 2
302 2
303 2
304 1
305 1
306 2
307 2
308 2
309 1
310 1
311 1
312 2
313 2
314 1
315 1
316 1
317 1
318 2
319 2
320 1
321 2
322 1
323 1
324 2
325 1
326 1
327 2
328 1
329 1
330 1
331 2
332 2
333 1
334 2
335 1
336 2
337 1
338 2
339 1
340 1
341 2
342 2
343 2
344 1
345 2
346 2
347 2
348 1
349 1
350 1
351 1
352 2
353 1
354 1
355 2
356 2
357 1
358 2
359 1
360 2
361 1
362 2
363 2
364 2
365 1
366 2
367 1
368 2
369 1
370 2
371 1
372 2
373 1
374 2
375 2
376 2
377 1
378 2
379 1
380 1
381 2
382 1
383 2
384 2
385 2
386 1
387 1
388 1
389 1
390 2
391 2
392 2
393 1
394 1
395 2
396 1
397 2
398 1
399 1
400 1
401 1
402 1
403 1
404 1
405 1
406 1
407 1
408 1
409 2
410 2
411 1
412 1
413 1
414 2
415 2
416 2
417 1
418 2
419 1
420 1
421 2
422 2
423 2
424 2
425 1
426 1
427 1
428 1
429 1
430 2
431 1
432 2
433 1
434 1
435 2
436 1
437 2
438 1
439 1
440 2
441 2
442 2
443 1
444 2
445 2
446 1
447 1
448 2
449 1
450 1
451 1
452 2
453 1
454 1
455 2
456 2
457 1
458 1
459 2
460 2
461 1
462 2
463 1
464 2
465 2
466 2
467 2
468 1
469 2
470 1
471 2
472 2
473 2
474 1
475 1
476 2
477 2
478 1
479 2
480 1
481 1
482 2
483 1
484 2
485 2
486 2
487 2
488 1
489 2
490 1
491 1
492 2
493 1
494 1
495 2
496 2
497 2
498 2
499 2
500 2
501 1
502 1
503 1
504 1
505 2
506 1
507 1
508 2
509 1
510 2
511 1
512 2
513 1
514 2
515 2
516 1
517 1
518 1
519 1
520 1
521 2
522 2
523 1
524 2
525 1
526 1
527 1
528 1
529 2
530 1
531 2
532 1
533 2
534 1
535 1
536 2
537 1
538 2
539 1
540 1
541 2
542 1
543 1
544 2
545 1
546 1
547 2
548 1
549 2
550 1
551 2
552 2
553 1
554 2
555 2
556 2
557 2
558 1
559 1
560 2
561 2
562 2
563 2
564 2
565 1
566 1
567 1
568 1
569 2
570 1
571 2
572 2
573 2
574 2
575 1
576 2
577 1
578 1
579 2
580 1
581 2
582 2
583 2
584 2
585 2
586 2
587 2
588 2
589 2
590 2
591 2
592 1
593 2
594 2
595 2
596 2
597 2
598 2
599 2
600 1
601 2
602 2
603 1
604 1
605 2
606 1
607 2
608 1
609 2
610 1
611 1
612 2
613 1
614 1
615 2
616 1
617 2
618 2
619 2
620 2
621 2
622 1
623 1
624 1
625 2
626 1
627 1
628 1
629 1
630 2
631 1
632 2
633 1
634 2
635 2
636 2
637 2
638 1
639 1
640 1
641 1
642 1
643 2
644 2
645 1
646 1
647 1
648 2
649 1
650 2
651 2
652 2
653 1
654 1
655 2
656 2
657 1
658 1
659 1
660 1
661 2
662 2
663 2
664 1
665 2
666 2
667 2
668 1
669 2
670 1
671 2
672 2
673 2
674 2
675 2
676 2
677 1
678 1
679 2
680 1
681 2
682 2
683 2
684 1
685 2
686 2
687 2
688 1
689 2
690 2
691 2
692 1
693 1
694 2
695 1
696 1
697 1
698 1
699 2
700 1
701 2
702 1
703 2
704 2
705 1
706 2
707 2
708 1
709 2
710 2
711 1
712 1
713 1
714 2
715 2
716 1
717 2
718 1
719 2
720 2
721 2
722 1
723 1
724 2
725 2
726 1
727 1
728 1
729 1
730 1
731 1
732 1
733 2
734 2
735 2
736 1
737 1
738 1
739 1
740 2
741 1
742 1
743 1
744 1
745 1
746 1
747 2
748 2
749 1
750 2
751 2
752 1
753 1
754 1
755 1
756 2
757 1
758 1
759 1
760 1
761 1
762 2
763 2
764 2
765 1
766 2
767 2
768 2
769 2
770 1
771 1
772 1
773 1
774 1
775 2
776 1
777 1
778 2
779 1
780 1
781 1
782 2
783 1
784 2
785 2
786 2
787 2
788 1
789 1
790 1
791 1
792 2
793 2
794 1
795 2
796 1
797 1
798 2
799 2
800 2
801 2
802 1
803 1
804 1
805 2
806 2
807 1
808 1
809 2
810 2
811 2
812 2
813 2
814 2
815 2
816 1
817 2
818 1
819 1
820 1
821 1
822 2
823 1
824 2
825 1
826 1
827 2
828 1
829 2
830 2
831 2
832 2
833 2
834 2
835 1
836 2
837 2
838 1
839 1
840 1
841 1
842 2
843 1
844 1
845 1
846 1
847 2
848 2
849 2
850 2
851 1
852 2
853 1
854 1
855 1
856 2
857 1
858 2
859 2
860 2
861 1
862 2
863 1
864 1
865 1
866 1
867 1
868 1
869 1
870 2
871 2
872 1
873 2
874 2
875 2
876 2
877 1
878 1
879 1
880 2
881 2
882 1
883 2
884 2
885 2
886 2
887 1
888 1
889 2
890 1
891 2
892 1
893 2
894 1
895 1
896 2
897 2
898 2
899 1
900 1
901 1
902 1
903 1
904 1
905 1
906 1
907 2
908 2
909 1
910 1
911 2
912 2
913 1
914 1
915 2
916 2
917 1
918 1
919 2
920 1
921 1
922 1
923 1
924 1
925 1
926 1
927 1
928 1
929 1
930 1
931 2
932 1
933 2
934 1
935 2
936 1
937 2
938 2
939 2
940 2
941 2
942 1
943 1
944 2
945 2
946 1
947 2
948 2
949 1
950 2
951 2
952 2
953 2
954 2
955 2
956 2
957 1
958 2
959 2
960 1
961 2
962 1
963 1
964 1
965 2
966 2
967 2
968 1
969 1
970 1
971 2
972 1
973 2
974 2
975 2
976 1
977 2
978 2
979 2
980 1
981 2
982 2
983 1
984 1
985 2
986 2
987 2
988 1
989 2
990 1
991 1
992 2
993 2
994 1
995 1
996 2
997 2
998 2
999 1
1000 2
