1 2
2 1
3 1
4 2
5 1
6 1
7 2
8 2
9 1
10 1
11 1
12 2
13 1
14 1
15 1
16 1
17 2
18 1
19 2
20 2
21 1
22 2
23 1
24 1
25 1
26 2
27 1
28 1
29 2
30 1
31 1
32 2
33 2
34 1
35 2
36 2
37 2
38 1
39 2
40 2
41 1
42 1
43 2
44 1
45 2
46 2
47 2
48 2
49 1
50 2
51 1
52 1
53 2
54 1
55 1
56 1
57 2
58 2
59 1
60 2
61 1
62 2
63 2
64 1
65 2
66 2
67 2
68 2
69 1
70 1
71 2
72 2
73 1
74 2
75 2
76 1
77 1
78 2
79 1
80 1
81 1
82 2
83 1
84 2
85 2
86 2
87 2
88 1
89 2
90 1
91 1
92 2
93 2
94 1
95 2
96 1
97 1
98 1
99 2
100 1
101 2
102 2
103 1
104 1
105 2
106 2
107 1
108 2
109 1
110 1
111 1
112 1
113 2
114 2
115 1
116 2
117 1
118 2
119 2
120 1
121 2
122 1
123 1
124 1
125 2
126 2
127 1
128 1
129 1
130 2
131 1
132 2
133 1
134 1
135 2
136 2
137 1
138 1
139 2
140 1
141 2
142 2
143 1
144 1
145 2
146 2
147 2
148 1
149 1
150 2
151 2
152 2
153 2
154 1
155 2
156 1
157 2
158 2
159 1
160 2
161 1
162 2
163 2
164 2
165 2
166 2
167 2
168 1
169 1
170 1
171 2
172 1
173 2
174 2
175 1
176 2
177 2
178 2
179 1
180 2
181 1
182 1
183 2
184 1
185 2
186 2
187 1
188 2
189 2
190 1
191 2
192 2
193 1
194 2
195 2
196 2
197 2
198 1
199 2
200 2
201 2
202 1
203 2
204 1
205 1
206 2
207 1
208 2
209 1
210 2
211 1
212 2
213 1
214 1
215 1
216 2
217 2
218 1
219 2
220 1
221 1
222 1
223 1
224 1
225 1
226 1
227 1
228 1
229 2
230 2
231 1
232 2
233 2
234 2
235 1
236 1
237 1
238 1
239 2
240 2
241 1
242 1
243 2
244 1
245 2
246 2
247 1
248 1
249 1
250 2
251 2
252 1
253 1
254 1
255 2
256 1
257 2
258 2
259 2
260 2
261 2
262 2
263 2
264 2
265 2
266 2
267 1
268 1
269 1
270 1
271 2
272 2
273 2
274 1
275 1
276 1
277 2
278 1
279 1
280 2
281 2
282 2
283 1
284 1
285 2
286 2
287 2
288 2
289 1
290 1
291 1
292 1
293 2
294 2
295 2
296 1
297 2
298 1
299 1
300 2
301 1
302 2
303 1
304 1
305 2
306 1
307 1
308 1
309 2
310 1
311 1
312 1
313 2
314 1
315 1
316 2
317 2
318 2
319 1
320 1
321 1
322 2
323 2
324 1
325 1
326 2
327 1
328 1
329 2
330 1
331 1
332 1
333 1
334 1
335 2
336 1
337 1
338 2
339 1
340 1
341 1
342 2
343 1
344 1
345 1
346 2
347 2
348 2
349 2
350 1
351 2
352 1
353 1
354 2
355 2
356 1
357 1
358 1
359 2
360 1
361 2
362 2
363 1
364 2
365 2
366 1
367 2
368 1
369 1
370 2
371 2
372 1
373 2
374 1
375 2
376 1
377 1
378 1
379 1
380 2
381 1
382 1
383 1
384 2
385 1
386 2
387 1
388 1
389 1
390 2
391 2
392 1
393 2
394 2
395 2
396 1
397 2
398 2
399 1
400 2
401 2
402 1
403 2
404 1
405 2
406 2
407 1
408 1
409 2
410 2
411 1
412 1
413 2
414 1
415 1
416 1
417 2
418 2
419 1
420 2
421 2
422 1
423 2
424 2
425 1
426 1
427 1
428 1
429 1
430 1
431 2
432 1
433 1
434 1
435 1
436 2
437 1
438 1
439 2
440 1
441 1
442 1
443 1
444 1
445 2
446 2
447 1
448 2
449 1
450 2
451 1
452 2
453 1
454 1
455 1
456 1
457 1
458 2
459 1
460 1
461 2
462 1
463 1
464 2
465 1
466 2
467 1
468 1
469 2
470 2
471 1
472 2
473 1
474 1
475 2
476 2
477 2
478 1
479 1
480 1
481 2
482 2
483 1
484 1
485 2
486 1
487 2
488 1
489 2
490 2
491 2
492 1
493 1
494 2
495 1
496 1
497 2
498 1
499 2
500 2
501 1
502 1
503 2
504 1
505 2
506 1
507 2
508 2
509 1
510 1
511 1
512 1
513 1
514 1
515 2
516 1
517 1
518 1
519 1
520 1
521 2
522 2
523 1
524 2
525 1
526 2
527 1
528 1
529 1
530 2
531 2
532 2
533 2
534 1
535 2
536 1
537 1
538 1
539 2
540 1
541 1
542 2
543 1
544 2
545 1
546 2
547 1
548 2
549 1
550 2
551 2
552 2
553 1
554 1
555 2
556 1
557 2
558 1
559 2
560 2
561 1
562 2
563 2
564 2
565 1
566 2
567 2
568 1
569 2
570 1
571 2
572 1
573 1
574 2
575 1
576 1
577 2
578 1
579 2
580 1
581 2
582 2
583 2
584 1
585 1
586 1
587 2
588 2
589 1
590 1
591 1
592 1
593 1
594 2
595 2
596 1
597 2
598 1
599 2
600 1
601 1
602 1
603 1
604 2
605 2
606 1
607 2
608 1
609 1
610 1
611 1
612 1
613 1
614 1
615 2
616 1
617 2
618 2
619 2
620 1
621 2
622 1
623 2
624 2
625 1
626 1
627 2
628 2
629 2
630 2
631 1
632 2
633 2
634 2
635 2
636 2
637 1
638 2
639 1
640 1
641 1
642 1
643 2
644 1
645 1
646 1
647 1
648 2
649 1
650 1
651 2
652 1
653 2
654 1
655 1
656 1
657 1
658 1
659 2
660 1
661 2
662 2
663 1
664 1
665 2
666 1
667 2
668 1
669 1
670 1
671 2
672 2
673 2
674 1
675 2
676 2
677 2
678 2
679 1
680 1
681 2
682 1
683 1
684 2
685 1
686 2
687 2
688 1
689 2
690 2
691 2
692 1
693 1
694 2
695 1
696 1
697 2
698 2
699 1
700 2
701 1
702 1
703 1
704 1
705 1
706 1
707 1
708 2
709 1
710 2
711 1
712 2
713 2
714 1
715 1
716 1
717 1
718 2
719 1
720 1
721 1
722 1
723 2
724 2
725 1
726 1
727 2
728 1
729 1
730 1
731 2
732 1
733 2
734 1
735 2
736 1
737 1
738 2
739 2
740 1
741 2
742 2
743 2
744 2
745 2
746 2
747 2
748 1
749 2
750 2
751 2
752 1
753 2
754 2
755 2
756 2
757 1
758 2
759 2
760 1
761 2
762 2
763 1
764 2
765 2
766 1
767 2
768 2
769 2
770 2
771 2
772 1
773 2
774 1
775 2
776 2
777 1
778 1
779 1
780 1
781 2
782 2
783 1
784 2
785 1
786 2
787 1
788 2
789 2
790 1
791 1
792 2
793 1
794 1
795 1
796 1
797 2
798 1
799 1
800 2
801 1
802 2
803 2
804 2
805 1
806 1
807 2
808 2
809 2
810 1
811 1
812 2
813 1
814 2
815 2
816 2
817 2
818 1
819 1
820 2
821 2
822 1
823 1
824 1
825 2
826 2
827 2
828 2
829 1
830 1
831 1
832 1
833 1
834 1
835 1
836 1
837 1
838 2
839 2
840 2
841 1
842 2
843 1
844 1
845 1
846 1
847 2
848 2
849 2
850 1
851 2
852 2
853 1
854 2
855 1
856 1
857 2
858 2
859 2
860 1
861 1
862 1
863 1
864 1
865 1
866 1
867 2
868 2
869 2
870 2
871 2
872 1
873 1
874 1
875 2
876 1
877 2
878 2
879 2
880 1
881 1
882 1
883 1
884 2
885 2
886 2
887 1
888 2
889 2
890 1
891 1
892 1
893 2
894 1
895 1
896 1
897 1
898 2
899 1
900 1
901 2
902 2
903 2
904 2
905 2
906 2
907 2
908 2
909 2
910 1
911 1
912 1
913 2
914 1
915 2
916 2
917 2
918 2
919 1
920 1
921 2
922 1
923 2
924 2
925 2
926 2
927 1
928 1
929 1
930 1
931 1
932 1
933 2
934 1
935 1
936 2
937 1
938 1
939 2
940 1
941 2
942 1
943 2
944 2
945 2
946 2
947 2
948 1
949 2
950 2
951 1
952 2
953 1
954 1
955 2
956 1
957 1
958 2
959 1
960 1
961 1
962 1
963 1
964 2
965 1
966 1
967 1
968 1
969 1
970 1
971 2
972 1
973 2
974 2
975 1
976 1
977 2
978 1
979 2
980 2
981 2
982 2
983 2
984 1
985 1
986 2
987 1
988 2
989 1
990 1
991 1
992 2
993 2
994 1
995 2
996 1
997 2
998 1
999 1
1000 1
