1 1
2 1
3 2
4 1
5 2
6 1
7 1
8 1
9 1
10 2
11 2
12 1
13 2
14 1
15 1
16 1
17 2
18 1
19 2
20 2
21 2
22 2
23 1
24 1
25 2
26 1
27 2
28 2
29 2
30 1
31 1
32 2
33 2
34 2
35 2
36 2
37 1
38 1
39 1
40 1
41 2
42 2
43 2
44 2
45 2
46 1
47 2
48 2
49 2
50 1
51 1
52 2
53 1
54 2
55 1
56 1
57 1
58 1
59 1
60 2
61 1
62 1
63 1
64 2
65 2
66 2
67 1
68 2
69 2
70 2
71 2
72 1
73 1
74 1
75 2
76 2
77 1
78 2
79 2
80 2
81 2
82 1
83 1
84 1
85 2
86 1
87 1
88 1
89 1
90 2
91 2
92 1
93 1
94 2
95 1
96 2
97 2
98 2
99 1
100 2
101 1
102 1
103 2
104 1
105 1
106 1
107 1
108 2
109 2
110 2
111 1
112 1
113 2
114 1
115 2
116 2
117 1
118 2
119 2
120 1
121 2
122 2
123 2
124 1
125 2
126 2
127 2
128 1
129 1
130 2
131 2
132 1
133 2
134 2
135 1
136 2
137 1
138 2
139 1
140 2
141 1
142 2
143 2
144 2
145 2
146 1
147 1
148 1
149 1
150 2
151 1
152 1
153 1
154 1
155 1
156 1
157 2
158 2
159 2
160 2
161 2
162 1
163 2
164 1
165 2
166 2
167 1
168 1
169 1
170 1
171 2
172 2
173 2
174 2
175 2
176 1
177 2
178 2
179 1
180 2
181 2
182 1
183 1
184 2
185 1
186 2
187 1
188 2
189 2
190 1
191 2
192 1
193 1
194 1
195 2
196 2
197 1
198 1
199 1
200 1
201 1
202 1
203 1
204 2
205 1
206 1
207 1
208 2
209 1
210 2
211 2
212 2
213 2
214 1
215 2
216 1
217 2
218 2
219 2
220 2
221 2
222 1
223 2
224 1
225 1
226 1
227 1
228 1
229 2
230 1
231 2
232 1
233 2
234 2
235 2
236 2
237 2
238 2
239 1
240 2
241 1
242 1
243 1
244 1
245 1
246 1
247 2
248 2
249 2
250 1
251 1
252 1
253 2
254 2
255 2
256 1
257 1
258 1
259 2
260 2
261 1
262 1
263 2
264 2
265 2
266 1
267 1
268 2
269 1
270 1
271 2
272 2
273 1
274 1
275 2
276 2
277 1
278 2
279 1
280 2
281 1
282 2
283 1
284 1
285 1
286 2
287 1
288 2
289 2
290 2
291 2
292 2
293 2
294 1
295 2
296 1
297 1
298 2
299 1
300 1
301 2
302 1
303 1
304 1
305 2
306 2
307 1
308 2
309 1
310 1
311 1
312 2
313 2
314 1
315 1
316 1
317 2
318 2
319 1
320 2
321 2
322 1
323 1
324 2
325 1
326 1
327 1
328 1
329 2
330 1
331 2
332 2
333 2
334 2
335 2
336 1
337 1
338 2
339 2
340 1
341 2
342 2
343 2
344 1
345 2
346 2
347 2
348 2
349 2
350 1
351 1
352 1
353 1
354 2
355 1
356 2
357 2
358 1
359 1
360 1
361 1
362 2
363 1
364 2
365 2
366 1
367 2
368 2
369 1
370 2
371 2
372 2
373 1
374 2
375 1
376 2
377 1
378 1
379 2
380 1
381 2
382 1
383 1
384 2
385 2
386 1
387 1
388 1
389 2
390 2
391 1
392 1
393 1
394 2
395 2
396 2
397 1
398 1
399 2
400 1
401 2
402 2
403 1
404 1
405 2
406 1
407 2
408 1
409 2
410 1
411 2
412 2
413 1
414 2
415 2
416 1
417 1
418 1
419 2
420 1
421 1
422 1
423 2
424 1
425 2
426 2
427 1
428 1
429 2
430 1
431 2
432 2
433 2
434 1
435 1
436 2
437 2
438 1
439 2
440 1
441 1
442 1
443 1
444 2
445 1
446 2
447 1
448 2
449 1
450 1
451 2
452 2
453 2
454 1
455 2
456 1
457 1
458 2
459 2
460 1
461 1
462 2
463 1
464 1
465 1
466 1
467 2
468 1
469 1
470 1
471 2
472 2
473 2
474 1
475 2
476 1
477 1
478 2
479 2
480 2
481 1
482 2
483 2
484 2
485 2
486 1
487 1
488 1
489 2
490 1
491 2
492 1
493 1
494 1
495 1
496 2
497 1
498 2
499 1
500 1
501 1
502 1
503 2
504 1
505 2
506 1
507 1
508 1
509 2
510 2
511 1
512 1
513 2
514 2
515 1
516 2
517 2
518 1
519 1
520 2
521 2
522 2
523 2
524 2
525 1
526 2
527 2
528 2
529 1
530 1
531 1
532 1
533 2
534 2
535 1
536 1
537 1
538 2
539 2
540 1
541 1
542 2
543 2
544 1
545 1
546 2
547 2
548 1
549 1
550 1
551 2
552 1
553 1
554 1
555 1
556 2
557 1
558 1
559 2
560 2
561 2
562 2
563 1
564 2
565 2
566 2
567 1
568 2
569 1
570 2
571 2
572 1
573 1
574 2
575 1
576 1
577 2
578 1
579 2
580 2
581 1
582 2
583 1
584 2
585 1
586 2
587 2
588 2
589 2
590 1
591 1
592 2
593 1
594 2
595 2
596 2
597 2
598 1
599 1
600 1
601 2
602 1
603 2
604 1
605 2
606 2
607 2
608 1
609 1
610 2
611 1
612 1
613 2
614 2
615 1
616 2
617 2
618 2
619 1
620 2
621 1
622 1
623 2
624 2
625 1
626 2
627 2
628 2
629 2
630 2
631 1
632 2
633 1
634 1
635 2
636 1
637 1
638 2
639 1
640 2
641 1
642 2
643 1
644 2
645 2
646 2
647 1
648 2
649 1
650 1
651 1
652 2
653 2
654 1
655 1
656 1
657 1
658 1
659 1
660 2
661 2
662 1
663 1
664 2
665 1
666 1
667 1
668 2
669 2
670 2
671 2
672 1
673 1
674 2
675 2
676 2
677 2
678 2
679 1
680 1
681 2
682 2
683 1
684 2
685 1
686 1
687 2
688 2
689 2
690 1
691 1
692 2
693 2
694 2
695 2
696 2
697 1
698 2
699 2
700 1
701 1
702 1
703 1
704 2
705 2
706 2
707 2
708 1
709 2
710 1
711 1
712 1
713 1
714 2
715 2
716 2
717 2
718 1
719 2
720 2
721 2
722 2
723 2
724 1
725 1
726 1
727 1
728 1
729 2
730 2
731 1
732 1
733 1
734 1
735 2
736 2
737 1
738 1
739 2
740 2
741 1
742 1
743 2
744 1
745 1
746 1
747 1
748 1
749 1
750 1
751 1
752 1
753 1
754 1
755 1
756 2
757 2
758 1
759 2
760 2
761 1
762 2
763 2
764 2
765 2
766 1
767 1
768 1
769 2
770 1
771 2
772 2
773 1
774 2
775 1
776 1
777 1
778 1
779 2
780 1
781 1
782 1
783 1
784 2
785 1
786 2
787 1
788 2
789 2
790 2
791 2
792 2
793 2
794 2
795 1
796 1
797 2
798 2
799 1
800 1
801 2
802 1
803 2
804 1
805 1
806 2
807 2
808 2
809 1
810 2
811 1
812 1
813 2
814 1
815 2
816 1
817 1
818 2
819 1
820 1
821 2
822 2
823 2
824 1
825 1
826 1
827 1
828 1
829 1
830 2
831 2
832 2
833 2
834 1
835 2
836 2
837 1
838 1
839 2
840 1
841 1
842 1
843 2
844 1
845 2
846 1
847 1
848 1
849 1
850 1
851 1
852 2
853 2
854 2
855 2
856 2
857 1
858 2
859 1
860 2
861 2
862 1
863 1
864 1
865 2
866 2
867 1
868 1
869 1
870 1
871 2
872 1
873 1
874 1
875 2
876 1
877 2
878 2
879 2
880 2
881 2
882 1
883 1
884 2
885 1
886 1
887 2
888 1
889 2
890 1
891 1
892 1
893 2
894 2
895 1
896 1
897 1
898 1
899 2
900 1
901 2
902 1
903 1
904 1
905 1
906 1
907 1
908 2
909 2
910 1
911 2
912 1
913 1
914 2
915 1
916 1
917 2
918 2
919 1
920 1
921 2
922 1
923 2
924 1
925 2
926 1
927 1
928 1
929 2
930 1
931 2
932 1
933 2
934 1
935 1
936 2
937 2
938 2
939 1
940 2
941 1
942 2
943 1
944 2
945 1
946 1
947 1
948 1
949 2
950 1
951 1
952 1
953 2
954 2
955 2
956 2
957 1
958 2
959 1
960 1
961 1
962 2
963 2
964 2
965 2
966 1
967 2
968 2
969 2
970 2
971 1
972 1
973 1
974 1
975 1
976 2
977 1
978 2
979 1
980 1
981 1
982 2
983 2
984 1
985 1
986 2
987 2
988 2
989 1
990 1
991 1
992 1
993 1
994 2
995 1
996 1
997 2
998 1
999 2
1000 2
