1 2
2 2
3 2
4 2
5 1
6 2
7 2
8 2
9 1
10 1
11 1
12 2
13 1
14 2
15 1
16 2
17 1
18 1
19 1
20 2
21 2
22 1
23 2
24 1
25 1
26 1
27 2
28 2
29 1
30 1
31 2
32 2
33 1
34 1
35 1
36 2
37 1
38 1
39 2
40 1
41 1
42 1
43 2
44 1
45 1
46 1
47 2
48 2
49 1
50 1
51 1
52 2
53 1
54 1
55 1
56 1
57 1
58 1
59 2
60 1
61 1
62 1
63 2
64 1
65 2
66 2
67 1
68 2
69 2
70 2
71 1
72 2
73 2
74 2
75 1
76 1
77 2
78 2
79 2
80 1
81 1
82 1
83 2
84 1
85 1
86 1
87 2
88 1
89 2
90 1
91 1
92 2
93 1
94 2
95 1
96 1
97 2
98 1
99 1
100 1
101 2
102 2
103 1
104 2
105 1
106 2
107 2
108 2
109 1
110 1
111 1
112 2
113 2
114 2
115 2
116 1
117 2
118 1
119 2
120 1
121 2
122 1
123 2
124 2
125 2
126 2
127 1
128 1
129 1
130 2
131 1
132 1
133 2
134 2
135 1
136 2
137 2
138 2
139 2
140 2
141 1
142 1
143 1
144 2
145 1
146 1
147 1
148 2
149 2
150 2
151 1
152 2
153 2
154 1
155 2
156 2
157 2
158 2
159 1
160 2
161 1
162 1
163 2
164 2
165 2
166 1
167 1
168 2
169 1
170 1
171 1
172 2
173 2
174 1
175 2
176 1
177 1
178 2
179 1
180 2
181 2
182 2
183 1
184 2
185 2
186 2
187 2
188 1
189 2
190 2
191 1
192 1
193 2
194 2
195 1
196 1
197 1
198 1
199 2
200 2
201 1
202 1
203 2
204 1
205 2
206 2
207 2
208 1
209 2
210 1
211 2
212 1
213 2
214 2
215 1
216 1
217 1
218 1
219 2
220 2
221 2
222 2
223 2
224 1
225 1
226 1
227 1
228 1
229 1
230 1
231 2
232 2
233 2
234 2
235 2
236 1
237 1
238 2
239 1
240 1
241 2
242 1
243 1
244 1
245 1
246 2
247 2
248 1
249 2
250 1
251 2
252 1
253 2
254 1
255 1
256 1
257 1
258 2
259 2
260 2
261 1
262 1
263 1
264 2
265 2
266 1
267 2
268 1
269 1
270 2
271 1
272 1
273 2
274 2
275 1
276 2
277 2
278 2
279 2
280 2
281 2
282 2
283 2
284 1
285 2
286 1
287 2
288 2
289 2
290 1
291 1
292 2
293 1
294 1
295 1
296 2
297 2
298 2
299 2
300 1
301 1
302 2
303 1
304 1
305 1
306 2
307 1
308 1
309 1
310 2
311 2
312 2
313 2
314 1
315 1
316 1
317 2
318 2
319 2
320 2
321 2
322 1
323 2
324 2
325 2
326 1
327 1
328 1
329 1
330 2
331 2
332 1
333 1
334 1
335 2
336 2
337 1
338 1
339 2
340 1
341 1
342 1
343 1
344 2
345 1
346 1
347 1
348 2
349 2
350 1
351 2
352 1
353 1
354 2
355 1
356 2
357 1
358 2
359 2
360 1
361 2
362 1
363 1
364 1
365 1
366 2
367 2
368 1
369 2
370 2
371 1
372 2
373 2
374 1
375 1
376 2
377 2
378 1
379 2
380 2
381 1
382 2
383 1
384 1
385 1
386 1
387 1
388 1
389 1
390 1
391 1
392 2
393 2
394 2
395 1
396 1
397 2
398 2
399 1
400 1
401 2
402 1
403 2
404 2
405 2
406 2
407 2
408 1
409 2
410 2
411 1
412 2
413 1
414 1
415 1
416 2
417 1
418 1
419 1
420 2
421 1
422 1
423 2
424 1
425 1
426 1
427 2
428 1
429 2
430 1
431 1
432 2
433 1
434 2
435 1
436 2
437 1
438 2
439 1
440 2
441 1
442 1
443 2
444 1
445 2
446 1
447 1
448 1
449 1
450 1
451 2
452 2
453 1
454 1
455 1
456 1
457 1
458 1
459 1
460 1
461 1
462 1
463 1
464 2
465 2
466 2
467 1
468 1
469 1
470 1
471 2
472 2
473 2
474 2
475 1
476 2
477 2
478 2
479 1
480 1
481 1
482 2
483 1
484 2
485 1
486 1
487 2
488 1
489 1
490 1
491 1
492 2
493 2
494 2
495 2
496 2
497 1
498 2
499 2
500 1
501 2
502 1
503 2
504 1
505 1
506 2
507 1
508 2
509 1
510 2
511 2
512 2
513 1
514 2
515 1
516 1
517 1
518 1
519 1
520 1
521 1
522 2
523 2
524 2
525 2
526 1
527 1
528 2
529 1
530 1
531 2
532 2
533 2
534 1
535 1
536 1
537 1
538 2
539 1
540 1
541 1
542 1
543 1
544 1
545 2
546 2
547 2
548 2
549 2
550 1
551 1
552 1
553 1
554 1
555 2
556 1
557 1
558 1
559 1
560 1
561 2
562 1
563 1
564 2
565 2
566 1
567 1
568 1
569 2
570 2
571 2
572 1
573 2
574 1
575 1
576 2
577 2
578 1
579 1
580 2
581 1
582 1
583 2
584 2
585 2
586 2
587 1
588 1
589 1
590 2
591 2
592 2
593 2
594 2
595 1
596 2
597 2
598 1
599 1
600 1
601 1
602 1
603 1
604 1
605 2
606 2
607 2
608 1
609 2
610 2
611 2
612 1
613 1
614 2
615 1
616 1
617 1
618 1
619 2
620 2
621 1
622 1
623 1
624 1
625 1
626 2
627 2
628 1
629 1
630 2
631 2
632 2
633 2
634 1
635 1
636 2
637 2
638 2
639 2
640 1
641 2
642 2
643 2
644 2
645 1
646 1
647 1
648 2
649 1
650 2
651 1
652 2
653 1
654 1
655 2
656 1
657 2
658 1
659 2
660 2
661 1
662 1
663 2
664 1
665 1
666 2
667 2
668 1
669 2
670 2
671 2
672 1
673 2
674 1
675 1
676 1
677 2
678 2
679 1
680 1
681 1
682 1
683 2
684 2
685 1
686 1
687 2
688 1
689 2
690 2
691 2
692 2
693 2
694 1
695 1
696 2
697 1
698 2
699 2
700 2
701 1
702 2
703 2
704 2
705 2
706 2
707 2
708 2
709 2
710 2
711 2
712 1
713 2
714 2
715 1
716 1
717 1
718 1
719 1
720 2
721 1
722 1
723 2
724 2
725 1
726 2
727 2
728 2
729 2
730 2
731 1
732 2
733 1
734 2
735 1
736 1
737 1
738 1
739 1
740 2
741 2
742 1
743 1
744 2
745 1
746 2
747 2
748 2
749 1
750 2
751 1
752 1
753 1
754 1
755 2
756 2
757 1
758 1
759 1
760 2
761 1
762 1
763 1
764 1
765 2
766 2
767 1
768 1
769 1
770 2
771 2
772 2
773 2
774 1
775 1
776 1
777 1
778 1
779 2
780 2
781 1
782 1
783 1
784 2
785 1
786 2
787 1
788 2
789 1
790 1
791 2
792 2
793 1
794 1
795 1
796 2
797 1
798 1
799 2
800 1
801 1
802 1
803 1
804 2
805 1
806 2
807 1
808 1
809 1
810 2
811 2
812 2
813 1
814 1
815 2
816 2
817 2
818 1
819 2
820 2
821 1
822 1
823 2
824 2
825 2
826 1
827 1
828 1
829 2
830 2
831 2
832 1
833 1
834 1
835 1
836 2
837 2
838 1
839 2
840 2
841 1
842 1
843 1
844 2
845 2
846 1
847 2
848 2
849 2
850 2
851 2
852 1
853 2
854 1
855 2
856 2
857 1
858 2
859 1
860 2
861 2
862 2
863 2
864 2
865 1
866 1
867 1
868 1
869 2
870 1
871 1
872 2
873 2
874 2
875 2
876 2
877 2
878 1
879 2
880 1
881 1
882 1
883 2
884 1
885 2
886 1
887 1
888 1
889 1
890 2
891 1
892 1
893 2
894 2
895 2
896 2
897 1
898 2
899 2
900 1
901 1
902 1
903 1
904 2
905 1
906 1
907 1
908 2
909 1
910 2
911 2
912 2
913 1
914 2
915 1
916 2
917 1
918 1
919 2
920 1
921 1
922 2
923 2
924 1
925 1
926 2
927 2
928 1
929 1
930 2
931 1
932 1
933 2
934 1
935 2
936 1
937 1
938 1
939 1
940 2
941 1
942 1
943 1
944 2
945 2
946 1
947 1
948 1
949 2
950 1
951 2
952 2
953 1
954 2
955 1
956 1
957 1
958 1
959 2
960 1
961 1
962 2
963 2
964 1
965 2
966 2
967 2
968 2
969 1
970 1
971 1
972 1
973 1
974 1
975 2
976 1
977 2
978 1
979 2
980 1
981 2
982 2
983 2
984 1
985 1
986 1
987 2
988 2
989 1
990 1
991 2
992 2
993 1
994 2
995 2
996 2
997 1
998 2
999 2
1000 1
