1 1
2 2
3 1
4 1
5 1
6 1
7 1
8 1
9 2
10 2
11 1
12 2
13 1
14 1
15 1
16 1
17 2
18 1
19 1
20 1
21 1
22 2
23 1
24 2
25 2
26 2
27 2
28 1
29 1
30 2
31 2
32 2
33 1
34 2
35 2
36 2
37 1
38 2
39 1
40 1
41 1
42 2
43 1
44 2
45 1
46 1
47 1
48 1
49 2
50 1
51 2
52 2
53 2
54 1
55 1
56 1
57 1
58 1
59 2
60 2
61 1
62 2
63 2
64 2
65 2
66 1
67 1
68 2
69 2
70 2
71 1
72 1
73 1
74 1
75 1
76 1
77 2
78 2
79 1
80 1
81 2
82 1
83 1
84 2
85 1
86 2
87 2
88 2
89 2
90 1
91 1
92 2
93 1
94 2
95 2
96 2
97 1
98 1
99 1
100 1
101 2
102 1
103 1
104 2
105 1
106 2
107 2
108 2
109 2
110 1
111 1
112 2
113 2
114 2
115 2
116 2
117 2
118 1
119 1
120 1
121 2
122 2
123 2
124 1
125 2
126 1
127 1
128 1
129 1
130 1
131 2
132 1
133 1
134 1
135 1
136 2
137 1
138 1
139 2
140 2
141 2
142 1
143 1
144 2
145 2
146 2
147 2
148 2
149 1
150 2
151 1
152 1
153 1
154 1
155 1
156 2
157 2
158 1
159 1
160 1
161 2
162 1
163 1
164 2
165 1
166 1
167 2
168 1
169 2
170 2
171 2
172 1
173 1
174 2
175 1
176 1
177 1
178 1
179 1
180 2
181 1
182 1
183 1
184 2
185 2
186 2
187 2
188 1
189 1
190 2
191 1
192 1
193 1
194 2
195 2
196 1
197 1
198 2
199 2
200 1
201 2
202 1
203 1
204 2
205 2
206 1
207 1
208 2
209 1
210 2
211 1
212 1
213 1
214 2
215 2
216 2
217 1
218 2
219 1
220 1
221 2
222 2
223 2
224 2
225 2
226 2
227 1
228 2
229 2
230 1
231 1
232 2
233 1
234 2
235 1
236 1
237 2
238 1
239 2
240 1
241 2
242 1
243 2
244 2
245 1
246 1
247 1
248 1
249 1
250 2
251 2
252 2
253 1
254 1
255 1
256 1
257 2
258 1
259 1
260 2
261 1
262 1
263 1
264 2
265 1
266 1
267 1
268 1
269 1
270 1
271 2
272 1
273 2
274 1
275 2
276 1
277 2
278 2
279 2
280 1
281 2
282 1
283 1
284 2
285 2
286 2
287 2
288 1
289 2
290 1
291 1
292 1
293 2
294 1
295 2
296 2
297 2
298 1
299 2
300 2
301 2
302 2
303 1
304 2
305 2
306 2
307 2
308 2
309 1
310 2
311 1
312 1
313 2
314 1
315 1
316 1
317 1
318 1
319 2
320 1
321 1
322 2
323 2
324 1
325 1
326 1
327 1
328 1
329 1
330 2
331 1
332 1
333 2
334 1
335 2
336 2
337 1
338 2
339 2
340 1
341 1
342 1
343 2
344 1
345 1
346 1
347 1
348 1
349 2
350 2
351 1
352 2
353 2
354 1
355 1
356 2
357 2
358 1
359 2
360 1
361 2
362 2
363 2
364 1
365 1
366 1
367 1
368 1
369 2
370 1
371 2
372 1
373 2
374 1
375 2
376 2
377 2
378 2
379 1
380 2
381 2
382 2
383 1
384 2
385 2
386 1
387 2
388 2
389 1
390 1
391 1
392 1
393 1
394 1
395 1
396 1
397 1
398 1
399 2
400 2
401 1
402 2
403 1
404 2
405 2
406 2
407 2
408 2
409 1
410 1
411 1
412 2
413 2
414 2
415 1
416 2
417 2
418 1
419 2
420 1
421 2
422 1
423 1
424 1
425 2
426 1
427 1
428 2
429 1
430 2
431 2
432 2
433 2
434 1
435 1
436 1
437 2
438 1
439 2
440 2
441 2
442 1
443 1
444 1
445 2
446 2
447 1
448 2
449 1
450 1
451 2
452 1
453 2
454 1
455 2
456 1
457 1
458 2
459 2
460 1
461 1
462 1
463 2
464 1
465 2
466 2
467 2
468 1
469 2
470 2
471 2
472 2
473 1
474 1
475 1
476 2
477 1
478 1
479 1
480 1
481 2
482 1
483 1
484 1
485 2
486 2
487 1
488 1
489 1
490 2
491 2
492 2
493 1
494 2
495 1
496 2
497 2
498 2
499 1
500 1
501 2
502 1
503 2
504 1
505 1
506 1
507 2
508 1
509 2
510 2
511 1
512 2
513 2
514 2
515 1
516 1
517 2
518 2
519 2
520 1
521 1
522 2
523 2
524 2
525 1
526 1
527 1
528 1
529 1
530 2
531 1
532 1
533 2
534 1
535 2
536 2
537 1
538 2
539 2
540 2
541 1
542 1
543 1
544 2
545 1
546 1
547 2
548 1
549 2
550 1
551 2
552 1
553 2
554 1
555 1
556 2
557 1
558 2
559 1
560 1
561 1
562 1
563 2
564 2
565 1
566 1
567 1
568 2
569 1
570 2
571 2
572 1
573 1
574 1
575 2
576 2
577 1
578 2
579 1
580 1
581 1
582 1
583 1
584 2
585 2
586 1
587 2
588 1
589 2
590 2
591 2
592 1
593 2
594 1
595 1
596 1
597 1
598 1
599 2
600 2
601 1
602 1
603 2
604 1
605 2
606 2
607 2
608 1
609 1
610 2
611 1
612 2
613 2
614 2
615 2
616 1
617 1
618 2
619 1
620 2
621 1
622 2
623 2
624 1
625 1
626 1
627 2
628 1
629 1
630 1
631 1
632 1
633 2
634 2
635 1
636 1
637 1
638 2
639 2
640 2
641 1
642 1
643 1
644 1
645 1
646 2
647 2
648 1
649 1
650 1
651 2
652 1
653 1
654 1
655 2
656 2
657 1
658 2
659 1
660 2
661 2
662 2
663 2
664 2
665 1
666 1
667 1
668 1
669 1
670 1
671 2
672 2
673 2
674 1
675 1
676 1
677 1
678 2
679 1
680 2
681 1
682 2
683 2
684 1
685 1
686 2
687 2
688 1
689 1
690 2
691 1
692 1
693 2
694 2
695 2
696 2
697 2
698 1
699 2
700 1
701 1
702 1
703 1
704 2
705 2
706 2
707 2
708 1
709 1
710 1
711 2
712 2
713 2
714 1
715 2
716 1
717 2
718 2
719 1
720 2
721 2
722 1
723 2
724 2
725 2
726 1
727 2
728 2
729 2
730 2
731 2
732 1
733 2
734 2
735 2
736 2
737 1
738 2
739 2
740 1
741 2
742 1
743 1
744 1
745 2
746 2
747 2
748 2
749 2
750 1
751 1
752 1
753 2
754 2
755 1
756 1
757 2
758 2
759 2
760 1
761 1
762 2
763 1
764 2
765 1
766 2
767 1
768 2
769 2
770 2
771 2
772 2
773 2
774 1
775 1
776 1
777 1
778 1
779 2
780 1
781 1
782 1
783 2
784 1
785 1
786 1
787 2
788 1
789 2
790 1
791 1
792 1
793 1
794 2
795 2
796 2
797 1
798 2
799 1
800 2
801 1
802 2
803 1
804 2
805 1
806 2
807 2
808 1
809 1
810 2
811 2
812 1
813 1
814 2
815 2
816 2
817 1
818 2
819 2
820 2
821 2
822 1
823 1
824 2
825 2
826 1
827 1
828 1
829 1
830 2
831 2
832 1
833 1
834 1
835 1
836 2
837 1
838 2
839 2
840 2
841 2
842 1
843 1
844 1
845 1
846 2
847 2
848 2
849 1
850 1
851 1
852 1
853 2
854 2
855 2
856 2
857 2
858 1
859 1
860 1
861 1
862 2
863 1
864 1
865 1
866 2
867 1
868 2
869 2
870 1
871 1
872 2
873 2
874 1
875 1
876 2
877 2
878 1
879 2
880 2
881 1
882 2
883 2
884 2
885 2
886 1
887 2
888 1
889 1
890 1
891 1
892 1
893 2
894 1
895 2
896 2
897 1
898 1
899 2
900 2
901 1
902 2
903 2
904 2
905 1
906 2
907 2
908 1
909 2
910 1
911 2
912 1
913 2
914 2
915 1
916 2
917 2
918 1
919 2
920 2
921 2
922 1
923 1
924 2
925 2
926 1
927 1
928 2
929 2
930 2
931 1
932 1
933 2
934 1
935 2
936 2
937 2
938 2
939 2
940 2
941 2
942 1
943 2
944 1
945 1
946 2
947 1
948 1
949 2
950 1
951 2
952 2
953 2
954 1
955 1
956 2
957 1
958 2
959 1
960 2
961 2
962 1
963 1
964 1
965 1
966 2
967 1
968 2
969 1
970 1
971 2
972 1
973 1
974 1
975 1
976 2
977 2
978 1
979 2
980 2
981 1
982 2
983 2
984 2
985 1
986 2
987 2
988 1
989 1
990 1
991 1
992 2
993 1
994 2
995 1
996 1
997 2
998 2
999 2
1000 1
