1 1
2 2
3 1
4 2
5 1
6 2
7 1
8 2
9 1
10 2
11 2
12 1
13 2
14 1
15 1
16 1
17 2
18 2
19 1
20 1
21 2
22 1
23 2
24 1
25 2
26 1
27 1
28 2
29 1
30 2
31 2
32 2
33 1
34 2
35 2
36 1
37 1
38 1
39 1
40 1
41 2
42 2
43 1
44 1
45 1
46 1
47 2
48 1
49 1
50 1
51 1
52 2
53 1
54 2
55 2
56 2
57 1
58 2
59 1
60 2
61 1
62 2
63 1
64 1
65 1
66 1
67 2
68 1
69 1
70 1
71 2
72 2
73 2
74 1
75 1
76 1
77 2
78 1
79 2
80 2
81 1
82 1
83 1
84 1
85 2
86 1
87 2
88 2
89 1
90 2
91 2
92 1
93 1
94 2
95 2
96 1
97 2
98 2
99 1
100 2
101 2
102 1
103 2
104 1
105 2
106 1
107 1
108 2
109 1
110 2
111 1
112 2
113 2
114 1
115 1
116 2
117 1
118 1
119 2
120 1
121 1
122 1
123 2
124 1
125 1
126 2
127 2
128 1
129 1
130 1
131 2
132 1
133 1
134 1
135 1
136 1
137 1
138 1
139 1
140 1
141 2
142 1
143 1
144 2
145 1
146 1
147 1
148 1
149 1
150 2
151 2
152 2
153 1
154 1
155 2
156 1
157 1
158 1
159 2
160 1
161 1
162 2
163 2
164 2
165 1
166 1
167 1
168 1
169 2
170 2
171 2
172 2
173 1
174 1
175 1
176 1
177 2
178 2
179 1
180 2
181 1
182 2
183 1
184 1
185 2
186 2
187 2
188 2
189 2
190 1
191 1
192 2
193 2
194 2
195 1
196 2
197 1
198 1
199 1
200 2
201 1
202 1
203 1
204 2
205 2
206 1
207 2
208 1
209 2
210 2
211 2
212 1
213 1
214 1
215 1
216 1
217 1
218 1
219 2
220 2
221 1
222 2
223 1
224 2
225 1
226 2
227 2
228 2
229 2
230 1
231 2
232 1
233 1
234 1
235 2
236 2
237 1
238 1
239 2
240 1
241 2
242 1
243 1
244 1
245 2
246 1
247 1
248 1
249 1
250 1
251 1
252 1
253 1
254 1
255 2
256 2
257 2
258 1
259 1
260 1
261 2
262 2
263 1
264 1
265 2
266 1
267 2
268 1
269 1
270 2
271 2
272 2
273 1
274 2
275 1
276 2
277 1
278 1
279 1
280 1
281 2
282 1
283 1
284 2
285 2
286 2
287 2
288 2
289 2
290 1
291 2
292 1
293 1
294 2
295 1
296 2
297 1
298 2
299 1
300 2
301 2
302 2
303 2
304 2
305 1
306 2
307 1
308 1
309 2
310 1
311 2
312 1
313 1
314 1
315 2
316 1
317 2
318 1
319 1
320 2
321 1
322 2
323 1
324 1
325 1
326 1
327 1
328 1
329 1
330 2
331 2
332 2
333 1
334 2
335 2
336 1
337 1
338 2
339 1
340 2
341 2
342 2
343 2
344 2
345 1
346 1
347 1
348 2
349 2
350 1
351 2
352 2
353 1
354 1
355 1
356 1
357 1
358 2
359 2
360 1
361 1
362 1
363 2
364 2
365 2
366 2
367 1
368 2
369 2
370 1
371 2
372 1
373 1
374 2
375 2
376 1
377 2
378 1
379 1
380 1
381 1
382 2
383 1
384 1
385 1
386 2
387 1
388 2
389 1
390 2
391 1
392 2
393 2
394 2
395 2
396 1
397 1
398 1
399 1
400 1
401 2
402 1
403 2
404 1
405 1
406 1
407 1
408 1
409 1
410 1
411 1
412 1
413 2
414 2
415 1
416 1
417 1
418 1
419 1
420 1
421 2
422 1
423 2
424 2
425 2
426 1
427 1
428 2
429 1
430 2
431 1
432 2
433 1
434 1
435 2
436 1
437 1
438 2
439 1
440 2
441 2
442 1
443 1
444 1
445 1
446 1
447 2
448 2
449 1
450 1
451 2
452 2
453 1
454 2
455 2
456 2
457 2
458 2
459 2
460 1
461 2
462 1
463 1
464 2
465 1
466 2
467 2
468 2
469 1
470 1
471 1
472 2
473 1
474 1
475 2
476 1
477 2
478 2
479 2
480 2
481 1
482 2
483 2
484 2
485 1
486 1
487 1
488 2
489 2
490 1
491 1
492 1
493 2
494 1
495 1
496 1
497 1
498 2
499 1
500 1
501 1
502 2
503 1
504 2
505 2
506 2
507 2
508 2
509 1
510 1
511 2
512 2
513 2
514 2
515 1
516 1
517 1
518 2
519 2
520 2
521 2
522 1
523 2
524 2
525 1
526 1
527 1
528 2
529 1
530 1
531 1
532 2
533 1
534 2
535 2
536 1
537 2
538 1
539 1
540 2
541 1
542 1
543 1
544 2
545 1
546 2
547 1
548 1
549 2
550 2
551 2
552 2
553 1
554 2
555 2
556 1
557 2
558 2
559 1
560 2
561 1
562 1
563 1
564 1
565 2
566 2
567 1
568 1
569 1
570 1
571 1
572 2
573 2
574 1
575 2
576 2
577 2
578 2
579 1
580 2
581 1
582 2
583 2
584 2
585 2
586 1
587 2
588 2
589 1
590 1
591 2
592 2
593 1
594 1
595 1
596 1
597 1
598 2
599 2
600 2
601 1
602 1
603 2
604 1
605 2
606 2
607 2
608 2
609 1
610 1
611 2
612 1
613 2
614 2
615 1
616 2
617 2
618 1
619 1
620 2
621 2
622 2
623 2
624 2
625 2
626 2
627 1
628 2
629 1
630 1
631 2
632 2
633 2
634 2
635 2
636 1
637 1
638 1
639 1
640 2
641 2
642 1
643 2
644 2
645 2
646 2
647 1
648 1
649 1
650 2
651 2
652 2
653 1
654 1
655 1
656 2
657 1
658 2
659 2
660 1
661 2
662 1
663 1
664 2
665 2
666 2
667 1
668 1
669 1
670 2
671 2
672 1
673 1
674 2
675 2
676 2
677 1
678 2
679 2
680 2
681 1
682 2
683 1
684 2
685 1
686 1
687 1
688 1
689 1
690 1
691 2
692 1
693 1
694 1
695 1
696 2
697 1
698 2
699 2
700 1
701 1
702 2
703 1
704 1
705 1
706 1
707 2
708 2
709 1
710 1
711 2
712 1
713 2
714 2
715 2
716 1
717 1
718 2
719 2
720 1
721 1
722 1
723 2
724 2
725 2
726 2
727 1
728 1
729 1
730 2
731 1
732 2
733 2
734 1
735 1
736 2
737 1
738 2
739 1
740 2
741 1
742 1
743 1
744 2
745 2
746 1
747 1
748 1
749 2
750 1
751 1
752 2
753 1
754 2
755 2
756 1
757 1
758 2
759 1
760 2
761 1
762 1
763 1
764 2
765 1
766 2
767 2
768 1
769 2
770 1
771 2
772 2
773 2
774 1
775 1
776 1
777 1
778 1
779 2
780 1
781 1
782 2
783 2
784 2
785 2
786 2
787 2
788 1
789 1
790 2
791 1
792 1
793 2
794 2
795 1
796 2
797 2
798 1
799 2
800 1
801 2
802 1
803 2
804 1
805 1
806 1
807 2
808 2
809 2
810 1
811 1
812 1
813 2
814 2
815 1
816 2
817 1
818 2
819 1
820 2
821 1
822 2
823 2
824 1
825 2
826 1
827 2
828 1
829 2
830 2
831 1
832 1
833 1
834 1
835 2
836 1
837 2
838 2
839 1
840 2
841 1
842 2
843 2
844 2
845 2
846 2
847 2
848 1
849 2
850 1
851 1
852 2
853 1
854 2
855 1
856 1
857 1
858 2
859 1
860 2
861 2
862 1
863 1
864 1
865 2
866 1
867 2
868 2
869 1
870 2
871 2
872 2
873 2
874 2
875 1
876 1
877 2
878 2
879 2
880 1
881 1
882 1
883 2
884 1
885 1
886 1
887 1
888 2
889 2
890 2
891 1
892 2
893 1
894 1
895 2
896 1
897 2
898 1
899 1
900 2
901 1
902 1
903 2
904 1
905 2
906 1
907 2
908 1
909 1
910 2
911 1
912 1
913 1
914 1
915 1
916 1
917 2
918 1
919 1
920 1
921 1
922 1
923 2
924 1
925 2
926 1
927 2
928 2
929 2
930 2
931 1
932 1
933 1
934 2
935 1
936 1
937 2
938 2
939 1
940 1
941 1
942 1
943 1
944 2
945 1
946 1
947 2
948 1
949 2
950 1
951 1
952 1
953 1
954 2
955 1
956 1
957 1
958 2
959 1
960 2
961 2
962 2
963 2
964 2
965 1
966 1
967 2
968 1
969 1
970 1
971 2
972 1
973 2
974 1
975 2
976 2
977 2
978 1
979 2
980 2
981 2
982 1
983 1
984 1
985 2
986 1
987 2
988 1
989 1
990 1
991 2
992 2
993 1
994 2
995 2
996 1
997 2
998 2
999 1
1000 1
