1 1
2 2
3 2
4 1
5 1
6 1
7 1
8 2
9 1
10 2
11 2
12 2
13 1
14 1
15 2
16 1
17 2
18 1
19 1
20 2
21 2
22 2
23 1
24 1
25 1
26 1
27 1
28 1
29 2
30 1
31 1
32 1
33 1
34 1
35 1
36 2
37 1
38 1
39 2
40 1
41 2
42 1
43 1
44 1
45 2
46 2
47 2
48 2
49 1
50 2
51 2
52 2
53 2
54 1
55 1
56 1
57 1
58 2
59 1
60 1
61 1
62 1
63 2
64 2
65 1
66 1
67 1
68 2
69 1
70 2
71 2
72 1
73 1
74 1
75 2
76 1
77 2
78 2
79 1
80 1
81 1
82 2
83 2
84 2
85 1
86 1
87 1
88 2
89 1
90 2
91 2
92 2
93 1
94 2
95 1
96 2
97 1
98 2
99 1
100 1
101 1
102 2
103 2
104 1
105 1
106 2
107 1
108 2
109 1
110 2
111 1
112 1
113 2
114 2
115 2
116 1
117 2
118 2
119 1
120 1
121 1
122 2
123 2
124 1
125 2
126 2
127 2
128 2
129 2
130 1
131 1
132 2
133 1
134 1
135 2
136 1
137 1
138 2
139 2
140 1
141 2
142 2
143 2
144 2
145 1
146 2
147 1
148 2
149 1
150 2
151 1
152 2
153 2
154 2
155 1
156 1
157 2
158 2
159 1
160 1
161 1
162 2
163 2
164 1
165 2
166 2
167 1
168 2
169 1
170 1
171 2
172 1
173 1
174 2
175 2
176 2
177 1
178 1
179 2
180 2
181 1
182 1
183 1
184 2
185 2
186 2
187 1
188 2
189 1
190 2
191 1
192 2
193 2
194 1
195 2
196 2
197 1
198 2
199 2
200 1
201 2
202 1
203 1
204 1
205 2
206 2
207 1
208 1
209 1
210 2
211 1
212 1
213 1
214 1
215 1
216 2
217 2
218 2
219 2
220 2
221 1
222 2
223 2
224 2
225 2
226 2
227 2
228 2
229 1
230 2
231 1
232 1
233 1
234 2
235 2
236 2
237 1
238 1
239 1
240 1
241 1
242 1
243 2
244 1
245 1
246 1
247 1
248 1
249 2
250 1
251 2
252 2
253 1
254 1
255 1
256 1
257 2
258 1
259 1
260 1
261 2
262 1
263 1
264 1
265 2
266 2
267 2
268 1
269 2
270 2
271 1
272 2
273 2
274 2
275 2
276 2
277 2
278 2
279 2
280 2
281 2
282 1
283 1
284 2
285 1
286 2
287 2
288 2
289 1
290 1
291 2
292 1
293 1
294 2
295 1
296 1
297 1
298 1
299 2
300 1
301 2
302 1
303 2
304 1
305 2
306 1
307 1
308 1
309 2
310 2
311 1
312 1
313 2
314 1
315 1
316 2
317 2
318 2
319 2
320 2
321 1
322 2
323 2
324 2
325 1
326 1
327 1
328 2
329 1
330 1
331 1
332 1
333 2
334 1
335 2
336 2
337 1
338 2
339 2
340 2
341 1
342 2
343 2
344 1
345 2
346 2
347 1
348 1
349 2
350 1
351 1
352 2
353 2
354 1
355 2
356 1
357 2
358 1
359 2
360 1
361 2
362 2
363 2
364 2
365 2
366 2
367 2
368 1
369 1
370 2
371 2
372 1
373 1
374 2
375 2
376 2
377 1
378 2
379 1
380 1
381 1
382 1
383 1
384 1
385 1
386 1
387 2
388 1
389 2
390 1
391 2
392 2
393 2
394 1
395 1
396 1
397 2
398 1
399 2
400 1
401 2
402 2
403 2
404 1
405 2
406 1
407 2
408 2
409 2
410 1
411 2
412 1
413 2
414 2
415 1
416 1
417 1
418 2
419 1
420 2
421 1
422 1
423 1
424 1
425 1
426 2
427 2
428 2
429 1
430 1
431 1
432 1
433 1
434 2
435 1
436 1
437 2
438 1
439 1
440 2
441 1
442 1
443 1
444 2
445 1
446 1
447 1
448 2
449 1
450 2
451 1
452 2
453 2
454 2
455 1
456 2
457 2
458 2
459 1
460 2
461 2
462 2
463 1
464 2
465 1
466 2
467 1
468 2
469 2
470 1
471 2
472 2
473 1
474 2
475 2
476 1
477 1
478 2
479 1
480 2
481 1
482 2
483 1
484 2
485 2
486 1
487 2
488 1
489 2
490 2
491 2
492 1
493 1
494 1
495 1
496 1
497 2
498 1
499 2
500 1
501 2
502 2
503 1
504 1
505 2
506 1
507 1
508 2
509 1
510 2
511 2
512 2
513 1
514 1
515 1
516 2
517 2
518 1
519 1
520 1
521 1
522 2
523 2
524 2
525 2
526 1
527 1
528 1
529 1
530 2
531 2
532 2
533 1
534 2
535 2
536 2
537 2
538 2
539 2
540 1
541 1
542 2
543 1
544 1
545 1
546 1
547 1
548 2
549 2
550 1
551 2
552 1
553 2
554 1
555 2
556 2
557 1
558 1
559 2
560 2
561 2
562 1
563 1
564 1
565 2
566 2
567 1
568 1
569 2
570 1
571 2
572 2
573 2
574 2
575 1
576 2
577 1
578 1
579 1
580 2
581 1
582 2
583 2
584 1
585 2
586 2
587 1
588 2
589 1
590 1
591 2
592 2
593 2
594 2
595 1
596 2
597 1
598 1
599 1
600 2
601 2
602 1
603 1
604 1
605 2
606 1
607 1
608 2
609 1
610 2
611 2
612 1
613 2
614 2
615 2
616 1
617 2
618 2
619 2
620 1
621 2
622 1
623 1
624 2
625 2
626 2
627 1
628 2
629 2
630 2
631 2
632 1
633 1
634 2
635 2
636 1
637 1
638 2
639 1
640 1
641 2
642 2
643 2
644 2
645 2
646 1
647 1
648 2
649 1
650 1
651 2
652 1
653 1
654 1
655 2
656 2
657 1
658 2
659 1
660 2
661 1
662 1
663 1
664 1
665 1
666 1
667 1
668 2
669 1
670 2
671 1
672 1
673 2
674 1
675 2
676 2
677 1
678 1
679 1
680 2
681 1
682 1
683 1
684 1
685 1
686 2
687 2
688 2
689 2
690 2
691 2
692 2
693 1
694 2
695 2
696 2
697 1
698 1
699 2
700 1
701 2
702 1
703 2
704 2
705 1
706 2
707 2
708 2
709 1
710 2
711 2
712 1
713 1
714 1
715 2
716 1
717 2
718 2
719 1
720 2
721 2
722 1
723 1
724 1
725 2
726 2
727 2
728 2
729 1
730 1
731 2
732 1
733 2
734 2
735 1
736 1
737 2
738 1
739 1
740 1
741 1
742 1
743 2
744 2
745 1
746 1
747 2
748 2
749 1
750 1
751 2
752 2
753 2
754 1
755 2
756 1
757 2
758 1
759 1
760 1
761 1
762 2
763 1
764 2
765 1
766 2
767 1
768 2
769 1
770 1
771 2
772 1
773 2
774 2
775 2
776 1
777 2
778 2
779 1
780 1
781 2
782 1
783 2
784 2
785 1
786 1
787 1
788 2
789 2
790 2
791 2
792 2
793 1
794 2
795 1
796 2
797 2
798 1
799 2
800 2
801 1
802 1
803 1
804 2
805 2
806 2
807 1
808 2
809 1
810 1
811 2
812 1
813 2
814 1
815 2
816 1
817 1
818 2
819 1
820 1
821 1
822 2
823 2
824 1
825 1
826 2
827 2
828 1
829 1
830 1
831 2
832 1
833 1
834 1
835 1
836 2
837 2
838 2
839 2
840 2
841 1
842 2
843 2
844 1
845 1
846 2
847 1
848 2
849 2
850 1
851 2
852 2
853 2
854 2
855 2
856 2
857 1
858 1
859 1
860 1
861 2
862 2
863 1
864 1
865 2
866 1
867 1
868 2
869 2
870 2
871 1
872 2
873 1
874 2
875 1
876 1
877 1
878 2
879 2
880 1
881 1
882 1
883 1
884 2
885 1
886 2
887 2
888 1
889 2
890 2
891 2
892 1
893 2
894 1
895 2
896 1
897 2
898 1
899 2
900 2
901 1
902 1
903 2
904 1
905 2
906 1
907 1
908 2
909 1
910 1
911 2
912 1
913 2
914 2
915 1
916 2
917 2
918 1
919 2
920 2
921 1
922 2
923 2
924 2
925 1
926 1
927 1
928 1
929 1
930 1
931 2
932 2
933 2
934 2
935 2
936 2
937 1
938 1
939 2
940 2
941 2
942 1
943 2
944 2
945 1
946 1
947 1
948 2
949 1
950 1
951 1
952 1
953 2
954 1
955 1
956 1
957 1
958 1
959 2
960 1
961 1
962 1
963 2
964 2
965 1
966 2
967 2
968 1
969 2
970 1
971 2
972 2
973 1
974 2
975 2
976 2
977 1
978 2
979 1
980 2
981 2
982 1
983 2
984 1
985 2
986 2
987 1
988 2
989 2
990 1
991 1
992 2
993 2
994 1
995 2
996 1
997 1
998 1
999 2
1000 1
