1 2
2 2
3 1
4 1
5 2
6 2
7 1
8 2
9 2
10 1
11 1
12 2
13 1
14 2
15 1
16 2
17 2
18 2
19 2
20 2
21 1
22 1
23 1
24 1
25 2
26 2
27 2
28 2
29 2
30 1
31 2
32 1
33 1
34 1
35 2
36 1
37 1
38 2
39 2
40 1
41 1
42 2
43 1
44 1
45 1
46 1
47 1
48 2
49 1
50 1
51 1
52 2
53 1
54 2
55 1
56 2
57 2
58 2
59 1
60 1
61 1
62 1
63 2
64 2
65 2
66 2
67 1
68 2
69 1
70 2
71 1
72 2
73 1
74 1
75 1
76 2
77 2
78 1
79 1
80 2
81 1
82 1
83 1
84 1
85 2
86 2
87 1
88 2
89 1
90 2
91 2
92 2
93 1
94 2
95 2
96 1
97 2
98 2
99 2
100 1
101 1
102 2
103 1
104 1
105 1
106 1
107 1
108 2
109 1
110 1
111 1
112 2
113 2
114 1
115 2
116 2
117 2
118 1
119 2
120 1
121 1
122 1
123 2
124 2
125 1
126 2
127 1
128 1
129 2
130 2
131 1
132 1
133 1
134 1
135 2
136 1
137 1
138 2
139 2
140 2
141 1
142 1
143 2
144 2
145 1
146 1
147 2
148 2
149 1
150 2
151 2
152 1
153 1
154 1
155 2
156 1
157 2
158 1
159 2
160 1
161 2
162 2
163 2
164 2
165 2
166 2
167 2
168 1
169 1
170 2
171 1
172 1
173 1
174 1
175 2
176 2
177 1
178 2
179 2
180 1
181 2
182 2
183 1
184 1
185 1
186 2
187 1
188 1
189 1
190 1
191 1
192 2
193 1
194 2
195 2
196 1
197 2
198 2
199 2
200 1
201 2
202 1
203 2
204 2
205 1
206 1
207 1
208 1
209 2
210 1
211 1
212 2
213 2
214 1
215 1
216 1
217 1
218 1
219 2
220 2
221 2
222 2
223 1
224 1
225 1
226 1
227 2
228 1
229 2
230 1
231 1
232 1
233 1
234 1
235 1
236 1
237 2
238 1
239 2
240 2
241 1
242 1
243 2
244 2
245 1
246 2
247 2
248 1
249 1
250 1
251 2
252 1
253 2
254 2
255 1
256 1
257 1
258 2
259 1
260 1
261 1
262 1
263 2
264 2
265 1
266 2
267 2
268 2
269 2
270 1
271 1
272 1
273 2
274 1
275 2
276 2
277 2
278 1
279 2
280 1
281 1
282 1
283 2
284 1
285 1
286 2
287 1
288 2
289 2
290 1
291 1
292 1
293 1
294 2
295 1
296 1
297 1
298 1
299 2
300 2
301 1
302 1
303 2
304 2
305 1
306 2
307 1
308 2
309 2
310 2
311 1
312 2
313 1
314 1
315 2
316 2
317 1
318 1
319 2
320 2
321 2
322 1
323 2
324 1
325 2
326 1
327 2
328 2
329 1
330 1
331 2
332 2
333 1
334 1
335 2
336 2
337 1
338 1
339 1
340 2
341 1
342 1
343 2
344 2
345 1
346 1
347 1
348 2
349 2
350 1
351 2
352 1
353 2
354 1
355 2
356 2
357 2
358 2
359 1
360 2
361 1
362 2
363 1
364 1
365 2
366 1
367 1
368 2
369 2
370 2
371 1
372 2
373 2
374 1
375 2
376 2
377 1
378 1
379 1
380 2
381 2
382 2
383 1
384 1
385 1
386 2
387 1
388 2
389 1
390 2
391 1
392 1
393 2
394 1
395 2
396 1
397 2
398 1
399 1
400 1
401 1
402 1
403 2
404 1
405 1
406 1
407 1
408 1
409 1
410 1
411 2
412 1
413 2
414 2
415 1
416 1
417 1
418 2
419 2
420 2
421 2
422 1
423 1
424 2
425 1
426 1
427 1
428 2
429 2
430 1
431 1
432 2
433 2
434 2
435 1
436 1
437 1
438 2
439 2
440 1
441 2
442 1
443 2
444 2
445 1
446 1
447 2
448 2
449 1
450 1
451 2
452 1
453 1
454 2
455 1
456 2
457 2
458 1
459 1
460 1
461 2
462 2
463 2
464 2
465 2
466 1
467 1
468 2
469 1
470 1
471 1
472 2
473 2
474 1
475 2
476 2
477 1
478 1
479 1
480 1
481 1
482 2
483 1
484 1
485 2
486 2
487 2
488 2
489 1
490 2
491 2
492 2
493 2
494 1
495 2
496 2
497 2
498 2
499 2
500 1
501 1
502 1
503 2
504 1
505 1
506 2
507 2
508 1
509 1
510 1
511 2
512 1
513 1
514 1
515 1
516 2
517 1
518 2
519 1
520 1
521 1
522 1
523 2
524 2
525 1
526 2
527 1
528 1
529 1
530 1
531 1
532 1
533 2
534 2
535 2
536 1
537 2
538 2
539 1
540 1
541 1
542 1
543 1
544 2
545 1
546 1
547 1
548 2
549 1
550 2
551 1
552 2
553 2
554 2
555 2
556 1
557 2
558 1
559 2
560 2
561 1
562 2
563 1
564 1
565 2
566 1
567 1
568 2
569 1
570 2
571 1
572 2
573 2
574 2
575 2
576 1
577 2
578 2
579 2
580 2
581 2
582 2
583 2
584 2
585 1
586 1
587 1
588 1
589 2
590 2
591 2
592 2
593 2
594 1
595 1
596 1
597 2
598 1
599 2
600 1
601 1
602 1
603 1
604 2
605 1
606 2
607 1
608 1
609 1
610 2
611 2
612 2
613 1
614 2
615 2
616 2
617 2
618 1
619 2
620 2
621 2
622 2
623 1
624 1
625 1
626 1
627 1
628 1
629 1
630 1
631 2
632 1
633 2
634 2
635 2
636 1
637 1
638 1
639 2
640 2
641 1
642 1
643 2
644 1
645 2
646 2
647 1
648 2
649 1
650 1
651 2
652 2
653 1
654 2
655 2
656 1
657 1
658 2
659 1
660 1
661 1
662 1
663 2
664 1
665 2
666 2
667 2
668 2
669 2
670 1
671 1
672 2
673 1
674 1
675 2
676 2
677 2
678 1
679 1
680 2
681 1
682 1
683 1
684 2
685 2
686 2
687 2
688 2
689 2
690 1
691 1
692 2
693 1
694 1
695 2
696 2
697 1
698 2
699 2
700 1
701 2
702 1
703 2
704 2
705 1
706 1
707 2
708 2
709 1
710 2
711 1
712 1
713 2
714 2
715 1
716 1
717 1
718 1
719 1
720 2
721 1
722 2
723 1
724 1
725 2
726 2
727 1
728 2
729 2
730 1
731 2
732 2
733 1
734 2
735 1
736 1
737 1
738 1
739 1
740 2
741 2
742 1
743 2
744 1
745 1
746 1
747 2
748 1
749 2
750 1
751 1
752 2
753 2
754 2
755 1
756 2
757 1
758 1
759 1
760 1
761 1
762 1
763 1
764 1
765 2
766 2
767 1
768 1
769 2
770 2
771 1
772 2
773 1
774 1
775 1
776 1
777 2
778 2
779 1
780 1
781 2
782 1
783 1
784 1
785 2
786 1
787 1
788 1
789 2
790 2
791 1
792 2
793 2
794 1
795 2
796 2
797 2
798 1
799 1
800 1
801 2
802 1
803 1
804 1
805 2
806 1
807 1
808 2
809 1
810 1
811 2
812 1
813 2
814 2
815 1
816 1
817 1
818 1
819 2
820 1
821 2
822 1
823 1
824 1
825 2
826 1
827 2
828 1
829 1
830 2
831 2
832 2
833 1
834 1
835 2
836 1
837 2
838 1
839 2
840 1
841 1
842 2
843 1
844 2
845 1
846 1
847 2
848 1
849 2
850 1
851 2
852 2
853 2
854 2
855 1
856 2
857 1
858 2
859 2
860 1
861 2
862 2
863 1
864 2
865 2
866 1
867 2
868 1
869 2
870 2
871 1
872 2
873 1
874 2
875 2
876 2
877 1
878 1
879 2
880 2
881 2
882 1
883 1
884 2
885 2
886 2
887 1
888 2
889 1
890 1
891 2
892 1
893 1
894 2
895 1
896 1
897 2
898 1
899 2
900 2
901 1
902 2
903 2
904 2
905 2
906 1
907 2
908 1
909 1
910 1
911 1
912 2
913 2
914 1
915 1
916 2
917 2
918 1
919 1
920 1
921 1
922 1
923 1
924 2
925 2
926 2
927 2
928 1
929 1
930 1
931 1
932 2
933 1
934 1
935 2
936 1
937 2
938 2
939 2
940 1
941 1
942 2
943 2
944 1
945 1
946 1
947 2
948 2
949 1
950 1
951 2
952 1
953 1
954 1
955 2
956 2
957 2
958 1
959 1
960 1
961 2
962 1
963 2
964 2
965 1
966 2
967 1
968 1
969 2
970 1
971 1
972 2
973 2
974 2
975 1
976 2
977 1
978 2
979 1
980 1
981 1
982 1
983 2
984 1
985 1
986 2
987 1
988 2
989 2
990 2
991 1
992 1
993 1
994 1
995 1
996 1
997 2
998 1
999 2
1000 2
