1 1
2 2
3 2
4 2
5 1
6 1
7 2
8 1
9 1
10 2
11 1
12 2
13 1
14 2
15 2
16 2
17 1
18 1
19 1
20 1
21 1
22 2
23 1
24 2
25 2
26 1
27 2
28 1
29 1
30 1
31 1
32 1
33 1
34 1
35 2
36 1
37 2
38 2
39 1
40 1
41 1
42 1
43 1
44 2
45 1
46 1
47 1
48 2
49 2
50 2
51 2
52 2
53 2
54 2
55 2
56 2
57 1
58 1
59 1
60 1
61 1
62 2
63 2
64 1
65 1
66 1
67 1
68 2
69 2
70 2
71 2
72 1
73 2
74 1
75 1
76 2
77 2
78 1
79 1
80 2
81 2
82 2
83 2
84 1
85 2
86 1
87 2
88 2
89 1
90 2
91 1
92 2
93 2
94 2
95 2
96 2
97 2
98 1
99 2
100 1
101 2
102 2
103 2
104 2
105 2
106 2
107 2
108 2
109 2
110 1
111 2
112 2
113 2
114 1
115 1
116 1
117 1
118 1
119 2
120 1
121 2
122 2
123 1
124 2
125 2
126 1
127 2
128 1
129 1
130 1
131 2
132 1
133 2
134 1
135 2
136 2
137 1
138 1
139 1
140 2
141 1
142 2
143 1
144 2
145 1
146 2
147 1
148 2
149 2
150 1
151 2
152 2
153 1
154 1
155 1
156 2
157 1
158 1
159 2
160 1
161 1
162 1
163 1
164 1
165 1
166 1
167 2
168 1
169 1
170 1
171 2
172 2
173 1
174 2
175 1
176 2
177 1
178 2
179 2
180 2
181 2
182 2
183 1
184 2
185 1
186 1
187 2
188 2
189 2
190 2
191 1
192 1
193 1
194 1
195 2
196 2
197 2
198 2
199 2
200 2
201 2
202 2
203 2
204 2
205 1
206 2
207 1
208 2
209 2
210 2
211 1
212 2
213 1
214 1
215 1
216 2
217 1
218 2
219 1
220 2
221 1
222 2
223 1
224 2
225 1
226 1
227 2
228 1
229 1
230 2
231 1
232 2
233 1
234 2
235 1
236 2
237 1
238 1
239 1
240 1
241 1
242 1
243 2
244 1
245 1
246 2
247 2
248 1
249 2
250 1
251 2
252 1
253 1
254 1
255 2
256 2
257 1
258 1
259 2
260 2
261 2
262 2
263 2
264 1
265 2
266 1
267 2
268 1
269 1
270 2
271 1
272 2
273 2
274 2
275 1
276 2
277 2
278 2
279 1
280 2
281 1
282 1
283 2
284 2
285 2
286 1
287 2
288 2
289 1
290 2
291 1
292 2
293 2
294 1
295 2
296 1
297 2
298 2
299 2
300 2
301 2
302 1
303 1
304 1
305 1
306 1
307 1
308 2
309 2
310 2
311 1
312 1
313 1
314 2
315 2
316 1
317 2
318 2
319 1
320 2
321 1
322 2
323 1
324 2
325 1
326 2
327 1
328 2
329 1
330 1
331 1
332 1
333 1
334 1
335 1
336 1
337 1
338 1
339 2
340 1
341 2
342 1
343 1
344 1
345 2
346 1
347 2
348 2
349 2
350 1
351 2
352 2
353 2
354 1
355 1
356 1
357 2
358 2
359 1
360 1
361 1
362 2
363 1
364 2
365 2
366 1
367 1
368 1
369 1
370 1
371 1
372 1
373 1
374 2
375 1
376 2
377 1
378 1
379 2
380 1
381 1
382 1
383 2
384 2
385 1
386 2
387 1
388 2
389 2
390 1
391 2
392 2
393 1
394 1
395 2
396 2
397 2
398 1
399 1
400 1
401 1
402 2
403 1
404 1
405 2
406 1
407 2
408 1
409 2
410 2
411 2
412 2
413 2
414 1
415 2
416 2
417 1
418 1
419 2
420 2
421 2
422 2
423 2
424 2
425 2
426 1
427 1
428 1
429 1
430 1
431 1
432 1
433 2
434 2
435 2
436 2
437 1
438 2
439 2
440 1
441 1
442 2
443 2
444 1
445 2
446 1
447 1
448 1
449 1
450 2
451 2
452 2
453 2
454 2
455 2
456 2
457 1
458 1
459 1
460 2
461 1
462 2
463 1
464 2
465 1
466 1
467 2
468 2
469 1
470 2
471 1
472 2
473 1
474 1
475 1
476 1
477 1
478 1
479 2
480 2
481 1
482 1
483 2
484 2
485 2
486 2
487 1
488 2
489 2
490 1
491 1
492 1
493 2
494 1
495 2
496 2
497 2
498 1
499 1
500 2
501 1
502 1
503 2
504 2
505 2
506 2
507 1
508 2
509 2
510 1
511 1
512 1
513 1
514 2
515 2
516 1
517 1
518 1
519 2
520 2
521 1
522 1
523 1
524 2
525 2
526 1
527 1
528 2
529 2
530 2
531 2
532 2
533 1
534 2
535 1
536 1
537 1
538 2
539 1
540 1
541 2
542 1
543 2
544 1
545 2
546 2
547 1
548 1
549 1
550 1
551 2
552 1
553 1
554 1
555 1
556 1
557 2
558 2
559 2
560 2
561 2
562 1
563 2
564 2
565 1
566 2
567 1
568 2
569 2
570 1
571 1
572 2
573 2
574 2
575 2
576 2
577 2
578 2
579 2
580 2
581 1
582 1
583 1
584 1
585 2
586 1
587 2
588 2
589 2
590 1
591 2
592 1
593 1
594 2
595 2
596 2
597 2
598 2
599 2
600 1
601 1
602 1
603 1
604 1
605 2
606 2
607 2
608 1
609 1
610 1
611 2
612 2
613 1
614 1
615 1
616 2
617 1
618 2
619 1
620 2
621 2
622 2
623 1
624 2
625 1
626 1
627 1
628 2
629 2
630 1
631 2
632 2
633 2
634 1
635 1
636 2
637 2
638 1
639 2
640 2
641 1
642 2
643 1
644 1
645 1
646 1
647 2
648 2
649 1
650 1
651 1
652 2
653 1
654 2
655 2
656 2
657 1
658 1
659 2
660 2
661 1
662 1
663 1
664 2
665 1
666 1
667 1
668 2
669 1
670 1
671 2
672 2
673 2
674 1
675 2
676 2
677 1
678 2
679 1
680 1
681 2
682 1
683 2
684 1
685 1
686 2
687 1
688 2
689 1
690 2
691 1
692 1
693 2
694 2
695 1
696 1
697 1
698 2
699 1
700 1
701 2
702 2
703 1
704 1
705 2
706 1
707 2
708 1
709 2
710 2
711 2
712 2
713 1
714 2
715 1
716 2
717 1
718 1
719 2
720 1
721 2
722 2
723 1
724 2
725 2
726 1
727 1
728 1
729 2
730 2
731 1
732 1
733 1
734 1
735 1
736 2
737 2
738 2
739 2
740 2
741 1
742 2
743 1
744 1
745 2
746 1
747 2
748 2
749 1
750 2
751 2
752 2
753 1
754 1
755 2
756 1
757 2
758 2
759 1
760 1
761 1
762 2
763 2
764 2
765 2
766 1
767 2
768 2
769 1
770 2
771 1
772 1
773 2
774 2
775 2
776 2
777 1
778 2
779 2
780 1
781 1
782 2
783 1
784 2
785 2
786 1
787 2
788 1
789 2
790 2
791 1
792 2
793 1
794 2
795 1
796 1
797 1
798 1
799 1
800 1
801 1
802 1
803 1
804 2
805 1
806 1
807 1
808 2
809 1
810 1
811 2
812 1
813 2
814 1
815 1
816 1
817 1
818 2
819 2
820 1
821 1
822 1
823 2
824 1
825 1
826 1
827 1
828 1
829 1
830 2
831 2
832 1
833 1
834 2
835 2
836 1
837 1
838 1
839 1
840 1
841 1
842 1
843 2
844 1
845 2
846 2
847 1
848 2
849 1
850 1
851 2
852 2
853 2
854 1
855 1
856 2
857 1
858 1
859 2
860 2
861 2
862 2
863 1
864 1
865 1
866 2
867 1
868 2
869 2
870 1
871 2
872 1
873 1
874 2
875 1
876 1
877 1
878 1
879 1
880 2
881 1
882 1
883 1
884 1
885 1
886 1
887 2
888 1
889 2
890 2
891 2
892 2
893 2
894 2
895 1
896 2
897 1
898 1
899 1
900 1
901 2
902 1
903 1
904 1
905 2
906 1
907 2
908 1
909 2
910 2
911 2
912 1
913 2
914 1
915 2
916 1
917 1
918 1
919 1
920 1
921 2
922 2
923 2
924 1
925 2
926 2
927 1
928 1
929 2
930 1
931 1
932 2
933 2
934 2
935 1
936 2
937 1
938 1
939 2
940 1
941 1
942 2
943 2
944 2
945 1
946 2
947 1
948 1
949 1
950 2
951 2
952 2
953 1
954 2
955 1
956 1
957 1
958 2
959 1
960 1
961 2
962 1
963 2
964 1
965 1
966 1
967 2
968 1
969 1
970 1
971 2
972 1
973 2
974 2
975 1
976 1
977 2
978 1
979 1
980 2
981 2
982 2
983 1
984 1
985 1
986 1
987 1
988 1
989 2
990 2
991 1
992 2
993 2
994 1
995 1
996 2
997 2
998 2
999 1
1000 1
