1 2
2 1
3 1
4 1
5 1
6 1
7 2
8 1
9 1
10 1
11 1
12 2
13 1
14 2
15 2
16 2
17 2
18 2
19 1
20 1
21 2
22 1
23 1
24 1
25 2
26 1
27 1
28 2
29 1
30 1
31 1
32 2
33 2
34 2
35 1
36 1
37 1
38 2
39 2
40 1
41 1
42 2
43 2
44 2
45 1
46 1
47 2
48 2
49 1
50 2
51 2
52 1
53 2
54 1
55 2
56 1
57 2
58 2
59 2
60 2
61 2
62 2
63 1
64 2
65 1
66 2
67 1
68 2
69 2
70 1
71 2
72 1
73 1
74 2
75 1
76 2
77 1
78 2
79 2
80 2
81 2
82 1
83 2
84 1
85 2
86 2
87 2
88 2
89 1
90 2
91 1
92 1
93 1
94 2
95 2
96 1
97 2
98 1
99 2
100 1
101 2
102 2
103 2
104 2
105 1
106 1
107 2
108 1
109 2
110 1
111 2
112 2
113 1
114 1
115 2
116 2
117 2
118 1
119 1
120 2
121 1
122 1
123 2
124 1
125 2
126 2
127 2
128 1
129 1
130 1
131 1
132 2
133 2
134 1
135 2
136 1
137 2
138 2
139 1
140 2
141 1
142 2
143 1
144 1
145 1
146 2
147 2
148 1
149 2
150 1
151 2
152 1
153 1
154 1
155 2
156 1
157 2
158 2
159 2
160 2
161 2
162 1
163 1
164 2
165 2
166 1
167 1
168 2
169 1
170 2
171 1
172 2
173 1
174 1
175 2
176 2
177 2
178 2
179 2
180 2
181 1
182 2
183 2
184 2
185 1
186 1
187 2
188 1
189 1
190 1
191 2
192 1
193 1
194 2
195 2
196 2
197 2
198 2
199 2
200 2
201 1
202 1
203 1
204 2
205 2
206 2
207 1
208 1
209 1
210 2
211 1
212 2
213 2
214 1
215 1
216 2
217 1
218 1
219 1
220 1
221 1
222 1
223 2
224 2
225 1
226 2
227 1
228 1
229 1
230 2
231 1
232 2
233 1
234 1
235 2
236 1
237 1
238 1
239 1
240 2
241 1
242 1
243 1
244 2
245 2
246 1
247 2
248 1
249 1
250 1
251 1
252 1
253 2
254 2
255 2
256 1
257 1
258 1
259 1
260 2
261 2
262 1
263 2
264 1
265 1
266 2
267 2
268 2
269 2
270 1
271 2
272 1
273 2
274 2
275 2
276 2
277 1
278 2
279 1
280 2
281 1
282 2
283 2
284 1
285 1
286 2
287 2
288 2
289 2
290 1
291 1
292 2
293 2
294 1
295 2
296 1
297 1
298 2
299 2
300 1
301 2
302 1
303 1
304 1
305 1
306 2
307 1
308 1
309 1
310 2
311 1
312 1
313 1
314 2
315 2
316 1
317 1
318 2
319 2
320 2
321 1
322 1
323 2
324 2
325 2
326 1
327 1
328 1
329 1
330 1
331 2
332 2
333 2
334 2
335 2
336 2
337 2
338 2
339 1
340 1
341 2
342 1
343 1
344 2
345 2
346 2
347 2
348 1
349 2
350 1
351 1
352 1
353 1
354 1
355 1
356 2
357 1
358 1
359 2
360 2
361 1
362 2
363 1
364 1
365 1
366 2
367 1
368 2
369 2
370 2
371 2
372 2
373 1
374 1
375 2
376 2
377 1
378 1
379 2
380 1
381 1
382 2
383 2
384 1
385 2
386 2
387 2
388 2
389 1
390 2
391 1
392 2
393 2
394 1
395 2
396 1
397 2
398 2
399 1
400 1
401 1
402 2
403 1
404 1
405 2
406 1
407 1
408 2
409 1
410 1
411 2
412 1
413 1
414 2
415 2
416 2
417 2
418 2
419 2
420 1
421 1
422 2
423 1
424 2
425 1
426 1
427 1
428 2
429 2
430 2
431 1
432 1
433 2
434 2
435 1
436 2
437 2
438 2
439 2
440 1
441 2
442 2
443 2
444 1
445 2
446 2
447 1
448 2
449 1
450 2
451 1
452 2
453 1
454 1
455 2
456 1
457 2
458 2
459 1
460 1
461 2
462 2
463 2
464 2
465 1
466 2
467 2
468 1
469 2
470 1
471 2
472 1
473 1
474 2
475 2
476 2
477 2
478 2
479 2
480 2
481 1
482 2
483 1
484 2
485 2
486 1
487 1
488 1
489 1
490 1
491 2
492 1
493 2
494 2
495 2
496 1
497 2
498 2
499 2
500 2
501 1
502 2
503 1
504 2
505 1
506 2
507 2
508 2
509 2
510 1
511 1
512 1
513 2
514 2
515 1
516 2
517 1
518 1
519 2
520 1
521 2
522 2
523 1
524 2
525 1
526 2
527 1
528 2
529 2
530 2
531 2
532 1
533 2
534 2
535 2
536 1
537 2
538 1
539 2
540 2
541 1
542 1
543 2
544 2
545 1
546 1
547 2
548 1
549 1
550 2
551 1
552 2
553 2
554 1
555 2
556 2
557 1
558 1
559 2
560 2
561 1
562 1
563 1
564 1
565 1
566 2
567 2
568 1
569 1
570 2
571 1
572 1
573 2
574 2
575 1
576 2
577 2
578 2
579 2
580 2
581 1
582 1
583 1
584 1
585 2
586 1
587 1
588 2
589 2
590 2
591 1
592 1
593 1
594 2
595 1
596 1
597 1
598 1
599 1
600 2
601 1
602 2
603 2
604 1
605 1
606 2
607 1
608 1
609 1
610 2
611 1
612 1
613 1
614 1
615 1
616 2
617 2
618 1
619 1
620 1
621 1
622 2
623 2
624 2
625 2
626 1
627 2
628 2
629 1
630 1
631 1
632 1
633 1
634 1
635 2
636 2
637 1
638 2
639 2
640 2
641 1
642 2
643 2
644 2
645 2
646 2
647 2
648 1
649 2
650 2
651 1
652 1
653 1
654 1
655 2
656 1
657 2
658 1
659 1
660 2
661 2
662 2
663 2
664 2
665 1
666 2
667 1
668 2
669 2
670 1
671 1
672 2
673 2
674 2
675 1
676 2
677 1
678 2
679 2
680 1
681 1
682 1
683 1
684 1
685 2
686 2
687 2
688 2
689 2
690 1
691 1
692 1
693 2
694 2
695 1
696 2
697 1
698 1
699 1
700 2
701 1
702 1
703 1
704 1
705 1
706 2
707 2
708 1
709 1
710 1
711 2
712 2
713 2
714 1
715 2
716 1
717 1
718 1
719 1
720 2
721 1
722 2
723 1
724 2
725 1
726 1
727 2
728 2
729 1
730 2
731 2
732 1
733 2
734 2
735 1
736 2
737 2
738 2
739 1
740 2
741 1
742 2
743 1
744 1
745 2
746 1
747 2
748 1
749 1
750 2
751 2
752 1
753 1
754 1
755 2
756 1
757 2
758 1
759 1
760 1
761 1
762 2
763 2
764 1
765 2
766 1
767 2
768 1
769 1
770 2
771 2
772 1
773 2
774 1
775 1
776 1
777 1
778 2
779 1
780 2
781 2
782 2
783 2
784 2
785 2
786 1
787 1
788 2
789 1
790 1
791 2
792 2
793 2
794 2
795 1
796 2
797 1
798 2
799 2
800 1
801 1
802 2
803 1
804 2
805 2
806 2
807 2
808 1
809 1
810 2
811 1
812 1
813 1
814 2
815 1
816 2
817 2
818 1
819 2
820 1
821 2
822 1
823 2
824 1
825 1
826 2
827 1
828 1
829 1
830 2
831 1
832 2
833 2
834 2
835 2
836 2
837 2
838 2
839 1
840 1
841 2
842 1
843 2
844 1
845 1
846 2
847 1
848 1
849 2
850 2
851 1
852 2
853 1
854 1
855 1
856 2
857 1
858 1
859 1
860 2
861 2
862 2
863 1
864 2
865 2
866 1
867 1
868 2
869 1
870 1
871 1
872 2
873 2
874 2
875 1
876 1
877 1
878 2
879 1
880 2
881 1
882 2
883 1
884 1
885 1
886 2
887 2
888 1
889 2
890 2
891 1
892 1
893 2
894 1
895 1
896 2
897 2
898 1
899 2
900 1
901 2
902 2
903 2
904 1
905 2
906 2
907 2
908 2
909 1
910 2
911 1
912 1
913 1
914 2
915 1
916 1
917 2
918 2
919 1
920 1
921 2
922 2
923 2
924 2
925 2
926 2
927 2
928 2
929 2
930 2
931 1
932 2
933 2
934 1
935 1
936 1
937 1
938 1
939 1
940 2
941 1
942 2
943 2
944 2
945 2
946 2
947 1
948 1
949 1
950 2
951 2
952 2
953 2
954 2
955 2
956 2
957 2
958 1
959 2
960 1
961 1
962 1
963 2
964 1
965 1
966 2
967 2
968 1
969 2
970 2
971 1
972 1
973 2
974 2
975 1
976 2
977 1
978 2
979 2
980 1
981 1
982 2
983 1
984 2
985 2
986 2
987 1
988 2
989 2
990 2
991 1
992 2
993 2
994 2
995 2
996 1
997 1
998 2
999 1
1000 1
