1 1
2 2
3 1
4 1
5 1
6 2
7 1
8 2
9 1
10 1
11 1
12 1
13 2
14 1
15 2
16 1
17 1
18 2
19 1
20 1
21 2
22 2
23 1
24 1
25 1
26 1
27 2
28 2
29 1
30 2
31 1
32 2
33 1
34 1
35 1
36 1
37 1
38 2
39 2
40 1
41 2
42 1
43 1
44 1
45 1
46 1
47 1
48 1
49 2
50 1
51 2
52 1
53 1
54 1
55 2
56 1
57 1
58 2
59 2
60 2
61 1
62 2
63 1
64 2
65 1
66 1
67 2
68 2
69 1
70 1
71 2
72 1
73 2
74 2
75 2
76 2
77 2
78 1
79 1
80 2
81 2
82 2
83 2
84 1
85 1
86 2
87 1
88 2
89 1
90 1
91 2
92 1
93 1
94 2
95 1
96 1
97 2
98 1
99 2
100 1
101 2
102 1
103 2
104 2
105 2
106 1
107 1
108 1
109 2
110 1
111 2
112 2
113 1
114 1
115 1
116 1
117 1
118 1
119 2
120 2
121 1
122 2
123 2
124 2
125 1
126 2
127 2
128 2
129 1
130 1
131 1
132 2
133 2
134 2
135 1
136 2
137 1
138 1
139 2
140 1
141 2
142 1
143 1
144 2
145 1
146 2
147 2
148 2
149 1
150 2
151 1
152 2
153 2
154 2
155 1
156 2
157 1
158 1
159 1
160 2
161 1
162 2
163 1
164 1
165 1
166 2
167 2
168 1
169 1
170 1
171 1
172 1
173 1
174 1
175 1
176 1
177 2
178 2
179 2
180 1
181 1
182 1
183 2
184 2
185 1
186 1
187 2
188 2
189 1
190 1
191 2
192 1
193 2
194 1
195 2
196 1
197 2
198 1
199 2
200 2
201 2
202 2
203 2
204 2
205 1
206 2
207 1
208 2
209 1
210 1
211 2
212 1
213 1
214 2
215 2
216 2
217 1
218 1
219 1
220 1
221 2
222 1
223 1
224 1
225 1
226 2
227 1
228 1
229 1
230 2
231 1
232 2
233 1
234 2
235 1
236 2
237 1
238 1
239 1
240 1
241 2
242 1
243 1
244 2
245 1
246 2
247 1
248 2
249 2
250 1
251 2
252 2
253 2
254 2
255 1
256 2
257 1
258 2
259 1
260 2
261 1
262 2
263 1
264 1
265 2
266 2
267 2
268 2
269 1
270 1
271 1
272 1
273 1
274 2
275 2
276 2
277 1
278 1
279 2
280 1
281 2
282 1
283 2
284 1
285 1
286 1
287 1
288 2
289 1
290 2
291 1
292 2
293 1
294 1
295 1
296 2
297 2
298 2
299 2
300 1
301 1
302 2
303 2
304 1
305 2
306 1
307 1
308 1
309 2
310 2
311 2
312 1
313 1
314 1
315 1
316 1
317 2
318 2
319 2
320 1
321 1
322 2
323 1
324 1
325 1
326 2
327 1
328 1
329 2
330 2
331 2
332 2
333 1
334 1
335 1
336 1
337 2
338 2
339 2
340 1
341 1
342 2
343 2
344 2
345 1
346 1
347 1
348 1
349 2
350 2
351 2
352 2
353 2
354 1
355 1
356 2
357 1
358 2
359 1
360 1
361 2
362 1
363 2
364 1
365 1
366 2
367 2
368 1
369 1
370 1
371 2
372 2
373 1
374 2
375 2
376 2
377 2
378 1
379 2
380 1
381 2
382 2
383 2
384 1
385 1
386 1
387 1
388 1
389 1
390 1
391 1
392 2
393 1
394 2
395 2
396 2
397 1
398 1
399 2
400 1
401 2
402 1
403 2
404 2
405 2
406 1
407 2
408 1
409 2
410 2
411 1
412 2
413 1
414 2
415 1
416 2
417 1
418 2
419 1
420 1
421 2
422 1
423 2
424 1
425 2
426 1
427 2
428 2
429 2
430 1
431 2
432 1
433 1
434 1
435 1
436 2
437 2
438 1
439 1
440 2
441 1
442 1
443 1
444 2
445 2
446 1
447 2
448 1
449 1
450 1
451 2
452 1
453 1
454 2
455 2
456 2
457 1
458 2
459 2
460 1
461 1
462 2
463 1
464 1
465 2
466 1
467 2
468 1
469 2
470 1
471 1
472 1
473 1
474 2
475 1
476 1
477 1
478 2
479 2
480 1
481 2
482 2
483 1
484 1
485 2
486 1
487 2
488 2
489 2
490 2
491 2
492 2
493 2
494 2
495 2
496 2
497 2
498 1
499 1
500 2
501 2
502 1
503 2
504 1
505 2
506 2
507 1
508 2
509 2
510 1
511 2
512 1
513 1
514 1
515 1
516 2
517 1
518 1
519 2
520 1
521 1
522 1
523 1
524 2
525 1
526 2
527 1
528 2
529 2
530 2
531 1
532 1
533 2
534 1
535 2
536 1
537 2
538 2
539 2
540 1
541 1
542 2
543 1
544 1
545 2
546 1
547 2
548 1
549 1
550 1
551 1
552 1
553 1
554 2
555 1
556 2
557 1
558 2
559 2
560 2
561 2
562 2
563 1
564 2
565 1
566 1
567 1
568 1
569 2
570 2
571 1
572 1
573 1
574 2
575 1
576 2
577 1
578 2
579 2
580 1
581 1
582 2
583 2
584 2
585 1
586 2
587 1
588 1
589 1
590 2
591 2
592 2
593 2
594 1
595 1
596 2
597 1
598 1
599 1
600 2
601 1
602 1
603 2
604 1
605 1
606 1
607 1
608 2
609 1
610 1
611 1
612 1
613 1
614 1
615 1
616 1
617 2
618 2
619 2
620 2
621 1
622 2
623 2
624 2
625 1
626 1
627 2
628 2
629 1
630 1
631 2
632 1
633 2
634 1
635 1
636 1
637 2
638 1
639 1
640 1
641 2
642 1
643 2
644 2
645 1
646 2
647 2
648 1
649 2
650 2
651 1
652 2
653 2
654 2
655 2
656 2
657 2
658 1
659 2
660 2
661 2
662 1
663 1
664 2
665 1
666 2
667 2
668 2
669 1
670 2
671 1
672 1
673 2
674 1
675 1
676 1
677 1
678 1
679 1
680 1
681 2
682 1
683 1
684 1
685 1
686 1
687 1
688 1
689 1
690 2
691 2
692 1
693 1
694 2
695 2
696 1
697 1
698 1
699 2
700 2
701 2
702 2
703 2
704 2
705 2
706 2
707 2
708 2
709 1
710 2
711 2
712 2
713 2
714 2
715 2
716 2
717 1
718 1
719 2
720 2
721 1
722 1
723 1
724 2
725 1
726 1
727 2
728 2
729 1
730 1
731 2
732 1
733 1
734 1
735 2
736 2
737 1
738 1
739 1
740 2
741 2
742 2
743 1
744 2
745 1
746 1
747 2
748 2
749 1
750 1
751 1
752 2
753 2
754 2
755 2
756 2
757 2
758 1
759 1
760 2
761 1
762 1
763 1
764 1
765 1
766 2
767 2
768 1
769 2
770 2
771 1
772 1
773 2
774 2
775 2
776 1
777 2
778 1
779 2
780 2
781 1
782 1
783 2
784 2
785 1
786 2
787 1
788 2
789 1
790 1
791 2
792 2
793 2
794 1
795 1
796 1
797 2
798 2
799 1
800 2
801 1
802 1
803 2
804 1
805 2
806 2
807 2
808 2
809 2
810 2
811 2
812 2
813 2
814 1
815 1
816 1
817 2
818 2
819 1
820 2
821 1
822 2
823 1
824 1
825 2
826 1
827 2
828 2
829 2
830 1
831 2
832 2
833 2
834 2
835 2
836 2
837 1
838 1
839 2
840 1
841 1
842 1
843 2
844 1
845 1
846 2
847 1
848 2
849 2
850 2
851 2
852 1
853 1
854 1
855 1
856 2
857 1
858 1
859 2
860 2
861 1
862 1
863 1
864 1
865 1
866 2
867 1
868 2
869 2
870 2
871 2
872 2
873 1
874 2
875 1
876 2
877 2
878 2
879 1
880 2
881 1
882 1
883 2
884 2
885 2
886 1
887 1
888 2
889 1
890 2
891 2
892 1
893 1
894 2
895 1
896 2
897 2
898 2
899 2
900 1
901 1
902 2
903 2
904 1
905 2
906 2
907 2
908 1
909 1
910 2
911 1
912 1
913 2
914 2
915 2
916 2
917 2
918 1
919 2
920 1
921 1
922 1
923 2
924 2
925 1
926 1
927 2
928 1
929 1
930 1
931 1
932 1
933 2
934 1
935 1
936 2
937 1
938 1
939 2
940 2
941 2
942 1
943 2
944 2
945 1
946 2
947 1
948 2
949 2
950 1
951 2
952 1
953 2
954 2
955 1
956 1
957 1
958 2
959 2
960 1
961 1
962 1
963 2
964 2
965 2
966 1
967 2
968 1
969 1
970 1
971 1
972 2
973 2
974 2
975 1
976 1
977 2
978 2
979 1
980 2
981 2
982 2
983 2
984 2
985 1
986 2
987 2
988 2
989 2
990 2
991 1
992 2
993 1
994 1
995 1
996 2
997 1
998 2
999 2
1000 2
