1 1
2 2
3 2
4 1
5 1
6 2
7 2
8 2
9 2
10 1
11 2
12 1
13 2
14 1
15 1
16 2
17 1
18 1
19 1
20 1
21 2
22 1
23 2
24 1
25 2
26 1
27 2
28 1
29 2
30 2
31 1
32 1
33 1
34 1
35 2
36 2
37 2
38 1
39 2
40 2
41 2
42 2
43 1
44 1
45 2
46 1
47 2
48 1
49 2
50 2
51 2
52 1
53 1
54 1
55 2
56 2
57 1
58 2
59 2
60 2
61 1
62 1
63 1
64 2
65 2
66 2
67 2
68 2
69 2
70 2
71 2
72 2
73 2
74 2
75 1
76 1
77 2
78 1
79 2
80 2
81 2
82 2
83 1
84 2
85 1
86 1
87 2
88 1
89 1
90 2
91 1
92 2
93 1
94 1
95 2
96 1
97 2
98 1
99 2
100 1
101 2
102 1
103 1
104 1
105 2
106 2
107 1
108 2
109 2
110 2
111 2
112 1
113 2
114 1
115 1
116 2
117 1
118 2
119 1
120 2
121 1
122 1
123 1
124 1
125 2
126 1
127 2
128 1
129 2
130 2
131 1
132 1
133 1
134 1
135 2
136 1
137 1
138 1
139 1
140 2
141 1
142 2
143 1
144 1
145 2
146 2
147 2
148 2
149 2
150 1
151 1
152 1
153 2
154 2
155 1
156 2
157 1
158 1
159 2
160 2
161 1
162 1
163 1
164 2
165 2
166 2
167 1
168 1
169 2
170 2
171 1
172 2
173 2
174 2
175 1
176 1
177 2
178 1
179 2
180 2
181 2
182 2
183 1
184 1
185 2
186 1
187 1
188 2
189 2
190 2
191 2
192 2
193 2
194 1
195 2
196 1
197 1
198 2
199 2
200 1
201 1
202 1
203 2
204 2
205 1
206 1
207 2
208 1
209 2
210 1
211 1
212 1
213 2
214 1
215 2
216 1
217 2
218 1
219 1
220 2
221 2
222 2
223 2
224 1
225 1
226 2
227 2
228 2
229 2
230 2
231 1
232 2
233 2
234 1
235 1
236 1
237 2
238 2
239 2
240 1
241 2
242 2
243 1
244 1
245 1
246 2
247 2
248 2
249 1
250 2
251 1
252 1
253 2
254 1
255 2
256 2
257 1
258 1
259 2
260 2
261 1
262 2
263 1
264 2
265 2
266 1
267 1
268 1
269 1
270 2
271 1
272 1
273 1
274 2
275 1
276 2
277 1
278 2
279 1
280 2
281 2
282 2
283 1
284 1
285 2
286 1
287 1
288 1
289 1
290 1
291 1
292 1
293 2
294 1
295 1
296 2
297 1
298 1
299 2
300 1
301 1
302 2
303 1
304 1
305 1
306 1
307 1
308 1
309 1
310 1
311 1
312 1
313 2
314 1
315 1
316 1
317 1
318 2
319 1
320 2
321 2
322 2
323 2
324 2
325 1
326 1
327 2
328 1
329 2
330 1
331 2
332 2
333 1
334 2
335 2
336 2
337 2
338 1
339 2
340 2
341 2
342 2
343 2
344 2
345 2
346 2
347 2
348 2
349 1
350 1
351 2
352 2
353 1
354 2
355 2
356 2
357 1
358 1
359 2
360 1
361 1
362 1
363 2
364 1
365 1
366 1
367 1
368 1
369 2
370 1
371 1
372 1
373 2
374 1
375 1
376 2
377 1
378 1
379 1
380 2
381 1
382 1
383 2
384 1
385 2
386 1
387 2
388 1
389 2
390 1
391 2
392 2
393 2
394 1
395 1
396 2
397 1
398 1
399 1
400 2
401 1
402 1
403 2
404 1
405 2
406 2
407 1
408 1
409 1
410 2
411 2
412 1
413 1
414 1
415 1
416 1
417 1
418 1
419 1
420 2
421 2
422 1
423 2
424 1
425 2
426 2
427 1
428 1
429 1
430 2
431 1
432 1
433 1
434 2
435 2
436 2
437 1
438 2
439 1
440 2
441 2
442 1
443 2
444 1
445 2
446 1
447 1
448 2
449 2
450 1
451 1
452 2
453 2
454 1
455 2
456 1
457 2
458 1
459 2
460 2
461 2
462 1
463 2
464 1
465 2
466 2
467 1
468 2
469 2
470 1
471 1
472 2
473 1
474 2
475 1
476 1
477 1
478 2
479 2
480 2
481 1
482 1
483 1
484 1
485 1
486 1
487 2
488 2
489 1
490 2
491 1
492 2
493 2
494 1
495 2
496 1
497 1
498 2
499 1
500 2
501 2
502 1
503 2
504 1
505 1
506 2
507 2
508 1
509 2
510 2
511 1
512 2
513 2
514 2
515 2
516 1
517 1
518 1
519 1
520 1
521 2
522 1
523 1
524 1
525 1
526 1
527 1
528 1
529 1
530 2
531 2
532 1
533 2
534 1
535 1
536 1
537 2
538 1
539 2
540 1
541 2
542 2
543 1
544 1
545 1
546 2
547 2
548 2
549 2
550 2
551 2
552 2
553 1
554 1
555 2
556 1
557 1
558 1
559 2
560 2
561 2
562 1
563 1
564 2
565 1
566 2
567 1
568 2
569 1
570 1
571 2
572 2
573 2
574 1
575 2
576 1
577 2
578 1
579 1
580 2
581 1
582 1
583 2
584 2
585 2
586 2
587 2
588 2
589 1
590 2
591 2
592 1
593 1
594 2
595 2
596 2
597 1
598 1
599 1
600 2
601 2
602 2
603 2
604 1
605 1
606 1
607 1
608 1
609 1
610 1
611 2
612 1
613 1
614 1
615 1
616 2
617 1
618 2
619 1
620 2
621 1
622 2
623 2
624 2
625 1
626 2
627 1
628 2
629 1
630 2
631 2
632 2
633 1
634 2
635 1
636 1
637 2
638 1
639 1
640 2
641 2
642 2
643 2
644 1
645 2
646 1
647 2
648 2
649 1
650 2
651 2
652 2
653 2
654 2
655 1
656 1
657 2
658 1
659 1
660 2
661 1
662 1
663 2
664 2
665 2
666 2
667 1
668 2
669 2
670 1
671 2
672 2
673 2
674 1
675 2
676 2
677 2
678 1
679 2
680 2
681 2
682 1
683 1
684 1
685 2
686 1
687 1
688 1
689 2
690 2
691 2
692 1
693 2
694 1
695 2
696 2
697 1
698 1
699 2
700 1
701 1
702 2
703 1
704 1
705 1
706 2
707 2
708 2
709 2
710 1
711 2
712 2
713 1
714 2
715 2
716 2
717 2
718 2
719 1
720 2
721 2
722 1
723 2
724 1
725 2
726 1
727 1
728 2
729 2
730 1
731 2
732 1
733 2
734 1
735 1
736 1
737 1
738 1
739 1
740 1
741 1
742 1
743 2
744 2
745 2
746 2
747 2
748 1
749 2
750 1
751 1
752 1
753 1
754 1
755 1
756 2
757 2
758 2
759 1
760 1
761 2
762 1
763 1
764 2
765 2
766 1
767 1
768 2
769 1
770 2
771 2
772 2
773 2
774 2
775 1
776 1
777 1
778 2
779 2
780 2
781 1
782 2
783 1
784 2
785 1
786 1
787 2
788 1
789 2
790 2
791 1
792 2
793 2
794 2
795 1
796 1
797 2
798 1
799 1
800 2
801 1
802 2
803 2
804 2
805 2
806 1
807 1
808 1
809 2
810 2
811 1
812 2
813 2
814 2
815 2
816 2
817 2
818 1
819 2
820 2
821 1
822 2
823 1
824 1
825 2
826 2
827 2
828 2
829 1
830 2
831 2
832 2
833 2
834 2
835 2
836 2
837 1
838 2
839 1
840 1
841 2
842 1
843 2
844 2
845 1
846 1
847 1
848 2
849 1
850 1
851 2
852 2
853 1
854 1
855 1
856 1
857 2
858 1
859 2
860 2
861 1
862 1
863 1
864 1
865 1
866 1
867 2
868 2
869 2
870 1
871 1
872 2
873 1
874 2
875 2
876 2
877 1
878 1
879 2
880 1
881 1
882 1
883 1
884 1
885 1
886 1
887 1
888 1
889 1
890 2
891 1
892 2
893 1
894 2
895 1
896 1
897 1
898 1
899 2
900 1
901 1
902 2
903 2
904 2
905 2
906 2
907 1
908 1
909 2
910 2
911 2
912 1
913 1
914 2
915 1
916 1
917 1
918 2
919 2
920 2
921 1
922 2
923 1
924 2
925 1
926 1
927 2
928 1
929 2
930 1
931 1
932 2
933 1
934 1
935 1
936 2
937 1
938 2
939 2
940 2
941 1
942 2
943 1
944 1
945 2
946 1
947 1
948 1
949 2
950 1
951 2
952 2
953 2
954 1
955 1
956 2
957 2
958 2
959 2
960 1
961 1
962 1
963 1
964 2
965 1
966 2
967 2
968 1
969 1
970 2
971 1
972 2
973 2
974 2
975 2
976 2
977 1
978 1
979 1
980 2
981 2
982 2
983 2
984 2
985 1
986 1
987 1
988 2
989 2
990 2
991 1
992 1
993 1
994 2
995 2
996 2
997 2
998 2
999 2
1000 1
