1 2
2 1
3 2
4 2
5 1
6 1
7 1
8 2
9 2
10 1
11 2
12 1
13 1
14 2
15 2
16 2
17 1
18 2
19 2
20 1
21 2
22 1
23 1
24 1
25 2
26 2
27 1
28 1
29 2
30 1
31 1
32 2
33 2
34 1
35 1
36 1
37 1
38 1
39 1
40 1
41 2
42 2
43 1
44 2
45 1
46 1
47 1
48 2
49 1
50 1
51 1
52 2
53 1
54 1
55 1
56 2
57 2
58 1
59 2
60 1
61 2
62 2
63 2
64 1
65 1
66 1
67 1
68 2
69 2
70 2
71 1
72 1
73 2
74 2
75 1
76 1
77 2
78 1
79 1
80 2
81 2
82 2
83 2
84 2
85 1
86 1
87 1
88 1
89 1
90 1
91 1
92 1
93 1
94 1
95 2
96 2
97 1
98 1
99 1
100 2
101 2
102 2
103 1
104 1
105 2
106 2
107 1
108 1
109 1
110 2
111 1
112 2
113 1
114 2
115 1
116 1
117 1
118 2
119 1
120 2
121 2
122 2
123 1
124 1
125 1
126 1
127 2
128 2
129 1
130 1
131 2
132 1
133 1
134 1
135 1
136 1
137 2
138 2
139 2
140 2
141 2
142 2
143 1
144 2
145 2
146 2
147 1
148 1
149 1
150 1
151 2
152 1
153 1
154 2
155 1
156 1
157 1
158 2
159 1
160 1
161 2
162 2
163 1
164 2
165 2
166 2
167 2
168 2
169 2
170 2
171 2
172 1
173 2
174 1
175 1
176 2
177 1
178 1
179 2
180 1
181 2
182 2
183 1
184 2
185 1
186 1
187 2
188 2
189 1
190 1
191 1
192 2
193 2
194 1
195 2
196 1
197 2
198 1
199 1
200 2
201 1
202 2
203 2
204 1
205 2
206 2
207 1
208 1
209 2
210 2
211 1
212 1
213 1
214 2
215 1
216 1
217 1
218 1
219 1
220 1
221 1
222 2
223 2
224 1
225 2
226 2
227 1
228 2
229 1
230 1
231 2
232 2
233 2
234 2
235 2
236 1
237 1
238 2
239 2
240 2
241 2
242 2
243 2
244 1
245 1
246 1
247 1
248 2
249 2
250 2
251 1
252 1
253 1
254 1
255 2
256 2
257 2
258 1
259 1
260 1
261 2
262 1
263 2
264 2
265 2
266 2
267 1
268 2
269 2
270 1
271 2
272 1
273 2
274 2
275 2
276 1
277 1
278 2
279 1
280 2
281 2
282 2
283 1
284 2
285 2
286 1
287 2
288 1
289 1
290 1
291 1
292 1
293 1
294 2
295 2
296 1
297 2
298 2
299 2
300 2
301 1
302 1
303 2
304 2
305 2
306 2
307 2
308 2
309 1
310 1
311 1
312 1
313 1
314 1
315 1
316 2
317 2
318 2
319 2
320 1
321 1
322 2
323 2
324 1
325 2
326 2
327 2
328 1
329 2
330 2
331 2
332 2
333 1
334 2
335 2
336 1
337 2
338 1
339 2
340 2
341 1
342 2
343 1
344 1
345 1
346 2
347 2
348 2
349 2
350 1
351 1
352 1
353 2
354 2
355 2
356 2
357 1
358 1
359 1
360 1
361 1
362 2
363 2
364 1
365 1
366 2
367 2
368 1
369 2
370 2
371 2
372 2
373 2
374 2
375 1
376 1
377 1
378 2
379 2
380 2
381 2
382 2
383 1
384 1
385 1
386 1
387 1
388 1
389 2
390 1
391 1
392 1
393 1
394 1
395 1
396 1
397 2
398 2
399 1
400 1
401 1
402 1
403 2
404 1
405 1
406 1
407 1
408 2
409 1
410 1
411 1
412 2
413 2
414 2
415 1
416 1
417 2
418 2
419 1
420 1
421 1
422 1
423 1
424 1
425 1
426 1
427 1
428 1
429 1
430 2
431 1
432 1
433 2
434 1
435 2
436 2
437 2
438 1
439 2
440 1
441 1
442 2
443 2
444 1
445 1
446 2
447 2
448 1
449 1
450 1
451 1
452 2
453 2
454 1
455 1
456 2
457 2
458 1
459 1
460 2
461 1
462 2
463 1
464 2
465 2
466 1
467 2
468 1
469 2
470 2
471 1
472 2
473 2
474 2
475 1
476 1
477 1
478 1
479 1
480 2
481 1
482 1
483 1
484 2
485 1
486 1
487 2
488 1
489 2
490 1
491 2
492 1
493 2
494 2
495 1
496 1
497 1
498 2
499 2
500 2
501 1
502 1
503 2
504 1
505 1
506 2
507 2
508 1
509 1
510 1
511 2
512 1
513 1
514 2
515 2
516 1
517 2
518 1
519 1
520 1
521 2
522 1
523 2
524 1
525 2
526 1
527 2
528 1
529 1
530 1
531 2
532 2
533 2
534 2
535 2
536 1
537 2
538 1
539 2
540 1
541 1
542 2
543 1
544 2
545 1
546 1
547 2
548 1
549 1
550 2
551 2
552 2
553 1
554 2
555 2
556 1
557 2
558 2
559 2
560 1
561 1
562 1
563 2
564 1
565 2
566 2
567 2
568 1
569 2
570 2
571 2
572 2
573 1
574 2
575 1
576 1
577 1
578 2
579 1
580 2
581 2
582 1
583 1
584 2
585 2
586 2
587 1
588 1
589 1
590 1
591 1
592 1
593 2
594 2
595 2
596 1
597 2
598 2
599 1
600 2
601 1
602 2
603 2
604 1
605 2
606 2
607 1
608 2
609 1
610 1
611 1
612 2
613 1
614 1
615 2
616 1
617 2
618 1
619 2
620 2
621 2
622 2
623 1
624 1
625 2
626 2
627 1
628 2
629 1
630 1
631 1
632 2
633 2
634 2
635 1
636 1
637 2
638 2
639 1
640 1
641 1
642 2
643 1
644 2
645 1
646 2
647 2
648 1
649 1
650 1
651 2
652 1
653 2
654 2
655 1
656 2
657 1
658 1
659 1
660 2
661 1
662 1
663 1
664 2
665 1
666 1
667 2
668 1
669 1
670 2
671 2
672 2
673 1
674 2
675 2
676 1
677 1
678 2
679 1
680 1
681 2
682 2
683 1
684 1
685 1
686 2
687 2
688 1
689 1
690 2
691 1
692 2
693 2
694 2
695 1
696 1
697 2
698 1
699 2
700 1
701 1
702 1
703 2
704 2
705 2
706 1
707 1
708 2
709 2
710 2
711 2
712 1
713 2
714 1
715 1
716 1
717 1
718 1
719 1
720 2
721 2
722 1
723 1
724 2
725 2
726 1
727 1
728 2
729 2
730 2
731 1
732 1
733 1
734 2
735 2
736 1
737 1
738 1
739 1
740 1
741 1
742 1
743 2
744 2
745 2
746 1
747 1
748 2
749 1
750 1
751 2
752 2
753 2
754 2
755 2
756 1
757 1
758 1
759 1
760 1
761 2
762 2
763 1
764 1
765 2
766 2
767 1
768 1
769 1
770 1
771 1
772 2
773 1
774 2
775 2
776 2
777 1
778 1
779 1
780 1
781 1
782 2
783 1
784 2
785 2
786 2
787 2
788 1
789 2
790 1
791 2
792 1
793 1
794 1
795 1
796 1
797 2
798 2
799 2
800 2
801 2
802 1
803 2
804 1
805 2
806 1
807 2
808 1
809 2
810 2
811 1
812 1
813 1
814 2
815 1
816 2
817 2
818 2
819 1
820 1
821 1
822 1
823 2
824 2
825 1
826 2
827 1
828 2
829 1
830 2
831 1
832 1
833 2
834 2
835 1
836 1
837 1
838 1
839 1
840 1
841 2
842 1
843 1
844 1
845 1
846 2
847 2
848 1
849 2
850 2
851 2
852 2
853 2
854 1
855 1
856 2
857 1
858 1
859 2
860 1
861 2
862 1
863 2
864 1
865 1
866 1
867 2
868 2
869 2
870 1
871 2
872 1
873 2
874 2
875 1
876 2
877 2
878 1
879 2
880 1
881 1
882 1
883 1
884 1
885 2
886 2
887 2
888 2
889 2
890 2
891 2
892 2
893 2
894 1
895 2
896 2
897 2
898 2
899 2
900 2
901 2
902 2
903 1
904 2
905 1
906 2
907 1
908 1
909 1
910 1
911 1
912 1
913 2
914 1
915 1
916 1
917 2
918 2
919 1
920 2
921 1
922 2
923 1
924 1
925 2
926 2
927 2
928 1
929 1
930 2
931 2
932 1
933 1
934 2
935 2
936 1
937 2
938 1
939 1
940 1
941 1
942 1
943 1
944 2
945 2
946 1
947 1
948 2
949 2
950 2
951 1
952 2
953 1
954 1
955 1
956 2
957 2
958 1
959 1
960 2
961 1
962 1
963 1
964 1
965 1
966 2
967 2
968 1
969 1
970 2
971 2
972 1
973 2
974 2
975 2
976 1
977 2
978 2
979 2
980 1
981 2
982 2
983 2
984 2
985 1
986 2
987 1
988 2
989 1
990 1
991 2
992 2
993 1
994 1
995 1
996 1
997 1
998 2
999 1
1000 1
