1 2
2 1
3 2
4 2
5 2
6 1
7 1
8 2
9 2
10 1
11 1
12 2
13 2
14 2
15 1
16 1
17 2
18 1
19 1
20 2
21 2
22 1
23 2
24 2
25 1
26 2
27 2
28 2
29 1
30 1
31 2
32 2
33 2
34 2
35 2
36 2
37 2
38 1
39 1
40 1
41 2
42 1
43 1
44 2
45 1
46 2
47 1
48 2
49 2
50 2
51 1
52 2
53 2
54 1
55 1
56 1
57 2
58 1
59 1
60 2
61 2
62 1
63 2
64 1
65 2
66 1
67 2
68 1
69 2
70 1
71 2
72 2
73 2
74 2
75 1
76 1
77 1
78 1
79 1
80 2
81 1
82 2
83 2
84 1
85 2
86 1
87 1
88 1
89 2
90 2
91 2
92 2
93 2
94 1
95 2
96 2
97 1
98 2
99 2
100 1
101 2
102 1
103 1
104 2
105 2
106 1
107 2
108 1
109 2
110 1
111 2
112 2
113 2
114 2
115 2
116 2
117 1
118 2
119 2
120 2
121 2
122 2
123 1
124 1
125 1
126 2
127 2
128 1
129 1
130 1
131 1
132 1
133 1
134 1
135 2
136 1
137 1
138 2
139 2
140 2
141 1
142 2
143 1
144 1
145 2
146 1
147 2
148 2
149 2
150 2
151 1
152 2
153 2
154 2
155 2
156 2
157 1
158 1
159 2
160 2
161 1
162 2
163 1
164 2
165 2
166 1
167 1
168 1
169 2
170 2
171 2
172 1
173 1
174 1
175 2
176 2
177 1
178 2
179 2
180 1
181 1
182 1
183 2
184 2
185 1
186 1
187 2
188 2
189 1
190 1
191 2
192 1
193 2
194 1
195 2
196 1
197 2
198 1
199 1
200 1
201 1
202 2
203 1
204 1
205 2
206 2
207 1
208 1
209 1
210 2
211 2
212 1
213 1
214 1
215 2
216 2
217 1
218 1
219 1
220 1
221 2
222 1
223 1
224 2
225 2
226 1
227 1
228 2
229 1
230 2
231 1
232 1
233 2
234 1
235 2
236 1
237 2
238 1
239 1
240 2
241 2
242 2
243 1
244 1
245 1
246 1
247 1
248 2
249 2
250 1
251 2
252 1
253 2
254 1
255 1
256 1
257 2
258 1
259 1
260 1
261 1
262 1
263 1
264 2
265 1
266 2
267 1
268 1
269 1
270 1
271 1
272 1
273 1
274 1
275 1
276 2
277 1
278 2
279 1
280 1
281 1
282 1
283 2
284 1
285 2
286 1
287 1
288 1
289 2
290 2
291 1
292 1
293 1
294 2
295 1
296 2
297 2
298 2
299 2
300 1
301 1
302 1
303 2
304 2
305 2
306 1
307 2
308 1
309 2
310 1
311 2
312 1
313 1
314 1
315 1
316 1
317 2
318 2
319 2
320 1
321 1
322 1
323 1
324 2
325 2
326 2
327 2
328 2
329 2
330 2
331 2
332 2
333 1
334 2
335 2
336 2
337 1
338 1
339 1
340 1
341 1
342 1
343 1
344 2
345 1
346 1
347 2
348 1
349 1
350 2
351 1
352 1
353 1
354 2
355 2
356 1
357 1
358 2
359 2
360 1
361 2
362 1
363 2
364 1
365 2
366 1
367 2
368 2
369 2
370 1
371 2
372 1
373 2
374 2
375 1
376 2
377 1
378 1
379 1
380 1
381 1
382 1
383 2
384 2
385 2
386 1
387 1
388 2
389 2
390 2
391 2
392 2
393 1
394 2
395 2
396 1
397 2
398 1
399 1
400 1
401 2
402 1
403 1
404 1
405 2
406 1
407 1
408 1
409 1
410 2
411 1
412 1
413 2
414 2
415 1
416 1
417 2
418 2
419 1
420 1
421 2
422 1
423 1
424 2
425 1
426 1
427 1
428 1
429 2
430 2
431 2
432 2
433 2
434 1
435 1
436 2
437 2
438 2
439 1
440 1
441 1
442 1
443 2
444 1
445 1
446 1
447 2
448 2
449 2
450 2
451 2
452 1
453 1
454 2
455 1
456 2
457 1
458 2
459 2
460 1
461 2
462 2
463 2
464 2
465 2
466 2
467 1
468 1
469 1
470 1
471 1
472 2
473 1
474 1
475 1
476 1
477 1
478 1
479 2
480 2
481 1
482 1
483 1
484 1
485 1
486 2
487 2
488 2
489 1
490 1
491 1
492 2
493 2
494 2
495 2
496 1
497 1
498 2
499 2
500 1
501 2
502 2
503 1
504 1
505 2
506 2
507 2
508 2
509 1
510 1
511 2
512 1
513 2
514 2
515 1
516 2
517 2
518 2
519 2
520 1
521 2
522 2
523 2
524 2
525 2
526 2
527 1
528 1
529 1
530 1
531 1
532 2
533 1
534 1
535 1
536 2
537 2
538 1
539 1
540 2
541 2
542 2
543 1
544 1
545 2
546 1
547 2
548 1
549 1
550 1
551 1
552 2
553 2
554 1
555 2
556 1
557 1
558 1
559 1
560 2
561 2
562 2
563 1
564 1
565 1
566 2
567 2
568 2
569 1
570 2
571 1
572 2
573 1
574 2
575 2
576 2
577 1
578 1
579 1
580 1
581 2
582 1
583 1
584 1
585 1
586 2
587 1
588 2
589 2
590 2
591 1
592 1
593 2
594 1
595 2
596 2
597 2
598 1
599 2
600 2
601 1
602 1
603 1
604 1
605 1
606 2
607 1
608 1
609 2
610 1
611 2
612 1
613 2
614 2
615 2
616 2
617 2
618 1
619 2
620 1
621 2
622 1
623 1
624 1
625 1
626 1
627 1
628 2
629 2
630 1
631 1
632 2
633 1
634 2
635 2
636 2
637 1
638 1
639 2
640 1
641 1
642 1
643 1
644 1
645 1
646 1
647 1
648 2
649 1
650 2
651 2
652 2
653 1
654 1
655 1
656 1
657 1
658 2
659 2
660 2
661 2
662 2
663 2
664 2
665 2
666 1
667 2
668 1
669 2
670 1
671 1
672 2
673 2
674 1
675 1
676 2
677 1
678 1
679 2
680 2
681 2
682 2
683 1
684 1
685 2
686 1
687 2
688 1
689 1
690 2
691 1
692 1
693 1
694 2
695 2
696 1
697 2
698 1
699 2
700 1
701 2
702 1
703 1
704 2
705 2
706 2
707 2
708 2
709 2
710 1
711 1
712 1
713 1
714 2
715 1
716 1
717 1
718 1
719 2
720 2
721 1
722 1
723 1
724 2
725 1
726 2
727 2
728 2
729 1
730 1
731 2
732 1
733 1
734 1
735 1
736 2
737 1
738 1
739 2
740 1
741 2
742 1
743 1
744 2
745 1
746 2
747 2
748 2
749 1
750 2
751 1
752 2
753 1
754 2
755 2
756 1
757 2
758 1
759 2
760 2
761 1
762 1
763 1
764 2
765 1
766 1
767 1
768 1
769 1
770 1
771 1
772 1
773 2
774 1
775 2
776 2
777 2
778 1
779 2
780 2
781 2
782 1
783 1
784 1
785 2
786 1
787 1
788 1
789 2
790 1
791 2
792 1
793 2
794 2
795 2
796 2
797 2
798 2
799 2
800 2
801 1
802 1
803 1
804 1
805 1
806 1
807 2
808 1
809 1
810 2
811 1
812 2
813 1
814 1
815 2
816 2
817 2
818 1
819 1
820 2
821 2
822 1
823 2
824 1
825 1
826 2
827 1
828 2
829 2
830 1
831 2
832 2
833 1
834 1
835 1
836 2
837 2
838 2
839 1
840 2
841 2
842 1
843 2
844 1
845 2
846 2
847 1
848 2
849 1
850 2
851 1
852 1
853 1
854 1
855 1
856 1
857 2
858 1
859 2
860 1
861 2
862 2
863 1
864 2
865 2
866 2
867 2
868 1
869 1
870 2
871 1
872 1
873 2
874 2
875 2
876 1
877 2
878 1
879 2
880 2
881 2
882 2
883 2
884 2
885 2
886 2
887 2
888 2
889 1
890 1
891 1
892 2
893 1
894 1
895 2
896 1
897 1
898 1
899 2
900 2
901 1
902 1
903 2
904 2
905 1
906 1
907 1
908 1
909 2
910 2
911 1
912 1
913 1
914 2
915 2
916 2
917 2
918 1
919 2
920 1
921 1
922 1
923 1
924 2
925 1
926 2
927 2
928 1
929 1
930 2
931 2
932 2
933 1
934 2
935 1
936 2
937 1
938 1
939 1
940 1
941 2
942 1
943 1
944 2
945 1
946 1
947 1
948 1
949 1
950 1
951 2
952 2
953 1
954 1
955 2
956 2
957 2
958 1
959 2
960 1
961 2
962 1
963 1
964 1
965 1
966 1
967 2
968 1
969 1
970 2
971 1
972 1
973 1
974 1
975 2
976 2
977 1
978 2
979 1
980 1
981 2
982 2
983 1
984 2
985 2
986 1
987 1
988 2
989 2
990 2
991 2
992 2
993 2
994 1
995 2
996 2
997 1
998 2
999 2
1000 2
