1 1
2 2
3 2
4 2
5 1
6 1
7 1
8 2
9 1
10 2
11 1
12 1
13 2
14 2
15 2
16 1
17 1
18 1
19 1
20 2
21 1
22 1
23 2
24 2
25 1
26 2
27 1
28 2
29 1
30 2
31 1
32 1
33 2
34 2
35 2
36 2
37 1
38 2
39 2
40 1
41 2
42 1
43 1
44 1
45 1
46 2
47 1
48 1
49 1
50 2
51 1
52 2
53 2
54 2
55 1
56 1
57 1
58 2
59 2
60 2
61 2
62 1
63 1
64 1
65 1
66 2
67 1
68 1
69 1
70 1
71 1
72 2
73 2
74 2
75 2
76 2
77 2
78 2
79 1
80 2
81 2
82 2
83 1
84 1
85 2
86 1
87 1
88 1
89 1
90 2
91 2
92 2
93 2
94 1
95 1
96 2
97 1
98 1
99 1
100 2
101 1
102 1
103 2
104 1
105 1
106 2
107 1
108 1
109 2
110 2
111 1
112 1
113 1
114 2
115 1
116 1
117 1
118 2
119 2
120 1
121 1
122 1
123 2
124 1
125 2
126 1
127 1
128 1
129 2
130 2
131 2
132 1
133 1
134 2
135 1
136 2
137 1
138 1
139 2
140 1
141 2
142 1
143 2
144 1
145 1
146 1
147 2
148 2
149 2
150 1
151 2
152 2
153 2
154 1
155 2
156 1
157 1
158 1
159 2
160 2
161 2
162 1
163 2
164 2
165 2
166 2
167 2
168 1
169 2
170 1
171 1
172 2
173 2
174 2
175 2
176 1
177 2
178 2
179 2
180 1
181 2
182 2
183 2
184 2
185 1
186 2
187 2
188 2
189 2
190 2
191 2
192 2
193 1
194 2
195 2
196 2
197 1
198 2
199 2
200 2
201 1
202 2
203 2
204 2
205 1
206 2
207 1
208 1
209 2
210 2
211 2
212 2
213 1
214 1
215 1
216 1
217 2
218 1
219 1
220 1
221 1
222 1
223 1
224 2
225 2
226 1
227 2
228 1
229 2
230 1
231 2
232 2
233 2
234 2
235 2
236 1
237 2
238 1
239 2
240 1
241 1
242 1
243 2
244 2
245 2
246 1
247 1
248 1
249 1
250 2
251 2
252 1
253 1
254 2
255 2
256 2
257 2
258 2
259 2
260 2
261 1
262 2
263 2
264 2
265 2
266 2
267 1
268 2
269 1
270 2
271 2
272 1
273 1
274 1
275 2
276 1
277 1
278 2
279 2
280 2
281 2
282 2
283 2
284 2
285 1
286 1
287 1
288 2
289 2
290 2
291 2
292 1
293 2
294 2
295 1
296 1
297 2
298 2
299 1
300 2
301 2
302 1
303 2
304 2
305 2
306 1
307 1
308 2
309 1
310 1
311 1
312 2
313 1
314 2
315 1
316 1
317 2
318 1
319 2
320 1
321 1
322 1
323 1
324 1
325 2
326 2
327 1
328 2
329 2
330 1
331 1
332 1
333 1
334 1
335 2
336 1
337 2
338 2
339 1
340 2
341 1
342 2
343 1
344 1
345 1
346 1
347 2
348 1
349 2
350 2
351 2
352 1
353 1
354 1
355 1
356 2
357 2
358 1
359 1
360 1
361 2
362 1
363 2
364 1
365 1
366 2
367 1
368 1
369 1
370 1
371 2
372 1
373 1
374 1
375 1
376 2
377 1
378 2
379 1
380 2
381 1
382 2
383 2
384 1
385 1
386 2
387 2
388 2
389 2
390 2
391 1
392 1
393 1
394 1
395 1
396 2
397 2
398 2
399 2
400 2
401 2
402 1
403 1
404 1
405 1
406 1
407 1
408 2
409 2
410 1
411 1
412 2
413 1
414 1
415 1
416 2
417 2
418 2
419 1
420 2
421 2
422 1
423 2
424 1
425 1
426 2
427 1
428 2
429 2
430 1
431 2
432 1
433 1
434 2
435 1
436 2
437 2
438 2
439 1
440 2
441 1
442 2
443 2
444 2
445 1
446 1
447 2
448 1
449 2
450 1
451 1
452 2
453 2
454 2
455 2
456 2
457 1
458 2
459 2
460 1
461 1
462 1
463 2
464 1
465 2
466 2
467 2
468 2
469 2
470 1
471 1
472 2
473 1
474 1
475 2
476 1
477 1
478 1
479 1
480 2
481 2
482 1
483 1
484 1
485 2
486 2
487 2
488 2
489 1
490 2
491 1
492 2
493 1
494 2
495 1
496 2
497 2
498 2
499 1
500 1
501 1
502 2
503 1
504 1
505 2
506 1
507 1
508 2
509 1
510 2
511 2
512 2
513 1
514 2
515 1
516 1
517 1
518 2
519 2
520 2
521 2
522 1
523 1
524 2
525 1
526 1
527 2
528 2
529 2
530 1
531 1
532 2
533 1
534 2
535 2
536 2
537 1
538 1
539 1
540 1
541 1
542 1
543 2
544 1
545 2
546 1
547 2
548 1
549 1
550 1
551 1
552 1
553 2
554 2
555 2
556 1
557 2
558 2
559 2
560 2
561 1
562 2
563 1
564 1
565 2
566 1
567 2
568 2
569 2
570 1
571 2
572 2
573 2
574 2
575 2
576 1
577 1
578 1
579 2
580 1
581 1
582 2
583 1
584 2
585 1
586 1
587 2
588 1
589 2
590 1
591 1
592 1
593 2
594 2
595 1
596 2
597 2
598 2
599 1
600 2
601 2
602 2
603 1
604 1
605 1
606 1
607 1
608 1
609 2
610 1
611 2
612 2
613 1
614 2
615 2
616 1
617 1
618 1
619 2
620 1
621 1
622 2
623 2
624 2
625 1
626 2
627 2
628 2
629 2
630 1
631 1
632 1
633 1
634 1
635 1
636 2
637 1
638 2
639 1
640 1
641 1
642 1
643 2
644 1
645 2
646 1
647 2
648 2
649 2
650 1
651 1
652 1
653 1
654 1
655 1
656 2
657 1
658 2
659 1
660 2
661 1
662 1
663 1
664 2
665 1
666 2
667 2
668 1
669 1
670 2
671 2
672 1
673 2
674 1
675 1
676 2
677 1
678 1
679 1
680 1
681 2
682 2
683 2
684 2
685 1
686 2
687 1
688 2
689 2
690 2
691 2
692 2
693 1
694 1
695 2
696 1
697 1
698 1
699 1
700 1
701 2
702 2
703 1
704 2
705 1
706 1
707 2
708 2
709 1
710 2
711 1
712 2
713 2
714 1
715 1
716 2
717 1
718 1
719 2
720 1
721 1
722 1
723 1
724 2
725 1
726 1
727 1
728 2
729 1
730 1
731 2
732 1
733 1
734 2
735 2
736 1
737 2
738 2
739 1
740 1
741 1
742 1
743 1
744 2
745 2
746 2
747 2
748 2
749 1
750 2
751 2
752 1
753 1
754 1
755 1
756 2
757 2
758 2
759 2
760 1
761 2
762 1
763 2
764 2
765 2
766 1
767 1
768 1
769 1
770 2
771 2
772 1
773 1
774 2
775 1
776 2
777 2
778 2
779 2
780 2
781 2
782 1
783 1
784 2
785 1
786 2
787 2
788 1
789 2
790 1
791 1
792 1
793 2
794 1
795 2
796 1
797 1
798 2
799 2
800 2
801 1
802 1
803 1
804 2
805 1
806 1
807 1
808 2
809 2
810 1
811 1
812 1
813 1
814 1
815 1
816 2
817 2
818 1
819 1
820 1
821 2
822 1
823 2
824 2
825 1
826 2
827 1
828 1
829 1
830 1
831 2
832 1
833 2
834 2
835 2
836 1
837 1
838 2
839 1
840 1
841 2
842 1
843 1
844 2
845 2
846 2
847 2
848 1
849 1
850 2
851 2
852 2
853 1
854 2
855 1
856 2
857 1
858 1
859 2
860 2
861 2
862 1
863 2
864 1
865 2
866 1
867 1
868 1
869 1
870 1
871 2
872 2
873 2
874 2
875 2
876 2
877 1
878 2
879 2
880 1
881 2
882 2
883 2
884 2
885 1
886 2
887 2
888 1
889 2
890 2
891 2
892 1
893 2
894 2
895 1
896 2
897 2
898 2
899 1
900 2
901 2
902 1
903 2
904 1
905 1
906 2
907 2
908 1
909 2
910 1
911 1
912 2
913 1
914 2
915 1
916 1
917 2
918 2
919 2
920 2
921 2
922 1
923 1
924 2
925 2
926 1
927 2
928 1
929 1
930 2
931 1
932 2
933 2
934 2
935 1
936 2
937 1
938 2
939 2
940 2
941 1
942 1
943 2
944 1
945 2
946 2
947 2
948 1
949 1
950 2
951 2
952 2
953 1
954 1
955 1
956 1
957 2
958 2
959 1
960 2
961 1
962 1
963 2
964 1
965 1
966 2
967 2
968 1
969 2
970 2
971 2
972 1
973 1
974 1
975 2
976 2
977 1
978 1
979 1
980 1
981 1
982 1
983 2
984 2
985 2
986 2
987 1
988 1
989 1
990 1
991 2
992 1
993 1
994 1
995 1
996 2
997 1
998 1
999 2
1000 1
