1 1
2 2
3 2
4 1
5 2
6 1
7 1
8 2
9 1
10 2
11 1
12 1
13 1
14 2
15 2
16 1
17 1
18 2
19 1
20 1
21 1
22 2
23 1
24 1
25 2
26 2
27 2
28 1
29 2
30 1
31 1
32 2
33 2
34 2
35 2
36 2
37 2
38 1
39 1
40 1
41 2
42 1
43 2
44 1
45 1
46 2
47 2
48 1
49 1
50 1
51 1
52 2
53 1
54 1
55 2
56 2
57 1
58 2
59 1
60 2
61 2
62 2
63 2
64 1
65 2
66 1
67 1
68 1
69 1
70 1
71 1
72 1
73 1
74 1
75 2
76 1
77 1
78 2
79 1
80 1
81 2
82 2
83 1
84 1
85 1
86 2
87 1
88 2
89 1
90 1
91 2
92 2
93 1
94 1
95 1
96 1
97 1
98 1
99 2
100 1
101 2
102 1
103 1
104 1
105 2
106 2
107 1
108 1
109 2
110 2
111 2
112 1
113 1
114 1
115 1
116 1
117 1
118 1
119 1
120 2
121 2
122 1
123 2
124 2
125 2
126 2
127 1
128 1
129 1
130 1
131 1
132 2
133 2
134 2
135 1
136 1
137 1
138 2
139 1
140 1
141 2
142 2
143 1
144 1
145 2
146 2
147 2
148 2
149 2
150 2
151 1
152 1
153 2
154 2
155 1
156 2
157 1
158 1
159 2
160 2
161 1
162 2
163 2
164 1
165 1
166 2
167 2
168 1
169 2
170 2
171 1
172 2
173 2
174 2
175 2
176 1
177 2
178 1
179 1
180 1
181 2
182 1
183 2
184 1
185 1
186 1
187 1
188 2
189 2
190 2
191 1
192 2
193 1
194 1
195 2
196 1
197 2
198 1
199 1
200 1
201 2
202 1
203 2
204 2
205 2
206 2
207 1
208 1
209 2
210 2
211 1
212 2
213 1
214 1
215 2
216 1
217 2
218 1
219 2
220 2
221 2
222 1
223 1
224 2
225 2
226 2
227 1
228 2
229 2
230 1
231 2
232 1
233 1
234 2
235 1
236 1
237 1
238 2
239 1
240 2
241 2
242 1
243 1
244 2
245 2
246 1
247 1
248 1
249 1
250 1
251 1
252 1
253 1
254 1
255 1
256 1
257 1
258 1
259 1
260 1
261 2
262 1
263 2
264 2
265 2
266 2
267 1
268 1
269 2
270 2
271 2
272 2
273 1
274 1
275 2
276 1
277 2
278 1
279 1
280 2
281 1
282 1
283 2
284 2
285 1
286 2
287 2
288 2
289 1
290 1
291 2
292 1
293 1
294 1
295 1
296 2
297 1
298 1
299 1
300 1
301 2
302 1
303 2
304 2
305 1
306 1
307 2
308 1
309 2
310 1
311 1
312 1
313 1
314 1
315 1
316 1
317 1
318 2
319 1
320 2
321 2
322 2
323 2
324 2
325 1
326 1
327 2
328 1
329 1
330 2
331 1
332 1
333 1
334 1
335 2
336 2
337 1
338 1
339 1
340 1
341 1
342 1
343 2
344 1
345 2
346 2
347 1
348 2
349 2
350 2
351 2
352 2
353 2
354 1
355 1
356 2
357 2
358 2
359 1
360 2
361 2
362 1
363 1
364 1
365 1
366 1
367 1
368 2
369 2
370 1
371 2
372 2
373 1
374 1
375 1
376 1
377 2
378 2
379 2
380 1
381 2
382 2
383 2
384 1
385 2
386 2
387 2
388 2
389 1
390 2
391 2
392 2
393 2
394 1
395 1
396 1
397 2
398 1
399 1
400 2
401 1
402 1
403 1
404 1
405 1
406 1
407 1
408 1
409 2
410 1
411 2
412 1
413 1
414 1
415 1
416 2
417 1
418 1
419 1
420 1
421 1
422 1
423 2
424 1
425 2
426 2
427 2
428 2
429 2
430 2
431 1
432 2
433 2
434 1
435 2
436 1
437 2
438 1
439 2
440 2
441 2
442 2
443 2
444 1
445 1
446 2
447 2
448 1
449 1
450 2
451 2
452 2
453 1
454 2
455 2
456 2
457 1
458 1
459 1
460 2
461 1
462 2
463 2
464 2
465 1
466 2
467 1
468 2
469 1
470 2
471 1
472 1
473 1
474 1
475 2
476 2
477 2
478 2
479 1
480 2
481 2
482 2
483 1
484 2
485 2
486 2
487 2
488 1
489 2
490 2
491 1
492 2
493 1
494 1
495 1
496 1
497 1
498 1
499 2
500 2
501 2
502 1
503 1
504 2
505 1
506 1
507 1
508 2
509 1
510 1
511 1
512 2
513 2
514 1
515 2
516 2
517 2
518 1
519 2
520 1
521 1
522 2
523 1
524 2
525 1
526 2
527 2
528 2
529 1
530 2
531 1
532 2
533 2
534 1
535 2
536 1
537 1
538 2
539 2
540 1
541 2
542 2
543 2
544 1
545 2
546 2
547 2
548 1
549 2
550 1
551 1
552 1
553 1
554 2
555 2
556 1
557 1
558 2
559 2
560 1
561 1
562 1
563 2
564 2
565 2
566 2
567 1
568 2
569 1
570 1
571 1
572 1
573 1
574 2
575 2
576 2
577 1
578 1
579 1
580 1
581 2
582 1
583 2
584 1
585 2
586 2
587 1
588 2
589 2
590 1
591 2
592 2
593 2
594 2
595 2
596 2
597 1
598 2
599 1
600 1
601 1
602 1
603 2
604 2
605 2
606 1
607 2
608 1
609 1
610 1
611 2
612 2
613 1
614 2
615 2
616 1
617 1
618 1
619 1
620 1
621 2
622 2
623 2
624 1
625 2
626 1
627 2
628 2
629 1
630 1
631 2
632 2
633 2
634 2
635 2
636 2
637 1
638 1
639 1
640 1
641 2
642 1
643 1
644 2
645 1
646 2
647 1
648 1
649 1
650 2
651 1
652 2
653 1
654 1
655 2
656 1
657 1
658 1
659 1
660 2
661 1
662 2
663 2
664 1
665 1
666 2
667 2
668 2
669 1
670 2
671 1
672 2
673 1
674 1
675 2
676 1
677 1
678 1
679 2
680 1
681 2
682 1
683 1
684 1
685 1
686 2
687 2
688 1
689 1
690 1
691 1
692 2
693 1
694 1
695 2
696 1
697 1
698 1
699 2
700 1
701 1
702 1
703 1
704 2
705 1
706 1
707 2
708 2
709 2
710 1
711 1
712 2
713 1
714 2
715 1
716 1
717 2
718 2
719 2
720 1
721 1
722 2
723 2
724 1
725 1
726 1
727 2
728 1
729 1
730 2
731 2
732 2
733 2
734 1
735 2
736 2
737 1
738 1
739 1
740 1
741 1
742 1
743 2
744 2
745 2
746 1
747 1
748 2
749 1
750 2
751 2
752 2
753 1
754 1
755 1
756 1
757 1
758 2
759 2
760 1
761 2
762 1
763 1
764 2
765 2
766 2
767 1
768 1
769 1
770 1
771 1
772 2
773 1
774 1
775 2
776 1
777 1
778 1
779 2
780 2
781 2
782 1
783 2
784 1
785 1
786 1
787 2
788 2
789 2
790 1
791 2
792 1
793 2
794 1
795 2
796 1
797 2
798 1
799 2
800 1
801 1
802 1
803 1
804 2
805 2
806 1
807 1
808 2
809 1
810 2
811 1
812 1
813 2
814 2
815 2
816 1
817 1
818 1
819 1
820 1
821 1
822 1
823 1
824 1
825 2
826 1
827 1
828 2
829 1
830 1
831 1
832 1
833 1
834 1
835 1
836 1
837 2
838 1
839 2
840 1
841 2
842 2
843 1
844 1
845 2
846 2
847 2
848 2
849 1
850 2
851 2
852 2
853 2
854 2
855 2
856 1
857 1
858 1
859 1
860 1
861 2
862 2
863 2
864 1
865 2
866 2
867 1
868 1
869 1
870 2
871 1
872 2
873 2
874 1
875 2
876 2
877 2
878 2
879 2
880 2
881 1
882 1
883 2
884 2
885 1
886 1
887 2
888 1
889 2
890 1
891 1
892 1
893 2
894 1
895 1
896 1
897 2
898 2
899 1
900 1
901 2
902 1
903 2
904 2
905 2
906 1
907 2
908 1
909 2
910 1
911 2
912 2
913 1
914 1
915 1
916 2
917 2
918 2
919 2
920 2
921 1
922 1
923 2
924 1
925 1
926 2
927 1
928 2
929 1
930 2
931 2
932 1
933 1
934 2
935 2
936 1
937 2
938 2
939 2
940 1
941 1
942 2
943 1
944 1
945 1
946 1
947 1
948 1
949 1
950 1
951 1
952 1
953 1
954 1
955 1
956 2
957 1
958 1
959 2
960 2
961 2
962 1
963 1
964 2
965 1
966 2
967 1
968 1
969 1
970 1
971 1
972 2
973 2
974 2
975 1
976 2
977 1
978 2
979 2
980 1
981 2
982 2
983 1
984 1
985 2
986 1
987 2
988 1
989 2
990 2
991 1
992 1
993 1
994 2
995 1
996 2
997 1
998 1
999 1
1000 2
