1 2
2 1
3 1
4 2
5 1
6 1
7 1
8 1
9 2
10 2
11 1
12 2
13 2
14 2
15 1
16 1
17 2
18 2
19 1
20 1
21 2
22 2
23 2
24 1
25 1
26 1
27 2
28 1
29 1
30 2
31 2
32 2
33 1
34 1
35 2
36 2
37 2
38 1
39 1
40 2
41 1
42 1
43 2
44 2
45 1
46 2
47 1
48 2
49 2
50 2
51 1
52 1
53 2
54 1
55 1
56 2
57 1
58 1
59 2
60 1
61 1
62 1
63 2
64 1
65 1
66 1
67 1
68 1
69 1
70 1
71 2
72 2
73 1
74 2
75 1
76 2
77 1
78 2
79 1
80 2
81 1
82 2
83 2
84 2
85 2
86 1
87 1
88 2
89 2
90 1
91 2
92 1
93 1
94 1
95 2
96 1
97 2
98 2
99 1
100 1
101 1
102 1
103 2
104 2
105 2
106 1
107 2
108 2
109 1
110 2
111 1
112 1
113 2
114 2
115 2
116 1
117 2
118 2
119 1
120 2
121 1
122 1
123 1
124 1
125 1
126 2
127 1
128 2
129 2
130 2
131 2
132 1
133 2
134 2
135 2
136 2
137 2
138 2
139 1
140 2
141 1
142 2
143 2
144 1
145 1
146 2
147 2
148 1
149 2
150 1
151 2
152 2
153 1
154 2
155 1
156 1
157 1
158 1
159 1
160 2
161 1
162 1
163 2
164 2
165 2
166 2
167 1
168 2
169 1
170 1
171 2
172 1
173 2
174 1
175 1
176 1
177 1
178 2
179 1
180 2
181 1
182 1
183 2
184 2
185 2
186 1
187 2
188 2
189 2
190 1
191 1
192 2
193 1
194 2
195 1
196 1
197 2
198 1
199 1
200 2
201 1
202 1
203 1
204 1
205 1
206 2
207 1
208 2
209 2
210 1
211 2
212 1
213 2
214 2
215 1
216 2
217 2
218 1
219 2
220 2
221 2
222 1
223 1
224 2
225 2
226 2
227 1
228 1
229 2
230 1
231 2
232 2
233 1
234 1
235 2
236 1
237 1
238 1
239 2
240 1
241 2
242 2
243 2
244 1
245 2
246 2
247 2
248 2
249 1
250 2
251 1
252 2
253 2
254 1
255 2
256 2
257 1
258 2
259 1
260 2
261 1
262 2
263 2
264 2
265 2
266 1
267 1
268 1
269 2
270 2
271 1
272 1
273 2
274 2
275 2
276 2
277 1
278 1
279 2
280 2
281 1
282 1
283 2
284 2
285 1
286 2
287 1
288 2
289 2
290 2
291 2
292 2
293 2
294 1
295 1
296 1
297 1
298 2
299 2
300 1
301 1
302 1
303 2
304 2
305 1
306 1
307 1
308 2
309 2
310 1
311 2
312 1
313 2
314 1
315 2
316 2
317 2
318 2
319 1
320 2
321 1
322 1
323 2
324 1
325 1
326 1
327 2
328 2
329 1
330 1
331 1
332 1
333 2
334 1
335 1
336 1
337 2
338 1
339 2
340 1
341 1
342 1
343 2
344 1
345 2
346 1
347 2
348 2
349 2
350 1
351 1
352 2
353 1
354 1
355 1
356 1
357 1
358 2
359 1
360 1
361 2
362 1
363 2
364 1
365 1
366 1
367 2
368 1
369 2
370 2
371 1
372 2
373 1
374 2
375 1
376 2
377 2
378 1
379 1
380 2
381 1
382 2
383 2
384 2
385 2
386 2
387 2
388 1
389 2
390 1
391 2
392 1
393 1
394 2
395 1
396 1
397 2
398 1
399 2
400 2
401 2
402 2
403 1
404 2
405 1
406 2
407 2
408 2
409 2
410 2
411 1
412 2
413 2
414 2
415 1
416 1
417 1
418 2
419 1
420 1
421 1
422 1
423 2
424 2
425 1
426 2
427 1
428 1
429 2
430 1
431 1
432 1
433 1
434 2
435 1
436 1
437 2
438 1
439 1
440 2
441 1
442 1
443 2
444 2
445 2
446 2
447 1
448 2
449 1
450 2
451 1
452 1
453 1
454 2
455 2
456 1
457 2
458 1
459 1
460 1
461 2
462 1
463 1
464 1
465 2
466 1
467 2
468 1
469 2
470 2
471 2
472 2
473 1
474 1
475 2
476 1
477 2
478 2
479 1
480 1
481 1
482 2
483 2
484 2
485 2
486 1
487 1
488 2
489 1
490 1
491 2
492 1
493 1
494 2
495 1
496 2
497 2
498 1
499 1
500 1
501 2
502 2
503 1
504 1
505 2
506 2
507 2
508 2
509 2
510 1
511 1
512 1
513 1
514 2
515 1
516 2
517 2
518 2
519 1
520 1
521 2
522 2
523 1
524 2
525 1
526 1
527 1
528 2
529 2
530 2
531 1
532 2
533 2
534 2
535 1
536 2
537 1
538 1
539 2
540 2
541 1
542 2
543 2
544 2
545 1
546 1
547 2
548 2
549 2
550 2
551 2
552 2
553 1
554 1
555 1
556 2
557 2
558 2
559 2
560 1
561 2
562 1
563 1
564 2
565 2
566 1
567 1
568 1
569 1
570 2
571 1
572 1
573 2
574 2
575 1
576 2
577 1
578 1
579 1
580 1
581 1
582 2
583 2
584 2
585 1
586 1
587 2
588 2
589 2
590 1
591 1
592 2
593 1
594 2
595 2
596 1
597 1
598 2
599 2
600 1
601 2
602 1
603 2
604 1
605 1
606 2
607 1
608 2
609 1
610 1
611 2
612 1
613 2
614 2
615 2
616 2
617 2
618 1
619 1
620 1
621 1
622 1
623 1
624 2
625 1
626 1
627 2
628 2
629 2
630 2
631 1
632 1
633 1
634 2
635 2
636 2
637 2
638 2
639 1
640 1
641 2
642 1
643 2
644 2
645 2
646 1
647 1
648 2
649 1
650 2
651 1
652 2
653 1
654 1
655 1
656 2
657 1
658 1
659 2
660 1
661 2
662 2
663 2
664 2
665 1
666 2
667 2
668 2
669 2
670 2
671 1
672 1
673 2
674 2
675 1
676 2
677 2
678 1
679 2
680 1
681 1
682 2
683 2
684 1
685 2
686 2
687 1
688 1
689 2
690 2
691 2
692 2
693 1
694 1
695 2
696 2
697 2
698 2
699 1
700 2
701 1
702 2
703 1
704 2
705 2
706 1
707 2
708 2
709 2
710 1
711 1
712 2
713 1
714 1
715 2
716 2
717 1
718 2
719 2
720 1
721 2
722 2
723 1
724 1
725 1
726 1
727 2
728 2
729 1
730 2
731 2
732 1
733 1
734 1
735 1
736 2
737 2
738 2
739 2
740 1
741 2
742 2
743 1
744 1
745 2
746 2
747 1
748 2
749 2
750 2
751 2
752 2
753 2
754 2
755 1
756 2
757 1
758 2
759 2
760 1
761 1
762 1
763 1
764 2
765 2
766 1
767 2
768 2
769 2
770 2
771 1
772 1
773 1
774 2
775 1
776 2
777 1
778 1
779 1
780 2
781 1
782 2
783 1
784 2
785 2
786 2
787 2
788 1
789 2
790 2
791 1
792 1
793 2
794 1
795 1
796 1
797 2
798 2
799 2
800 1
801 1
802 2
803 2
804 2
805 1
806 2
807 2
808 1
809 2
810 1
811 1
812 1
813 2
814 2
815 1
816 2
817 1
818 1
819 1
820 2
821 2
822 2
823 1
824 2
825 1
826 2
827 1
828 2
829 2
830 2
831 2
832 1
833 2
834 1
835 2
836 2
837 2
838 1
839 1
840 2
841 2
842 2
843 1
844 1
845 2
846 2
847 2
848 1
849 1
850 1
851 2
852 2
853 1
854 2
855 1
856 2
857 1
858 1
859 2
860 1
861 2
862 2
863 1
864 2
865 1
866 1
867 2
868 1
869 1
870 2
871 1
872 2
873 2
874 2
875 1
876 2
877 2
878 2
879 1
880 2
881 2
882 2
883 1
884 2
885 2
886 1
887 1
888 2
889 1
890 2
891 1
892 2
893 1
894 2
895 2
896 1
897 1
898 2
899 1
900 2
901 2
902 2
903 2
904 2
905 1
906 1
907 1
908 2
909 2
910 2
911 2
912 2
913 1
914 2
915 1
916 1
917 1
918 1
919 1
920 1
921 2
922 2
923 1
924 2
925 1
926 2
927 2
928 1
929 1
930 1
931 2
932 1
933 2
934 1
935 2
936 1
937 2
938 2
939 2
940 2
941 2
942 2
943 1
944 1
945 1
946 2
947 2
948 2
949 1
950 2
951 2
952 1
953 2
954 2
955 1
956 2
957 2
958 2
959 1
960 2
961 1
962 2
963 1
964 1
965 1
966 2
967 1
968 2
969 1
970 1
971 1
972 1
973 1
974 2
975 2
976 1
977 1
978 1
979 1
980 1
981 1
982 2
983 2
984 1
985 1
986 1
987 2
988 1
989 1
990 2
991 2
992 2
993 2
994 2
995 2
996 2
997 1
998 1
999 1
1000 2
