1 1
2 1
3 2
4 2
5 1
6 2
7 2
8 2
9 1
10 2
11 1
12 2
13 2
14 1
15 2
16 1
17 1
18 1
19 2
20 1
21 2
22 2
23 2
24 2
25 1
26 1
27 1
28 1
29 1
30 1
31 1
32 2
33 1
34 1
35 1
36 1
37 2
38 2
39 2
40 1
41 2
42 2
43 1
44 2
45 2
46 1
47 2
48 2
49 2
50 1
51 2
52 1
53 2
54 1
55 1
56 2
57 1
58 2
59 1
60 1
61 2
62 2
63 1
64 1
65 2
66 2
67 2
68 2
69 1
70 2
71 2
72 1
73 2
74 2
75 2
76 2
77 1
78 2
79 2
80 1
81 2
82 1
83 2
84 2
85 2
86 2
87 2
88 2
89 2
90 2
91 2
92 1
93 2
94 1
95 1
96 2
97 2
98 1
99 1
100 2
101 2
102 1
103 1
104 2
105 1
106 1
107 1
108 1
109 1
110 1
111 2
112 2
113 1
114 2
115 1
116 1
117 2
118 2
119 1
120 2
121 2
122 2
123 2
124 2
125 2
126 2
127 2
128 2
129 1
130 2
131 1
132 2
133 1
134 1
135 2
136 1
137 2
138 1
139 1
140 1
141 2
142 2
143 2
144 1
145 2
146 1
147 2
148 2
149 1
150 2
151 1
152 1
153 2
154 2
155 1
156 1
157 1
158 2
159 2
160 1
161 2
162 2
163 1
164 1
165 1
166 1
167 2
168 2
169 1
170 2
171 1
172 1
173 1
174 2
175 1
176 2
177 1
178 1
179 1
180 1
181 2
182 1
183 2
184 2
185 2
186 2
187 2
188 2
189 2
190 1
191 1
192 1
193 2
194 2
195 2
196 2
197 1
198 2
199 2
200 2
201 2
202 1
203 2
204 2
205 2
206 1
207 2
208 2
209 1
210 1
211 1
212 1
213 2
214 2
215 1
216 1
217 2
218 2
219 1
220 1
221 1
222 2
223 1
224 2
225 2
226 2
227 2
228 2
229 2
230 1
231 1
232 2
233 2
234 2
235 2
236 1
237 1
238 2
239 1
240 1
241 2
242 1
243 1
244 1
245 1
246 1
247 1
248 2
249 1
250 2
251 1
252 1
253 2
254 2
255 2
256 2
257 2
258 2
259 2
260 2
261 1
262 1
263 1
264 2
265 1
266 1
267 1
268 2
269 2
270 1
271 1
272 1
273 1
274 1
275 2
276 1
277 1
278 2
279 1
280 1
281 1
282 1
283 1
284 2
285 1
286 2
287 2
288 1
289 2
290 2
291 2
292 2
293 1
294 1
295 1
296 2
297 1
298 2
299 1
300 1
301 2
302 2
303 2
304 1
305 2
306 2
307 1
308 2
309 2
310 2
311 1
312 2
313 1
314 2
315 1
316 2
317 2
318 2
319 2
320 1
321 2
322 1
323 2
324 2
325 1
326 2
327 1
328 1
329 1
330 2
331 1
332 1
333 1
334 2
335 1
336 2
337 1
338 1
339 1
340 2
341 2
342 1
343 1
344 2
345 1
346 2
347 2
348 2
349 1
350 1
351 1
352 2
353 2
354 2
355 1
356 2
357 1
358 1
359 1
360 1
361 2
362 1
363 2
364 1
365 2
366 2
367 1
368 2
369 2
370 2
371 1
372 1
373 2
374 1
375 1
376 1
377 2
378 2
379 2
380 1
381 1
382 2
383 2
384 1
385 1
386 1
387 2
388 2
389 2
390 2
391 1
392 1
393 2
394 1
395 2
396 2
397 2
398 1
399 2
400 2
401 1
402 1
403 2
404 1
405 2
406 2
407 1
408 1
409 1
410 2
411 2
412 2
413 1
414 1
415 1
416 2
417 2
418 1
419 1
420 2
421 2
422 2
423 2
424 1
425 1
426 1
427 2
428 1
429 1
430 1
431 1
432 2
433 2
434 1
435 2
436 1
437 1
438 2
439 1
440 2
441 1
442 1
443 1
444 1
445 2
446 1
447 2
448 2
449 1
450 2
451 1
452 1
453 2
454 1
455 2
456 2
457 1
458 2
459 2
460 1
461 2
462 1
463 1
464 2
465 2
466 2
467 1
468 1
469 2
470 1
471 2
472 2
473 2
474 2
475 2
476 1
477 1
478 1
479 2
480 2
481 1
482 1
483 1
484 2
485 1
486 2
487 2
488 2
489 1
490 2
491 1
492 1
493 2
494 1
495 2
496 2
497 1
498 1
499 1
500 2
501 2
502 1
503 1
504 2
505 1
506 1
507 2
508 1
509 2
510 1
511 2
512 1
513 2
514 2
515 1
516 2
517 1
518 1
519 2
520 1
521 2
522 1
523 2
524 2
525 2
526 2
527 1
528 2
529 1
530 2
531 1
532 2
533 1
534 2
535 1
536 1
537 2
538 1
539 1
540 2
541 2
542 1
543 2
544 2
545 1
546 1
547 1
548 2
549 2
550 1
551 2
552 1
553 1
554 2
555 1
556 1
557 1
558 1
559 1
560 1
561 1
562 2
563 1
564 1
565 1
566 2
567 2
568 2
569 1
570 2
571 1
572 2
573 1
574 1
575 1
576 1
577 2
578 2
579 2
580 1
581 2
582 2
583 1
584 1
585 1
586 2
587 2
588 1
589 2
590 1
591 1
592 1
593 2
594 2
595 1
596 2
597 2
598 1
599 2
600 1
601 1
602 2
603 1
604 2
605 2
606 1
607 1
608 2
609 2
610 2
611 1
612 2
613 1
614 1
615 2
616 1
617 1
618 2
619 1
620 2
621 1
622 2
623 1
624 2
625 2
626 1
627 2
628 1
629 2
630 1
631 2
632 2
633 2
634 1
635 1
636 2
637 1
638 2
639 1
640 2
641 2
642 1
643 1
644 1
645 2
646 2
647 1
648 1
649 1
650 2
651 1
652 2
653 2
654 1
655 2
656 2
657 1
658 1
659 2
660 2
661 2
662 1
663 1
664 1
665 2
666 1
667 2
668 1
669 2
670 2
671 2
672 1
673 1
674 2
675 2
676 1
677 1
678 1
679 2
680 2
681 2
682 1
683 1
684 1
685 2
686 1
687 1
688 2
689 2
690 1
691 1
692 2
693 2
694 2
695 1
696 2
697 2
698 2
699 2
700 1
701 1
702 1
703 2
704 1
705 1
706 1
707 2
708 2
709 1
710 1
711 2
712 1
713 1
714 2
715 1
716 1
717 2
718 2
719 2
720 1
721 2
722 2
723 1
724 2
725 1
726 1
727 2
728 1
729 2
730 1
731 1
732 1
733 1
734 1
735 1
736 1
737 1
738 1
739 2
740 1
741 2
742 2
743 2
744 1
745 1
746 1
747 1
748 1
749 1
750 1
751 2
752 1
753 1
754 1
755 2
756 2
757 1
758 2
759 1
760 1
761 1
762 2
763 2
764 1
765 1
766 2
767 1
768 2
769 1
770 2
771 2
772 2
773 2
774 2
775 2
776 2
777 2
778 1
779 1
780 2
781 2
782 2
783 1
784 1
785 2
786 1
787 2
788 2
789 1
790 2
791 1
792 2
793 1
794 2
795 1
796 1
797 1
798 1
799 2
800 1
801 1
802 1
803 2
804 2
805 2
806 2
807 1
808 1
809 1
810 1
811 1
812 1
813 1
814 1
815 1
816 1
817 1
818 2
819 2
820 1
821 1
822 2
823 1
824 1
825 1
826 2
827 2
828 1
829 2
830 1
831 2
832 1
833 2
834 1
835 2
836 1
837 2
838 2
839 1
840 1
841 1
842 2
843 2
844 2
845 2
846 1
847 1
848 2
849 2
850 2
851 1
852 1
853 1
854 2
855 1
856 1
857 1
858 1
859 2
860 1
861 1
862 2
863 1
864 2
865 2
866 1
867 1
868 1
869 2
870 2
871 1
872 1
873 2
874 1
875 1
876 2
877 2
878 2
879 2
880 2
881 2
882 2
883 2
884 2
885 2
886 1
887 2
888 1
889 1
890 1
891 1
892 2
893 2
894 1
895 2
896 1
897 2
898 1
899 1
900 2
901 2
902 1
903 2
904 2
905 1
906 1
907 2
908 1
909 2
910 1
911 1
912 1
913 2
914 1
915 2
916 1
917 2
918 2
919 2
920 2
921 2
922 2
923 2
924 2
925 2
926 1
927 2
928 1
929 2
930 2
931 2
932 1
933 1
934 2
935 2
936 2
937 2
938 2
939 2
940 2
941 1
942 1
943 1
944 2
945 2
946 1
947 2
948 1
949 2
950 2
951 1
952 2
953 2
954 2
955 1
956 1
957 1
958 1
959 1
960 1
961 1
962 1
963 2
964 2
965 2
966 1
967 1
968 2
969 2
970 1
971 1
972 1
973 1
974 1
975 2
976 2
977 2
978 2
979 1
980 1
981 2
982 1
983 2
984 2
985 1
986 1
987 2
988 1
989 2
990 1
991 1
992 2
993 1
994 1
995 1
996 1
997 1
998 2
999 2
1000 1
