1 1
2 2
3 2
4 1
5 1
6 2
7 1
8 2
9 1
10 1
11 2
12 2
13 1
14 2
15 1
16 2
17 2
18 2
19 2
20 1
21 1
22 2
23 1
24 2
25 2
26 2
27 2
28 2
29 2
30 2
31 2
32 1
33 2
34 2
35 2
36 1
37 1
38 2
39 1
40 2
41 1
42 2
43 1
44 2
45 2
46 2
47 1
48 2
49 2
50 2
51 2
52 2
53 1
54 1
55 2
56 1
57 2
58 1
59 1
60 2
61 2
62 1
63 1
64 2
65 2
66 1
67 1
68 1
69 2
70 2
71 2
72 2
73 1
74 2
75 2
76 2
77 2
78 2
79 2
80 1
81 2
82 1
83 2
84 1
85 1
86 2
87 1
88 2
89 1
90 1
91 2
92 2
93 2
94 2
95 1
96 1
97 1
98 2
99 2
100 2
101 1
102 2
103 1
104 2
105 2
106 2
107 2
108 1
109 1
110 2
111 2
112 2
113 2
114 2
115 1
116 2
117 2
118 1
119 1
120 2
121 2
122 2
123 1
124 2
125 2
126 2
127 1
128 2
129 2
130 1
131 1
132 2
133 2
134 2
135 2
136 1
137 1
138 1
139 2
140 2
141 2
142 2
143 1
144 2
145 2
146 1
147 2
148 2
149 2
150 2
151 2
152 2
153 1
154 1
155 2
156 1
157 2
158 1
159 1
160 2
161 1
162 2
163 2
164 2
165 2
166 1
167 1
168 2
169 2
170 2
171 1
172 2
173 2
174 2
175 1
176 2
177 1
178 2
179 2
180 2
181 2
182 2
183 2
184 2
185 2
186 1
187 2
188 1
189 1
190 2
191 1
192 2
193 1
194 2
195 1
196 2
197 2
198 1
199 2
200 2
201 2
202 2
203 1
204 1
205 2
206 2
207 1
208 1
209 1
210 1
211 2
212 1
213 2
214 1
215 1
216 1
217 1
218 1
219 2
220 2
221 2
222 2
223 1
224 2
225 1
226 1
227 2
228 1
229 2
230 2
231 1
232 1
233 2
234 1
235 2
236 1
237 2
238 1
239 2
240 2
241 1
242 2
243 2
244 2
245 2
246 2
247 1
248 2
249 2
250 2
251 2
252 2
253 2
254 2
255 1
256 2
257 1
258 2
259 1
260 2
261 2
262 1
263 1
264 1
265 1
266 1
267 1
268 1
269 2
270 2
271 1
272 2
273 1
274 2
275 2
276 2
277 2
278 2
279 1
280 1
281 1
282 2
283 1
284 2
285 1
286 2
287 2
288 1
289 2
290 1
291 2
292 2
293 2
294 1
295 2
296 2
297 1
298 2
299 2
300 1
301 2
302 2
303 2
304 1
305 2
306 1
307 1
308 1
309 1
310 2
311 2
312 1
313 2
314 1
315 2
316 2
317 2
318 1
319 2
320 2
321 2
322 2
323 2
324 2
325 2
326 2
327 2
328 1
329 1
330 1
331 2
332 2
333 2
334 1
335 1
336 2
337 2
338 1
339 2
340 2
341 2
342 2
343 2
344 2
345 1
346 1
347 2
348 2
349 2
350 2
351 2
352 2
353 2
354 2
355 1
356 2
357 2
358 2
359 2
360 2
361 2
362 2
363 1
364 1
365 2
366 1
367 2
368 2
369 2
370 1
371 2
372 2
373 2
374 1
375 1
376 1
377 1
378 2
379 2
380 1
381 1
382 2
383 2
384 2
385 2
386 2
387 2
388 1
389 1
390 2
391 2
392 1
393 1
394 1
395 2
396 2
397 1
398 1
399 1
400 2
401 1
402 2
403 1
404 2
405 2
406 2
407 2
408 2
409 1
410 2
411 2
412 2
413 1
414 1
415 2
416 2
417 2
418 2
419 2
420 1
421 2
422 2
423 2
424 1
425 2
426 2
427 1
428 2
429 1
430 2
431 1
432 2
433 1
434 1
435 2
436 1
437 2
438 1
439 2
440 2
441 2
442 2
443 1
444 2
445 2
446 1
447 2
448 2
449 2
450 1
451 2
452 2
453 2
454 2
455 1
456 2
457 1
458 1
459 2
460 2
461 2
462 1
463 2
464 2
465 2
466 2
467 1
468 2
469 2
470 2
471 1
472 2
473 2
474 1
475 2
476 2
477 2
478 2
479 2
480 1
481 2
482 2
483 2
484 2
485 1
486 1
487 2
488 1
489 1
490 2
491 2
492 2
493 2
494 1
495 2
496 2
497 2
498 2
499 1
500 1
501 1
502 2
503 2
504 2
505 2
506 1
507 2
508 1
509 2
510 2
511 1
512 2
513 2
514 1
515 2
516 1
517 2
518 1
519 1
520 2
521 2
522 2
523 1
524 2
525 1
526 2
527 2
528 2
529 2
530 2
531 2
532 2
533 2
534 2
535 2
536 2
537 2
538 2
539 2
540 1
541 2
542 2
543 2
544 2
545 2
546 2
547 1
548 2
549 1
550 1
551 1
552 2
553 1
554 2
555 1
556 2
557 1
558 2
559 2
560 1
561 1
562 1
563 2
564 2
565 1
566 2
567 1
568 2
569 1
570 1
571 1
572 2
573 1
574 1
575 1
576 2
577 2
578 1
579 2
580 2
581 1
582 2
583 2
584 1
585 2
586 1
587 2
588 2
589 1
590 1
591 2
592 2
593 1
594 2
595 1
596 2
597 2
598 1
599 2
600 2
601 1
602 1
603 2
604 2
605 2
606 1
607 1
608 2
609 1
610 2
611 1
612 2
613 2
614 1
615 1
616 1
617 2
618 1
619 2
620 2
621 1
622 1
623 1
624 2
625 2
626 1
627 1
628 1
629 2
630 1
631 2
632 2
633 2
634 1
635 2
636 2
637 2
638 2
639 2
640 2
641 2
642 1
643 2
644 2
645 2
646 2
647 2
648 1
649 2
650 2
651 1
652 2
653 2
654 2
655 2
656 2
657 2
658 2
659 2
660 2
661 2
662 2
663 2
664 2
665 1
666 1
667 1
668 1
669 2
670 1
671 2
672 2
673 2
674 1
675 2
676 1
677 2
678 1
679 1
680 1
681 2
682 1
683 2
684 2
685 2
686 2
687 1
688 2
689 2
690 2
691 2
692 2
693 2
694 2
695 2
696 2
697 2
698 2
699 2
700 1
701 2
702 2
703 2
704 2
705 2
706 2
707 2
708 1
709 2
710 2
711 2
712 2
713 2
714 1
715 2
716 1
717 1
718 2
719 2
720 1
721 2
722 1
723 2
724 2
725 1
726 2
727 2
728 1
729 2
730 2
731 2
732 2
733 1
734 2
735 1
736 2
737 2
738 2
739 2
740 2
741 1
742 2
743 2
744 1
745 2
746 2
747 1
748 2
749 1
750 1
751 1
752 2
753 2
754 2
755 2
756 2
757 2
758 2
759 2
760 2
761 2
762 1
763 1
764 1
765 1
766 2
767 2
768 1
769 1
770 2
771 2
772 2
773 1
774 1
775 1
776 2
777 1
778 1
779 2
780 1
781 1
782 2
783 2
784 2
785 1
786 1
787 2
788 1
789 2
790 1
791 2
792 1
793 1
794 1
795 1
796 2
797 1
798 1
799 2
800 1
801 2
802 2
803 2
804 2
805 2
806 2
807 1
808 1
809 2
810 2
811 1
812 2
813 1
814 2
815 2
816 1
817 2
818 2
819 2
820 2
821 2
822 1
823 2
824 2
825 1
826 2
827 1
828 1
829 2
830 1
831 2
832 2
833 1
834 1
835 1
836 2
837 1
838 1
839 2
840 2
841 1
842 1
843 2
844 2
845 2
846 1
847 2
848 1
849 2
850 1
851 2
852 2
853 2
854 1
855 2
856 2
857 2
858 2
859 2
860 2
861 2
862 2
863 2
864 2
865 1
866 1
867 1
868 2
869 2
870 1
871 1
872 2
873 2
874 2
875 1
876 2
877 1
878 1
879 1
880 2
881 1
882 2
883 1
884 2
885 2
886 2
887 2
888 2
889 2
890 1
891 1
892 2
893 2
894 2
895 1
896 2
897 1
898 1
899 2
900 2
901 2
902 2
903 2
904 2
905 2
906 2
907 2
908 1
909 2
910 1
911 2
912 2
913 2
914 2
915 2
916 2
917 1
918 2
919 2
920 1
921 2
922 2
923 2
924 2
925 2
926 2
927 2
928 1
929 2
930 2
931 1
932 2
933 1
934 2
935 2
936 2
937 1
938 2
939 2
940 1
941 1
942 2
943 2
944 1
945 2
946 2
947 2
948 2
949 1
950 1
951 1
952 2
953 1
954 1
955 2
956 2
957 2
958 2
959 1
960 2
961 2
962 1
963 2
964 2
965 1
966 2
967 1
968 2
969 2
970 2
971 2
972 1
973 1
974 1
975 2
976 1
977 1
978 2
979 2
980 2
981 1
982 1
983 2
984 1
985 2
986 2
987 2
988 1
989 2
990 1
991 2
992 2
993 2
994 1
995 2
996 2
997 2
998 2
999 1
1000 1
