1 2
2 1
3 1
4 2
5 2
6 1
7 2
8 2
9 1
10 1
11 1
12 2
13 2
14 2
15 2
16 2
17 1
18 1
19 2
20 2
21 2
22 2
23 1
24 1
25 1
26 2
27 2
28 2
29 2
30 2
31 1
32 2
33 2
34 1
35 2
36 2
37 2
38 1
39 2
40 2
41 2
42 1
43 1
44 2
45 1
46 1
47 2
48 2
49 2
50 2
51 2
52 2
53 2
54 2
55 2
56 2
57 1
58 1
59 1
60 1
61 2
62 2
63 2
64 2
65 1
66 2
67 2
68 2
69 2
70 2
71 2
72 1
73 2
74 2
75 2
76 2
77 2
78 2
79 1
80 2
81 1
82 1
83 2
84 2
85 1
86 2
87 2
88 2
89 2
90 2
91 1
92 1
93 1
94 2
95 2
96 2
97 1
98 2
99 2
100 2
101 2
102 2
103 2
104 2
105 2
106 2
107 2
108 2
109 1
110 2
111 2
112 1
113 2
114 2
115 2
116 2
117 2
118 2
119 2
120 2
121 2
122 1
123 2
124 1
125 2
126 2
127 1
128 1
129 2
130 2
131 1
132 2
133 2
134 2
135 1
136 1
137 2
138 1
139 1
140 1
141 2
142 1
143 1
144 1
145 1
146 2
147 1
148 2
149 2
150 2
151 2
152 2
153 1
154 2
155 2
156 1
157 2
158 2
159 1
160 2
161 1
162 2
163 2
164 2
165 1
166 1
167 1
168 2
169 1
170 1
171 2
172 2
173 2
174 1
175 1
176 2
177 1
178 2
179 2
180 2
181 1
182 2
183 2
184 2
185 2
186 2
187 1
188 2
189 2
190 2
191 2
192 1
193 2
194 1
195 1
196 2
197 2
198 2
199 2
200 1
201 2
202 2
203 1
204 2
205 2
206 2
207 2
208 1
209 2
210 2
211 2
212 1
213 1
214 2
215 1
216 2
217 1
218 2
219 2
220 1
221 2
222 1
223 2
224 2
225 2
226 2
227 1
228 1
229 1
230 2
231 2
232 2
233 2
234 1
235 2
236 2
237 2
238 2
239 2
240 2
241 1
242 2
243 2
244 2
245 1
246 2
247 2
248 1
249 2
250 2
251 2
252 2
253 2
254 1
255 1
256 2
257 2
258 2
259 2
260 1
261 2
262 2
263 2
264 2
265 2
266 2
267 2
268 2
269 2
270 2
271 2
272 2
273 2
274 2
275 2
276 2
277 2
278 1
279 2
280 2
281 1
282 2
283 2
284 2
285 1
286 2
287 2
288 2
289 2
290 2
291 2
292 1
293 1
294 1
295 1
296 1
297 2
298 1
299 2
300 2
301 2
302 1
303 2
304 2
305 2
306 2
307 1
308 2
309 2
310 2
311 1
312 2
313 1
314 2
315 1
316 1
317 2
318 2
319 1
320 2
321 1
322 2
323 2
324 2
325 2
326 2
327 2
328 2
329 2
330 2
331 2
332 2
333 1
334 2
335 2
336 2
337 2
338 2
339 1
340 2
341 2
342 1
343 2
344 2
345 2
346 2
347 2
348 2
349 1
350 1
351 2
352 1
353 2
354 2
355 2
356 2
357 1
358 1
359 2
360 2
361 2
362 1
363 2
364 1
365 2
366 1
367 1
368 1
369 1
370 2
371 2
372 1
373 2
374 1
375 1
376 2
377 2
378 2
379 2
380 2
381 1
382 1
383 2
384 2
385 1
386 2
387 2
388 2
389 1
390 2
391 2
392 2
393 2
394 1
395 1
396 2
397 2
398 2
399 2
400 1
401 1
402 2
403 2
404 2
405 2
406 1
407 2
408 2
409 2
410 2
411 1
412 2
413 2
414 2
415 2
416 2
417 2
418 2
419 2
420 2
421 2
422 1
423 2
424 2
425 2
426 1
427 2
428 2
429 2
430 2
431 2
432 2
433 2
434 1
435 2
436 2
437 2
438 2
439 1
440 2
441 1
442 2
443 1
444 2
445 2
446 2
447 1
448 2
449 1
450 1
451 2
452 1
453 2
454 2
455 2
456 2
457 2
458 2
459 2
460 2
461 1
462 2
463 2
464 1
465 1
466 2
467 2
468 2
469 2
470 1
471 2
472 2
473 2
474 2
475 1
476 2
477 2
478 2
479 2
480 2
481 2
482 2
483 1
484 2
485 2
486 2
487 2
488 1
489 2
490 2
491 1
492 2
493 2
494 2
495 1
496 1
497 2
498 2
499 2
500 1
501 2
502 2
503 2
504 2
505 2
506 1
507 2
508 2
509 2
510 2
511 2
512 1
513 1
514 2
515 1
516 2
517 2
518 2
519 2
520 2
521 1
522 1
523 2
524 1
525 2
526 1
527 2
528 1
529 2
530 2
531 2
532 1
533 2
534 2
535 2
536 1
537 2
538 1
539 1
540 2
541 2
542 1
543 2
544 2
545 2
546 2
547 2
548 1
549 2
550 2
551 2
552 2
553 2
554 1
555 2
556 2
557 2
558 2
559 2
560 2
561 1
562 2
563 2
564 2
565 2
566 2
567 1
568 2
569 2
570 2
571 2
572 2
573 1
574 1
575 2
576 2
577 2
578 2
579 1
580 2
581 2
582 2
583 2
584 1
585 1
586 1
587 2
588 2
589 2
590 1
591 2
592 1
593 2
594 2
595 2
596 2
597 2
598 2
599 2
600 1
601 2
602 1
603 2
604 1
605 2
606 1
607 1
608 2
609 1
610 2
611 2
612 1
613 2
614 2
615 2
616 1
617 1
618 2
619 2
620 2
621 2
622 2
623 1
624 2
625 1
626 2
627 2
628 2
629 2
630 2
631 2
632 1
633 2
634 2
635 2
636 1
637 2
638 2
639 2
640 1
641 2
642 1
643 2
644 2
645 2
646 2
647 2
648 2
649 2
650 2
651 2
652 2
653 1
654 2
655 2
656 1
657 2
658 2
659 2
660 2
661 1
662 2
663 1
664 2
665 1
666 2
667 1
668 1
669 2
670 2
671 2
672 2
673 2
674 1
675 2
676 1
677 1
678 2
679 2
680 2
681 2
682 1
683 2
684 2
685 2
686 2
687 2
688 2
689 2
690 2
691 2
692 1
693 2
694 2
695 1
696 2
697 1
698 1
699 2
700 1
701 1
702 2
703 2
704 2
705 1
706 2
707 2
708 1
709 1
710 2
711 2
712 2
713 2
714 1
715 2
716 2
717 1
718 2
719 2
720 2
721 1
722 2
723 2
724 2
725 2
726 2
727 1
728 2
729 1
730 2
731 2
732 2
733 2
734 1
735 1
736 2
737 1
738 2
739 1
740 2
741 1
742 2
743 2
744 2
745 1
746 2
747 2
748 2
749 1
750 2
751 2
752 2
753 2
754 1
755 2
756 2
757 2
758 2
759 2
760 2
761 2
762 2
763 1
764 2
765 2
766 2
767 2
768 1
769 2
770 2
771 2
772 2
773 2
774 2
775 2
776 2
777 1
778 1
779 2
780 2
781 2
782 2
783 2
784 2
785 2
786 2
787 1
788 2
789 2
790 2
791 1
792 1
793 2
794 2
795 2
796 2
797 2
798 2
799 1
800 2
801 2
802 2
803 2
804 2
805 2
806 2
807 1
808 1
809 2
810 2
811 2
812 1
813 2
814 2
815 2
816 2
817 2
818 2
819 1
820 2
821 1
822 2
823 2
824 2
825 1
826 1
827 2
828 1
829 2
830 1
831 2
832 2
833 1
834 1
835 1
836 1
837 2
838 2
839 2
840 2
841 1
842 2
843 2
844 2
845 1
846 1
847 2
848 2
849 2
850 2
851 2
852 2
853 1
854 1
855 1
856 2
857 2
858 1
859 1
860 2
861 2
862 2
863 2
864 2
865 1
866 2
867 2
868 2
869 1
870 2
871 2
872 2
873 1
874 2
875 1
876 2
877 2
878 1
879 2
880 2
881 2
882 1
883 1
884 2
885 2
886 1
887 2
888 1
889 2
890 2
891 2
892 1
893 1
894 2
895 2
896 2
897 2
898 2
899 2
900 1
901 2
902 2
903 2
904 2
905 1
906 2
907 2
908 2
909 2
910 2
911 2
912 2
913 2
914 2
915 1
916 2
917 2
918 1
919 1
920 1
921 2
922 1
923 2
924 2
925 1
926 2
927 2
928 2
929 1
930 2
931 2
932 1
933 1
934 2
935 1
936 2
937 1
938 2
939 1
940 2
941 1
942 2
943 1
944 2
945 2
946 2
947 2
948 2
949 2
950 2
951 1
952 1
953 1
954 2
955 2
956 1
957 2
958 2
959 2
960 2
961 2
962 2
963 2
964 2
965 2
966 2
967 2
968 2
969 1
970 1
971 2
972 2
973 1
974 2
975 2
976 2
977 2
978 1
979 2
980 2
981 1
982 2
983 1
984 2
985 2
986 1
987 2
988 2
989 1
990 2
991 2
992 2
993 2
994 2
995 1
996 1
997 2
998 2
999 2
1000 2
