1 2
2 2
3 1
4 2
5 1
6 1
7 2
8 1
9 1
10 1
11 2
12 1
13 2
14 2
15 1
16 2
17 2
18 1
19 1
20 2
21 1
22 1
23 2
24 2
25 1
26 2
27 2
28 2
29 2
30 2
31 2
32 1
33 1
34 1
35 1
36 2
37 1
38 2
39 2
40 1
41 2
42 1
43 1
44 2
45 2
46 2
47 2
48 1
49 1
50 1
51 1
52 1
53 1
54 1
55 2
56 1
57 1
58 2
59 2
60 1
61 2
62 2
63 2
64 1
65 2
66 1
67 2
68 2
69 1
70 1
71 2
72 2
73 2
74 2
75 2
76 1
77 1
78 1
79 1
80 2
81 1
82 2
83 2
84 1
85 1
86 1
87 1
88 1
89 2
90 1
91 2
92 1
93 1
94 2
95 2
96 2
97 2
98 2
99 2
100 1
101 1
102 1
103 1
104 2
105 1
106 1
107 1
108 2
109 2
110 2
111 2
112 2
113 2
114 1
115 1
116 1
117 2
118 2
119 1
120 1
121 2
122 1
123 2
124 2
125 1
126 1
127 2
128 2
129 1
130 2
131 2
132 2
133 2
134 1
135 1
136 2
137 2
138 1
139 2
140 2
141 2
142 1
143 1
144 2
145 1
146 1
147 1
148 1
149 2
150 1
151 2
152 2
153 2
154 1
155 1
156 1
157 2
158 1
159 2
160 2
161 2
162 1
163 1
164 1
165 1
166 2
167 2
168 2
169 1
170 1
171 2
172 1
173 2
174 1
175 1
176 2
177 2
178 2
179 1
180 2
181 1
182 1
183 2
184 1
185 1
186 2
187 2
188 2
189 2
190 2
191 2
192 1
193 2
194 1
195 1
196 1
197 1
198 2
199 2
200 1
201 2
202 2
203 1
204 2
205 2
206 2
207 2
208 1
209 2
210 2
211 1
212 1
213 2
214 1
215 2
216 1
217 2
218 1
219 1
220 1
221 2
222 2
223 1
224 2
225 2
226 2
227 2
228 1
229 1
230 1
231 2
232 1
233 2
234 1
235 2
236 2
237 1
238 2
239 1
240 1
241 2
242 2
243 2
244 2
245 1
246 1
247 2
248 2
249 2
250 2
251 1
252 2
253 2
254 1
255 2
256 2
257 2
258 2
259 1
260 1
261 2
262 1
263 2
264 1
265 2
266 2
267 1
268 1
269 2
270 1
271 2
272 1
273 1
274 1
275 1
276 1
277 2
278 1
279 2
280 2
281 2
282 1
283 1
284 2
285 1
286 1
287 2
288 2
289 2
290 1
291 2
292 1
293 1
294 2
295 2
296 2
297 2
298 2
299 2
300 1
301 2
302 2
303 1
304 1
305 2
306 1
307 2
308 2
309 2
310 1
311 1
312 2
313 2
314 1
315 2
316 2
317 2
318 1
319 1
320 2
321 1
322 2
323 2
324 2
325 2
326 2
327 1
328 2
329 1
330 2
331 2
332 2
333 1
334 2
335 1
336 2
337 2
338 2
339 1
340 2
341 2
342 2
343 1
344 2
345 1
346 2
347 2
348 2
349 1
350 1
351 1
352 2
353 1
354 1
355 2
356 2
357 1
358 2
359 2
360 1
361 2
362 2
363 2
364 1
365 1
366 1
367 1
368 1
369 2
370 1
371 1
372 2
373 1
374 1
375 2
376 1
377 1
378 2
379 2
380 1
381 2
382 1
383 2
384 1
385 2
386 2
387 1
388 2
389 1
390 2
391 1
392 2
393 2
394 1
395 1
396 1
397 2
398 2
399 1
400 1
401 2
402 2
403 2
404 2
405 1
406 2
407 1
408 1
409 2
410 2
411 1
412 1
413 1
414 1
415 2
416 2
417 2
418 1
419 2
420 2
421 2
422 1
423 2
424 2
425 2
426 1
427 2
428 1
429 1
430 1
431 2
432 1
433 2
434 2
435 2
436 1
437 2
438 1
439 2
440 1
441 1
442 2
443 2
444 1
445 2
446 2
447 1
448 1
449 2
450 1
451 1
452 2
453 2
454 1
455 1
456 1
457 1
458 1
459 1
460 2
461 1
462 1
463 2
464 2
465 2
466 2
467 1
468 2
469 2
470 1
471 2
472 2
473 1
474 2
475 1
476 1
477 2
478 2
479 2
480 1
481 2
482 2
483 2
484 2
485 2
486 2
487 2
488 1
489 2
490 1
491 2
492 1
493 2
494 2
495 1
496 2
497 1
498 1
499 1
500 1
501 1
502 1
503 1
504 2
505 2
506 2
507 2
508 1
509 1
510 2
511 2
512 2
513 2
514 2
515 1
516 2
517 1
518 2
519 2
520 1
521 2
522 1
523 2
524 1
525 2
526 2
527 2
528 1
529 2
530 2
531 2
532 2
533 1
534 1
535 2
536 2
537 1
538 2
539 2
540 2
541 2
542 2
543 2
544 1
545 2
546 2
547 2
548 2
549 2
550 1
551 1
552 2
553 2
554 1
555 2
556 2
557 1
558 1
559 2
560 2
561 1
562 1
563 1
564 1
565 2
566 1
567 2
568 1
569 2
570 2
571 1
572 2
573 2
574 1
575 1
576 1
577 1
578 2
579 1
580 1
581 2
582 1
583 2
584 1
585 1
586 1
587 1
588 2
589 2
590 2
591 1
592 2
593 1
594 1
595 1
596 2
597 2
598 1
599 2
600 1
601 1
602 2
603 2
604 1
605 1
606 1
607 2
608 1
609 1
610 1
611 1
612 1
613 2
614 2
615 2
616 1
617 1
618 2
619 1
620 2
621 1
622 1
623 1
624 2
625 2
626 1
627 1
628 2
629 1
630 1
631 1
632 1
633 1
634 2
635 1
636 1
637 1
638 1
639 1
640 1
641 2
642 2
643 2
644 2
645 1
646 1
647 1
648 2
649 1
650 2
651 1
652 2
653 2
654 1
655 2
656 1
657 2
658 2
659 2
660 1
661 2
662 2
663 2
664 2
665 2
666 2
667 1
668 2
669 2
670 1
671 1
672 2
673 1
674 1
675 1
676 1
677 2
678 1
679 1
680 2
681 2
682 2
683 2
684 1
685 1
686 1
687 2
688 2
689 2
690 1
691 2
692 1
693 1
694 1
695 1
696 2
697 1
698 2
699 2
700 2
701 1
702 2
703 1
704 2
705 2
706 1
707 2
708 2
709 1
710 2
711 2
712 1
713 1
714 1
715 2
716 2
717 2
718 1
719 1
720 1
721 1
722 2
723 2
724 2
725 1
726 1
727 1
728 2
729 2
730 2
731 2
732 1
733 2
734 2
735 1
736 2
737 1
738 1
739 2
740 2
741 2
742 1
743 1
744 1
745 2
746 1
747 2
748 2
749 1
750 1
751 2
752 1
753 2
754 2
755 1
756 2
757 2
758 1
759 1
760 2
761 2
762 2
763 1
764 1
765 1
766 1
767 1
768 2
769 1
770 1
771 1
772 1
773 1
774 1
775 2
776 2
777 1
778 1
779 1
780 2
781 2
782 1
783 2
784 2
785 2
786 2
787 1
788 1
789 2
790 2
791 2
792 1
793 1
794 1
795 1
796 2
797 2
798 2
799 1
800 1
801 2
802 2
803 1
804 1
805 2
806 1
807 1
808 2
809 2
810 1
811 1
812 2
813 1
814 2
815 1
816 2
817 1
818 1
819 1
820 2
821 2
822 2
823 2
824 2
825 2
826 1
827 2
828 2
829 1
830 2
831 1
832 1
833 2
834 1
835 2
836 2
837 2
838 1
839 2
840 1
841 2
842 2
843 2
844 2
845 1
846 2
847 2
848 2
849 2
850 1
851 1
852 2
853 1
854 2
855 1
856 2
857 2
858 1
859 1
860 2
861 2
862 1
863 2
864 2
865 2
866 2
867 2
868 2
869 2
870 1
871 1
872 2
873 1
874 1
875 1
876 2
877 1
878 2
879 1
880 2
881 2
882 1
883 1
884 1
885 2
886 2
887 1
888 1
889 1
890 1
891 1
892 2
893 1
894 2
895 2
896 2
897 2
898 2
899 1
900 1
901 2
902 1
903 2
904 1
905 2
906 2
907 1
908 1
909 2
910 2
911 1
912 1
913 2
914 1
915 2
916 2
917 1
918 1
919 1
920 2
921 2
922 1
923 1
924 2
925 1
926 1
927 1
928 1
929 1
930 1
931 1
932 2
933 1
934 2
935 1
936 1
937 2
938 2
939 2
940 1
941 1
942 1
943 2
944 2
945 1
946 1
947 2
948 1
949 2
950 2
951 1
952 2
953 2
954 1
955 1
956 1
957 1
958 2
959 2
960 1
961 1
962 2
963 1
964 2
965 2
966 1
967 2
968 2
969 2
970 1
971 2
972 2
973 1
974 2
975 1
976 2
977 2
978 2
979 2
980 2
981 2
982 2
983 1
984 1
985 1
986 2
987 1
988 1
989 2
990 1
991 2
992 1
993 1
994 1
995 1
996 1
997 1
998 1
999 2
1000 2
