1 1
2 2
3 1
4 2
5 2
6 1
7 2
8 2
9 2
10 2
11 1
12 1
13 1
14 1
15 2
16 1
17 2
18 2
19 2
20 2
21 1
22 2
23 2
24 1
25 1
26 2
27 2
28 2
29 1
30 1
31 1
32 1
33 1
34 2
35 1
36 2
37 1
38 1
39 1
40 1
41 2
42 1
43 2
44 1
45 1
46 1
47 2
48 2
49 1
50 1
51 2
52 2
53 1
54 2
55 2
56 2
57 1
58 1
59 1
60 2
61 2
62 1
63 1
64 1
65 2
66 2
67 1
68 1
69 2
70 1
71 1
72 1
73 2
74 1
75 1
76 2
77 1
78 2
79 1
80 1
81 2
82 1
83 2
84 2
85 1
86 1
87 2
88 2
89 2
90 2
91 1
92 1
93 2
94 1
95 1
96 1
97 1
98 2
99 1
100 2
101 2
102 2
103 2
104 2
105 2
106 2
107 2
108 1
109 1
110 2
111 2
112 1
113 1
114 1
115 2
116 1
117 2
118 1
119 1
120 1
121 1
122 2
123 1
124 2
125 2
126 1
127 2
128 2
129 1
130 1
131 2
132 2
133 2
134 1
135 1
136 2
137 2
138 1
139 1
140 1
141 1
142 2
143 1
144 1
145 2
146 1
147 2
148 2
149 1
150 2
151 1
152 1
153 1
154 2
155 2
156 1
157 1
158 1
159 1
160 2
161 2
162 1
163 2
164 1
165 2
166 2
167 2
168 1
169 2
170 2
171 2
172 1
173 2
174 2
175 2
176 1
177 2
178 1
179 2
180 2
181 1
182 2
183 2
184 1
185 2
186 1
187 2
188 2
189 1
190 1
191 1
192 1
193 2
194 1
195 1
196 2
197 1
198 1
199 1
200 1
201 1
202 1
203 2
204 1
205 2
206 2
207 2
208 1
209 1
210 1
211 2
212 2
213 1
214 1
215 2
216 1
217 2
218 1
219 2
220 2
221 1
222 2
223 1
224 2
225 2
226 1
227 1
228 2
229 1
230 1
231 1
232 1
233 1
234 1
235 1
236 2
237 2
238 1
239 1
240 2
241 1
242 2
243 1
244 2
245 1
246 1
247 2
248 2
249 2
250 1
251 1
252 1
253 1
254 1
255 2
256 1
257 2
258 2
259 2
260 2
261 2
262 1
263 1
264 2
265 1
266 2
267 2
268 1
269 1
270 1
271 1
272 2
273 1
274 2
275 1
276 2
277 1
278 2
279 2
280 2
281 1
282 1
283 1
284 2
285 1
286 2
287 1
288 2
289 1
290 2
291 2
292 2
293 2
294 1
295 2
296 2
297 2
298 2
299 2
300 2
301 1
302 2
303 1
304 2
305 2
306 2
307 2
308 1
309 1
310 1
311 2
312 2
313 2
314 2
315 2
316 2
317 2
318 1
319 2
320 1
321 1
322 1
323 2
324 2
325 2
326 2
327 1
328 2
329 2
330 2
331 2
332 1
333 2
334 1
335 1
336 1
337 2
338 1
339 2
340 2
341 1
342 1
343 2
344 1
345 2
346 2
347 1
348 1
349 1
350 2
351 1
352 2
353 1
354 2
355 2
356 1
357 1
358 1
359 1
360 1
361 2
362 1
363 1
364 1
365 1
366 2
367 1
368 2
369 1
370 2
371 1
372 1
373 2
374 2
375 1
376 2
377 1
378 1
379 2
380 2
381 1
382 1
383 2
384 1
385 1
386 2
387 1
388 2
389 2
390 1
391 1
392 1
393 2
394 2
395 2
396 2
397 2
398 1
399 1
400 1
401 1
402 1
403 1
404 2
405 1
406 2
407 2
408 1
409 1
410 1
411 1
412 2
413 1
414 1
415 1
416 1
417 2
418 2
419 2
420 1
421 1
422 1
423 2
424 2
425 2
426 2
427 2
428 1
429 1
430 2
431 1
432 1
433 2
434 1
435 2
436 1
437 2
438 2
439 2
440 1
441 1
442 1
443 2
444 2
445 1
446 2
447 1
448 1
449 1
450 1
451 1
452 2
453 1
454 2
455 2
456 2
457 1
458 1
459 1
460 2
461 2
462 2
463 2
464 1
465 2
466 1
467 1
468 1
469 2
470 1
471 1
472 1
473 2
474 1
475 1
476 2
477 1
478 2
479 1
480 1
481 2
482 1
483 2
484 2
485 2
486 2
487 2
488 1
489 1
490 2
491 1
492 1
493 2
494 1
495 2
496 1
497 2
498 2
499 1
500 1
501 2
502 2
503 1
504 1
505 1
506 2
507 1
508 1
509 1
510 2
511 2
512 1
513 2
514 1
515 2
516 2
517 1
518 2
519 1
520 1
521 2
522 2
523 2
524 1
525 2
526 1
527 1
528 1
529 2
530 2
531 2
532 1
533 1
534 1
535 2
536 2
537 1
538 2
539 2
540 2
541 2
542 2
543 2
544 1
545 2
546 1
547 2
548 2
549 2
550 2
551 2
552 2
553 1
554 1
555 2
556 2
557 1
558 2
559 1
560 1
561 1
562 1
563 2
564 2
565 1
566 2
567 2
568 2
569 2
570 1
571 2
572 2
573 2
574 2
575 2
576 1
577 2
578 2
579 1
580 1
581 2
582 2
583 2
584 2
585 1
586 2
587 2
588 1
589 1
590 1
591 2
592 2
593 1
594 1
595 1
596 1
597 1
598 2
599 1
600 1
601 2
602 2
603 2
604 2
605 2
606 2
607 2
608 1
609 1
610 1
611 2
612 2
613 1
614 1
615 1
616 1
617 2
618 2
619 1
620 2
621 2
622 1
623 2
624 2
625 1
626 1
627 1
628 1
629 1
630 1
631 1
632 1
633 1
634 1
635 2
636 2
637 1
638 1
639 2
640 1
641 1
642 1
643 2
644 1
645 1
646 1
647 2
648 1
649 1
650 2
651 1
652 2
653 1
654 2
655 1
656 2
657 2
658 1
659 2
660 1
661 1
662 1
663 2
664 2
665 1
666 1
667 1
668 2
669 1
670 1
671 1
672 1
673 2
674 1
675 1
676 1
677 2
678 2
679 2
680 1
681 1
682 1
683 1
684 1
685 1
686 2
687 1
688 2
689 2
690 2
691 2
692 2
693 1
694 2
695 1
696 1
697 1
698 2
699 1
700 2
701 2
702 1
703 2
704 2
705 2
706 2
707 1
708 1
709 2
710 2
711 1
712 1
713 1
714 1
715 2
716 2
717 1
718 2
719 2
720 2
721 2
722 1
723 2
724 2
725 2
726 2
727 1
728 1
729 1
730 2
731 2
732 2
733 1
734 2
735 2
736 1
737 1
738 2
739 2
740 2
741 1
742 2
743 2
744 2
745 1
746 2
747 1
748 1
749 1
750 1
751 2
752 2
753 1
754 2
755 2
756 2
757 2
758 1
759 2
760 1
761 1
762 1
763 1
764 1
765 1
766 2
767 2
768 2
769 1
770 1
771 2
772 1
773 1
774 1
775 2
776 2
777 1
778 1
779 2
780 1
781 2
782 1
783 2
784 1
785 2
786 1
787 1
788 2
789 1
790 2
791 1
792 2
793 2
794 2
795 1
796 1
797 1
798 1
799 1
800 2
801 2
802 2
803 1
804 2
805 1
806 2
807 2
808 2
809 1
810 2
811 1
812 2
813 1
814 2
815 2
816 1
817 2
818 1
819 2
820 2
821 1
822 1
823 1
824 2
825 2
826 1
827 1
828 2
829 1
830 1
831 2
832 2
833 2
834 2
835 1
836 2
837 2
838 1
839 2
840 1
841 2
842 2
843 2
844 2
845 2
846 2
847 2
848 2
849 2
850 1
851 1
852 2
853 2
854 1
855 1
856 1
857 1
858 1
859 2
860 1
861 2
862 2
863 2
864 2
865 1
866 1
867 1
868 1
869 2
870 2
871 2
872 2
873 1
874 2
875 1
876 2
877 1
878 2
879 2
880 1
881 1
882 2
883 2
884 2
885 1
886 2
887 1
888 1
889 2
890 2
891 1
892 2
893 2
894 2
895 2
896 1
897 1
898 2
899 1
900 2
901 2
902 2
903 1
904 1
905 2
906 2
907 1
908 1
909 1
910 1
911 2
912 2
913 2
914 2
915 1
916 2
917 2
918 2
919 2
920 2
921 2
922 1
923 1
924 1
925 1
926 2
927 1
928 1
929 2
930 1
931 2
932 1
933 2
934 2
935 2
936 2
937 1
938 1
939 2
940 1
941 1
942 2
943 1
944 2
945 1
946 2
947 1
948 1
949 1
950 2
951 2
952 2
953 2
954 2
955 2
956 1
957 2
958 1
959 1
960 2
961 2
962 1
963 2
964 1
965 1
966 2
967 2
968 1
969 1
970 1
971 1
972 2
973 1
974 1
975 1
976 2
977 1
978 2
979 2
980 2
981 2
982 1
983 1
984 1
985 1
986 1
987 2
988 1
989 2
990 2
991 2
992 1
993 2
994 2
995 1
996 1
997 2
998 2
999 2
1000 1
