1 1
2 2
3 2
4 2
5 1
6 1
7 1
8 2
9 2
10 1
11 2
12 2
13 2
14 2
15 1
16 1
17 1
18 1
19 2
20 1
21 1
22 1
23 1
24 1
25 1
26 1
27 1
28 1
29 2
30 1
31 1
32 1
33 1
34 2
35 2
36 1
37 1
38 1
39 1
40 2
41 2
42 1
43 2
44 1
45 1
46 1
47 2
48 2
49 1
50 2
51 2
52 2
53 1
54 1
55 1
56 1
57 2
58 2
59 1
60 2
61 2
62 2
63 1
64 2
65 1
66 1
67 2
68 2
69 1
70 1
71 2
72 2
73 1
74 1
75 2
76 2
77 2
78 2
79 1
80 1
81 2
82 2
83 2
84 1
85 2
86 1
87 1
88 2
89 2
90 1
91 2
92 1
93 1
94 2
95 1
96 1
97 2
98 1
99 1
100 1
101 1
102 1
103 1
104 2
105 2
106 2
107 2
108 1
109 2
110 1
111 1
112 2
113 1
114 2
115 2
116 1
117 2
118 1
119 1
120 2
121 2
122 1
123 1
124 2
125 2
126 1
127 1
128 1
129 1
130 2
131 1
132 2
133 1
134 1
135 2
136 2
137 1
138 2
139 2
140 1
141 1
142 1
143 2
144 1
145 1
146 1
147 2
148 2
149 2
150 1
151 1
152 2
153 1
154 2
155 1
156 1
157 2
158 1
159 2
160 2
161 1
162 2
163 2
164 2
165 1
166 1
167 2
168 2
169 1
170 1
171 2
172 2
173 2
174 1
175 2
176 2
177 2
178 1
179 2
180 2
181 1
182 2
183 2
184 2
185 2
186 1
187 1
188 2
189 1
190 1
191 1
192 2
193 2
194 2
195 1
196 1
197 1
198 2
199 2
200 1
201 1
202 1
203 1
204 1
205 1
206 2
207 1
208 2
209 2
210 1
211 2
212 1
213 2
214 1
215 1
216 1
217 1
218 1
219 2
220 2
221 1
222 1
223 1
224 1
225 1
226 2
227 1
228 2
229 1
230 2
231 1
232 1
233 1
234 2
235 2
236 2
237 1
238 2
239 1
240 2
241 1
242 1
243 2
244 1
245 1
246 1
247 1
248 2
249 1
250 2
251 2
252 1
253 2
254 1
255 2
256 1
257 2
258 2
259 2
260 2
261 2
262 1
263 1
264 1
265 2
266 2
267 1
268 2
269 1
270 1
271 2
272 1
273 2
274 1
275 1
276 1
277 2
278 2
279 2
280 2
281 2
282 1
283 2
284 1
285 2
286 2
287 1
288 2
289 2
290 1
291 1
292 1
293 2
294 1
295 2
296 1
297 1
298 1
299 2
300 2
301 1
302 2
303 2
304 2
305 1
306 2
307 1
308 2
309 1
310 1
311 2
312 1
313 2
314 1
315 1
316 1
317 1
318 1
319 1
320 1
321 2
322 1
323 2
324 1
325 2
326 2
327 1
328 1
329 2
330 1
331 2
332 2
333 2
334 1
335 2
336 2
337 2
338 2
339 2
340 1
341 2
342 2
343 2
344 1
345 1
346 2
347 2
348 1
349 2
350 2
351 1
352 1
353 1
354 2
355 2
356 2
357 1
358 1
359 2
360 1
361 1
362 1
363 1
364 1
365 2
366 1
367 2
368 2
369 1
370 1
371 2
372 2
373 2
374 1
375 2
376 2
377 1
378 2
379 1
380 2
381 1
382 2
383 1
384 1
385 1
386 1
387 1
388 1
389 1
390 1
391 2
392 2
393 1
394 1
395 2
396 2
397 2
398 1
399 2
400 1
401 2
402 1
403 1
404 2
405 1
406 1
407 1
408 2
409 1
410 1
411 1
412 2
413 2
414 2
415 2
416 2
417 1
418 2
419 1
420 1
421 1
422 2
423 1
424 2
425 2
426 2
427 2
428 2
429 2
430 1
431 2
432 2
433 1
434 1
435 2
436 2
437 1
438 1
439 1
440 1
441 1
442 2
443 2
444 1
445 1
446 1
447 1
448 1
449 2
450 2
451 1
452 2
453 2
454 1
455 1
456 1
457 1
458 2
459 1
460 2
461 1
462 2
463 1
464 1
465 2
466 1
467 2
468 2
469 1
470 2
471 2
472 1
473 1
474 1
475 2
476 2
477 2
478 2
479 1
480 2
481 1
482 1
483 1
484 2
485 1
486 1
487 1
488 1
489 1
490 2
491 2
492 2
493 2
494 1
495 1
496 2
497 1
498 1
499 1
500 1
501 1
502 2
503 1
504 2
505 1
506 1
507 2
508 1
509 1
510 1
511 1
512 2
513 1
514 2
515 1
516 2
517 1
518 2
519 1
520 1
521 2
522 2
523 1
524 2
525 2
526 2
527 1
528 2
529 2
530 1
531 2
532 1
533 2
534 1
535 1
536 1
537 2
538 2
539 2
540 2
541 2
542 2
543 2
544 2
545 1
546 2
547 1
548 1
549 2
550 1
551 2
552 1
553 2
554 1
555 1
556 1
557 1
558 1
559 2
560 2
561 2
562 1
563 1
564 2
565 2
566 2
567 2
568 2
569 2
570 1
571 1
572 1
573 2
574 1
575 1
576 1
577 1
578 2
579 1
580 1
581 2
582 1
583 1
584 1
585 2
586 2
587 2
588 2
589 1
590 1
591 1
592 2
593 2
594 1
595 1
596 1
597 1
598 1
599 2
600 2
601 1
602 2
603 1
604 2
605 1
606 1
607 2
608 2
609 2
610 1
611 1
612 1
613 1
614 2
615 1
616 1
617 2
618 1
619 2
620 1
621 1
622 2
623 2
624 2
625 1
626 1
627 1
628 1
629 2
630 2
631 1
632 2
633 1
634 1
635 1
636 2
637 2
638 1
639 1
640 2
641 1
642 1
643 2
644 1
645 1
646 2
647 1
648 2
649 2
650 2
651 1
652 1
653 1
654 1
655 2
656 2
657 2
658 1
659 1
660 2
661 2
662 1
663 2
664 2
665 2
666 1
667 2
668 2
669 1
670 2
671 2
672 1
673 2
674 1
675 1
676 2
677 2
678 1
679 1
680 1
681 2
682 1
683 1
684 1
685 2
686 2
687 2
688 2
689 1
690 1
691 2
692 1
693 2
694 2
695 2
696 1
697 1
698 2
699 1
700 1
701 2
702 1
703 2
704 2
705 1
706 2
707 2
708 1
709 1
710 1
711 1
712 2
713 1
714 1
715 2
716 2
717 1
718 2
719 2
720 1
721 2
722 1
723 1
724 1
725 2
726 1
727 2
728 1
729 2
730 1
731 1
732 1
733 1
734 1
735 2
736 1
737 2
738 2
739 2
740 1
741 2
742 2
743 1
744 1
745 1
746 1
747 1
748 1
749 1
750 1
751 2
752 2
753 2
754 1
755 2
756 2
757 1
758 1
759 2
760 2
761 2
762 1
763 2
764 2
765 1
766 1
767 2
768 1
769 2
770 1
771 2
772 2
773 2
774 2
775 1
776 1
777 1
778 2
779 1
780 1
781 2
782 2
783 1
784 2
785 1
786 2
787 2
788 1
789 2
790 2
791 1
792 1
793 1
794 2
795 2
796 2
797 2
798 1
799 2
800 2
801 1
802 1
803 1
804 2
805 1
806 2
807 1
808 2
809 2
810 1
811 2
812 2
813 1
814 2
815 2
816 2
817 1
818 1
819 2
820 1
821 1
822 1
823 1
824 2
825 1
826 1
827 2
828 1
829 1
830 1
831 1
832 2
833 2
834 2
835 2
836 2
837 1
838 1
839 1
840 2
841 1
842 2
843 1
844 1
845 2
846 1
847 2
848 2
849 1
850 2
851 1
852 1
853 1
854 1
855 2
856 1
857 1
858 2
859 2
860 2
861 2
862 1
863 1
864 1
865 1
866 2
867 2
868 2
869 1
870 2
871 2
872 1
873 2
874 1
875 2
876 2
877 1
878 2
879 2
880 2
881 1
882 2
883 2
884 2
885 1
886 1
887 2
888 1
889 1
890 2
891 1
892 2
893 1
894 2
895 2
896 1
897 1
898 2
899 2
900 1
901 1
902 1
903 1
904 1
905 2
906 2
907 1
908 1
909 1
910 1
911 2
912 1
913 2
914 1
915 1
916 2
917 1
918 2
919 2
920 2
921 1
922 1
923 2
924 1
925 1
926 2
927 1
928 1
929 1
930 2
931 1
932 1
933 1
934 1
935 1
936 1
937 1
938 1
939 2
940 1
941 2
942 1
943 2
944 1
945 2
946 1
947 1
948 2
949 2
950 2
951 1
952 1
953 1
954 2
955 1
956 2
957 1
958 1
959 1
960 1
961 2
962 1
963 2
964 2
965 1
966 1
967 2
968 2
969 2
970 2
971 1
972 2
973 2
974 1
975 2
976 2
977 1
978 2
979 1
980 2
981 2
982 1
983 2
984 1
985 2
986 2
987 2
988 1
989 1
990 1
991 1
992 2
993 1
994 2
995 1
996 1
997 1
998 1
999 2
1000 2
