1 2
2 2
3 1
4 2
5 1
6 1
7 1
8 2
9 1
10 2
11 1
12 1
13 2
14 1
15 1
16 1
17 1
18 1
19 2
20 2
21 1
22 1
23 2
24 2
25 1
26 1
27 1
28 1
29 2
30 2
31 2
32 1
33 2
34 1
35 2
36 2
37 2
38 1
39 2
40 2
41 1
42 1
43 1
44 1
45 1
46 2
47 1
48 2
49 1
50 2
51 1
52 2
53 2
54 1
55 1
56 2
57 2
58 1
59 1
60 2
61 1
62 2
63 1
64 1
65 1
66 1
67 2
68 2
69 2
70 2
71 1
72 2
73 1
74 2
75 2
76 2
77 1
78 1
79 1
80 2
81 2
82 2
83 1
84 2
85 1
86 2
87 1
88 1
89 2
90 1
91 2
92 1
93 2
94 2
95 2
96 2
97 1
98 2
99 1
100 2
101 1
102 1
103 1
104 2
105 1
106 2
107 1
108 2
109 1
110 2
111 1
112 1
113 2
114 1
115 2
116 2
117 1
118 2
119 1
120 1
121 2
122 1
123 1
124 2
125 2
126 2
127 1
128 2
129 2
130 1
131 1
132 1
133 1
134 1
135 1
136 2
137 2
138 1
139 1
140 1
141 2
142 1
143 1
144 2
145 2
146 1
147 2
148 1
149 2
150 2
151 2
152 2
153 2
154 1
155 1
156 1
157 2
158 1
159 2
160 1
161 2
162 1
163 1
164 1
165 1
166 2
167 2
168 1
169 1
170 1
171 1
172 1
173 1
174 1
175 1
176 2
177 1
178 2
179 2
180 1
181 2
182 1
183 2
184 1
185 2
186 1
187 2
188 1
189 1
190 1
191 2
192 1
193 2
194 2
195 1
196 1
197 2
198 2
199 1
200 1
201 2
202 1
203 2
204 2
205 2
206 2
207 1
208 1
209 2
210 2
211 2
212 2
213 2
214 2
215 2
216 1
217 2
218 2
219 1
220 2
221 1
222 2
223 2
224 2
225 2
226 1
227 2
228 2
229 1
230 1
231 2
232 2
233 1
234 2
235 1
236 1
237 2
238 2
239 1
240 1
241 2
242 2
243 2
244 2
245 2
246 1
247 2
248 2
249 1
250 1
251 1
252 2
253 1
254 2
255 2
256 2
257 1
258 2
259 1
260 1
261 1
262 1
263 1
264 2
265 2
266 1
267 2
268 1
269 1
270 2
271 1
272 2
273 1
274 2
275 1
276 2
277 1
278 2
279 1
280 2
281 2
282 2
283 1
284 1
285 2
286 2
287 2
288 1
289 2
290 1
291 1
292 1
293 1
294 1
295 1
296 1
297 2
298 2
299 2
300 1
301 1
302 2
303 2
304 1
305 1
306 1
307 2
308 1
309 2
310 2
311 1
312 1
313 2
314 2
315 2
316 2
317 2
318 1
319 1
320 2
321 2
322 2
323 2
324 1
325 1
326 1
327 1
328 2
329 2
330 1
331 2
332 2
333 2
334 1
335 1
336 1
337 2
338 2
339 1
340 1
341 1
342 2
343 2
344 1
345 1
346 1
347 2
348 1
349 1
350 2
351 1
352 1
353 2
354 2
355 2
356 2
357 1
358 2
359 2
360 1
361 1
362 1
363 2
364 1
365 2
366 2
367 2
368 2
369 1
370 2
371 2
372 2
373 1
374 1
375 2
376 2
377 2
378 1
379 2
380 1
381 1
382 1
383 2
384 1
385 2
386 2
387 2
388 1
389 1
390 2
391 1
392 1
393 1
394 2
395 2
396 1
397 1
398 2
399 1
400 1
401 2
402 1
403 1
404 2
405 1
406 2
407 2
408 1
409 2
410 1
411 2
412 1
413 2
414 2
415 2
416 1
417 1
418 2
419 1
420 1
421 1
422 2
423 1
424 1
425 2
426 1
427 2
428 2
429 2
430 2
431 1
432 2
433 2
434 1
435 1
436 1
437 1
438 2
439 1
440 1
441 1
442 1
443 2
444 2
445 2
446 2
447 2
448 2
449 1
450 1
451 1
452 1
453 2
454 1
455 2
456 1
457 1
458 1
459 2
460 1
461 1
462 2
463 1
464 1
465 2
466 2
467 1
468 2
469 1
470 1
471 1
472 2
473 2
474 2
475 2
476 1
477 2
478 2
479 2
480 2
481 2
482 1
483 1
484 2
485 2
486 1
487 2
488 1
489 1
490 2
491 1
492 1
493 2
494 2
495 1
496 2
497 1
498 1
499 1
500 1
501 2
502 1
503 2
504 1
505 1
506 2
507 1
508 1
509 1
510 2
511 2
512 2
513 2
514 1
515 1
516 1
517 1
518 2
519 1
520 2
521 2
522 2
523 2
524 2
525 1
526 2
527 1
528 2
529 2
530 1
531 1
532 2
533 1
534 1
535 1
536 2
537 1
538 1
539 2
540 2
541 1
542 1
543 2
544 1
545 2
546 2
547 1
548 1
549 2
550 1
551 1
552 2
553 2
554 2
555 1
556 2
557 2
558 2
559 1
560 1
561 1
562 2
563 2
564 2
565 1
566 1
567 2
568 2
569 1
570 2
571 1
572 1
573 1
574 1
575 2
576 1
577 1
578 2
579 2
580 1
581 2
582 2
583 1
584 2
585 1
586 1
587 2
588 1
589 1
590 2
591 2
592 2
593 1
594 2
595 1
596 2
597 2
598 1
599 1
600 1
601 2
602 2
603 2
604 1
605 1
606 1
607 1
608 1
609 2
610 1
611 1
612 2
613 1
614 1
615 1
616 1
617 1
618 1
619 2
620 2
621 2
622 2
623 1
624 2
625 1
626 1
627 2
628 1
629 2
630 1
631 1
632 2
633 1
634 2
635 2
636 2
637 1
638 2
639 2
640 1
641 2
642 1
643 1
644 1
645 1
646 2
647 2
648 1
649 1
650 1
651 1
652 2
653 2
654 1
655 2
656 1
657 1
658 2
659 1
660 2
661 1
662 1
663 2
664 1
665 1
666 2
667 2
668 1
669 1
670 1
671 1
672 2
673 1
674 2
675 2
676 2
677 1
678 2
679 1
680 2
681 2
682 2
683 1
684 2
685 2
686 1
687 1
688 1
689 2
690 2
691 1
692 2
693 1
694 1
695 1
696 1
697 1
698 2
699 2
700 1
701 2
702 1
703 1
704 1
705 1
706 2
707 2
708 1
709 1
710 1
711 2
712 2
713 2
714 2
715 2
716 2
717 1
718 2
719 2
720 1
721 2
722 2
723 1
724 2
725 2
726 1
727 2
728 1
729 2
730 1
731 1
732 1
733 1
734 1
735 2
736 1
737 2
738 1
739 2
740 1
741 2
742 2
743 2
744 1
745 1
746 2
747 1
748 2
749 2
750 1
751 1
752 1
753 2
754 1
755 1
756 2
757 1
758 1
759 1
760 1
761 2
762 1
763 1
764 1
765 1
766 1
767 2
768 1
769 1
770 1
771 1
772 1
773 2
774 1
775 1
776 1
777 1
778 1
779 2
780 1
781 2
782 1
783 2
784 2
785 2
786 2
787 1
788 2
789 1
790 2
791 1
792 1
793 2
794 1
795 2
796 1
797 2
798 1
799 1
800 2
801 2
802 1
803 1
804 1
805 1
806 2
807 1
808 2
809 1
810 1
811 1
812 2
813 1
814 1
815 2
816 1
817 2
818 2
819 1
820 2
821 1
822 1
823 2
824 1
825 1
826 2
827 2
828 2
829 2
830 1
831 1
832 1
833 2
834 2
835 2
836 2
837 2
838 2
839 2
840 1
841 2
842 2
843 2
844 2
845 1
846 1
847 2
848 2
849 2
850 1
851 2
852 1
853 1
854 2
855 1
856 1
857 1
858 1
859 1
860 2
861 1
862 2
863 1
864 1
865 1
866 2
867 1
868 2
869 2
870 2
871 1
872 1
873 2
874 1
875 2
876 2
877 1
878 1
879 1
880 1
881 2
882 1
883 2
884 1
885 2
886 2
887 2
888 1
889 1
890 1
891 2
892 1
893 1
894 2
895 1
896 1
897 1
898 1
899 2
900 1
901 1
902 1
903 2
904 1
905 1
906 2
907 2
908 2
909 1
910 2
911 2
912 1
913 1
914 1
915 2
916 1
917 1
918 2
919 1
920 2
921 1
922 2
923 2
924 2
925 1
926 2
927 1
928 1
929 1
930 1
931 2
932 2
933 2
934 1
935 2
936 1
937 1
938 1
939 1
940 1
941 1
942 1
943 1
944 1
945 2
946 1
947 1
948 2
949 2
950 1
951 1
952 2
953 2
954 2
955 2
956 1
957 1
958 2
959 1
960 2
961 1
962 1
963 1
964 2
965 2
966 2
967 2
968 2
969 2
970 2
971 1
972 2
973 1
974 1
975 2
976 2
977 2
978 1
979 1
980 1
981 1
982 2
983 1
984 2
985 1
986 2
987 2
988 2
989 1
990 1
991 1
992 1
993 1
994 2
995 1
996 1
997 1
998 1
999 1
1000 2
