1 2
2 1
3 2
4 2
5 2
6 2
7 2
8 1
9 2
10 2
11 2
12 2
13 2
14 1
15 2
16 1
17 2
18 2
19 1
20 2
21 1
22 1
23 2
24 1
25 2
26 1
27 2
28 2
29 1
30 1
31 1
32 2
33 1
34 2
35 2
36 1
37 2
38 2
39 2
40 1
41 1
42 2
43 2
44 1
45 1
46 1
47 2
48 2
49 2
50 2
51 2
52 1
53 2
54 1
55 1
56 1
57 2
58 2
59 2
60 2
61 1
62 1
63 2
64 1
65 2
66 2
67 1
68 1
69 1
70 1
71 1
72 2
73 1
74 1
75 1
76 1
77 2
78 1
79 2
80 1
81 2
82 2
83 2
84 2
85 1
86 1
87 2
88 1
89 2
90 2
91 1
92 2
93 2
94 2
95 2
96 2
97 1
98 2
99 1
100 2
101 2
102 1
103 1
104 1
105 1
106 1
107 1
108 2
109 1
110 2
111 2
112 1
113 2
114 2
115 1
116 2
117 1
118 2
119 1
120 2
121 1
122 2
123 1
124 1
125 1
126 1
127 2
128 1
129 1
130 1
131 2
132 2
133 2
134 1
135 2
136 2
137 2
138 1
139 2
140 1
141 1
142 1
143 1
144 2
145 1
146 2
147 2
148 2
149 2
150 2
151 2
152 1
153 2
154 1
155 2
156 1
157 2
158 1
159 2
160 1
161 2
162 1
163 1
164 1
165 1
166 1
167 1
168 1
169 2
170 1
171 1
172 2
173 1
174 1
175 1
176 2
177 1
178 2
179 2
180 1
181 2
182 2
183 1
184 2
185 2
186 2
187 1
188 1
189 2
190 1
191 1
192 1
193 1
194 1
195 2
196 1
197 2
198 1
199 2
200 2
201 2
202 2
203 2
204 2
205 2
206 2
207 1
208 2
209 2
210 2
211 2
212 2
213 2
214 2
215 1
216 2
217 2
218 2
219 1
220 1
221 1
222 2
223 1
224 2
225 2
226 2
227 1
228 2
229 1
230 1
231 1
232 2
233 1
234 2
235 2
236 2
237 2
238 2
239 1
240 2
241 1
242 2
243 1
244 1
245 2
246 1
247 1
248 2
249 1
250 1
251 2
252 1
253 2
254 2
255 2
256 2
257 1
258 2
259 1
260 2
261 1
262 2
263 1
264 2
265 1
266 2
267 2
268 2
269 1
270 2
271 1
272 1
273 2
274 2
275 1
276 1
277 2
278 1
279 2
280 2
281 1
282 2
283 1
284 2
285 1
286 2
287 2
288 2
289 1
290 2
291 1
292 1
293 1
294 2
295 2
296 2
297 2
298 1
299 2
300 2
301 1
302 2
303 1
304 1
305 2
306 1
307 2
308 1
309 2
310 1
311 1
312 1
313 1
314 2
315 2
316 2
317 2
318 2
319 1
320 2
321 2
322 2
323 1
324 1
325 2
326 1
327 1
328 2
329 2
330 2
331 1
332 2
333 1
334 1
335 2
336 1
337 1
338 2
339 2
340 2
341 1
342 1
343 1
344 2
345 2
346 1
347 2
348 1
349 2
350 2
351 2
352 2
353 1
354 1
355 1
356 1
357 2
358 2
359 1
360 2
361 2
362 1
363 2
364 2
365 1
366 1
367 1
368 1
369 1
370 1
371 1
372 2
373 1
374 1
375 1
376 2
377 2
378 1
379 2
380 2
381 2
382 2
383 2
384 1
385 2
386 1
387 2
388 2
389 1
390 2
391 1
392 1
393 1
394 1
395 2
396 1
397 1
398 1
399 1
400 2
401 1
402 2
403 1
404 2
405 2
406 2
407 2
408 2
409 2
410 2
411 2
412 1
413 2
414 2
415 1
416 2
417 1
418 1
419 1
420 2
421 1
422 1
423 2
424 1
425 2
426 1
427 2
428 2
429 1
430 1
431 1
432 2
433 2
434 2
435 1
436 2
437 1
438 2
439 1
440 2
441 1
442 1
443 1
444 2
445 1
446 2
447 1
448 1
449 2
450 1
451 2
452 2
453 1
454 2
455 2
456 1
457 1
458 1
459 1
460 2
461 2
462 2
463 2
464 2
465 2
466 2
467 2
468 2
469 1
470 1
471 1
472 2
473 1
474 1
475 2
476 2
477 2
478 1
479 2
480 1
481 2
482 2
483 2
484 1
485 1
486 2
487 1
488 1
489 1
490 1
491 2
492 1
493 2
494 2
495 1
496 1
497 2
498 2
499 1
500 2
501 1
502 2
503 2
504 1
505 2
506 2
507 2
508 1
509 2
510 1
511 2
512 1
513 1
514 2
515 1
516 2
517 1
518 2
519 1
520 1
521 1
522 2
523 2
524 1
525 2
526 2
527 1
528 2
529 2
530 1
531 2
532 1
533 1
534 2
535 2
536 2
537 1
538 2
539 1
540 2
541 1
542 2
543 2
544 2
545 2
546 2
547 1
548 2
549 2
550 2
551 1
552 2
553 1
554 2
555 2
556 2
557 1
558 1
559 1
560 2
561 2
562 2
563 2
564 2
565 2
566 2
567 1
568 2
569 2
570 1
571 2
572 1
573 1
574 2
575 1
576 1
577 1
578 2
579 1
580 1
581 1
582 1
583 2
584 2
585 1
586 1
587 1
588 1
589 2
590 1
591 2
592 1
593 2
594 1
595 2
596 1
597 2
598 1
599 2
600 2
601 1
602 1
603 1
604 1
605 1
606 1
607 2
608 2
609 1
610 1
611 2
612 1
613 2
614 2
615 1
616 1
617 2
618 1
619 1
620 1
621 2
622 1
623 2
624 2
625 1
626 1
627 1
628 2
629 2
630 1
631 2
632 1
633 1
634 1
635 2
636 1
637 2
638 1
639 1
640 1
641 2
642 2
643 1
644 2
645 2
646 1
647 1
648 2
649 1
650 1
651 1
652 2
653 2
654 2
655 2
656 2
657 2
658 1
659 1
660 1
661 1
662 2
663 2
664 2
665 1
666 2
667 2
668 1
669 1
670 1
671 1
672 2
673 2
674 2
675 1
676 1
677 1
678 1
679 2
680 1
681 2
682 1
683 1
684 2
685 1
686 1
687 1
688 2
689 1
690 1
691 1
692 2
693 2
694 1
695 2
696 2
697 1
698 2
699 1
700 1
701 2
702 2
703 1
704 2
705 2
706 1
707 2
708 2
709 2
710 2
711 1
712 1
713 2
714 1
715 2
716 1
717 2
718 2
719 1
720 1
721 2
722 2
723 1
724 1
725 2
726 2
727 1
728 1
729 2
730 2
731 1
732 2
733 2
734 2
735 2
736 1
737 2
738 2
739 1
740 1
741 2
742 1
743 1
744 2
745 1
746 2
747 2
748 1
749 1
750 1
751 2
752 2
753 1
754 2
755 2
756 1
757 2
758 1
759 2
760 2
761 1
762 1
763 2
764 1
765 2
766 1
767 2
768 1
769 1
770 1
771 1
772 1
773 2
774 1
775 1
776 2
777 1
778 2
779 1
780 2
781 1
782 1
783 2
784 2
785 2
786 1
787 2
788 1
789 2
790 2
791 1
792 1
793 1
794 2
795 1
796 1
797 2
798 1
799 1
800 1
801 1
802 1
803 1
804 1
805 1
806 2
807 2
808 2
809 1
810 2
811 1
812 2
813 2
814 2
815 2
816 2
817 2
818 1
819 1
820 1
821 2
822 2
823 2
824 2
825 2
826 2
827 2
828 2
829 1
830 2
831 2
832 1
833 1
834 2
835 2
836 1
837 2
838 1
839 1
840 1
841 1
842 2
843 2
844 1
845 1
846 2
847 1
848 1
849 1
850 1
851 2
852 1
853 1
854 2
855 1
856 2
857 1
858 1
859 1
860 1
861 1
862 1
863 1
864 1
865 2
866 2
867 1
868 1
869 2
870 1
871 2
872 1
873 2
874 1
875 1
876 1
877 2
878 2
879 1
880 1
881 2
882 1
883 2
884 1
885 1
886 2
887 1
888 1
889 2
890 2
891 1
892 2
893 2
894 1
895 2
896 1
897 2
898 1
899 2
900 1
901 1
902 2
903 2
904 1
905 2
906 1
907 2
908 2
909 2
910 1
911 1
912 1
913 1
914 1
915 2
916 2
917 1
918 2
919 2
920 2
921 2
922 2
923 2
924 1
925 2
926 1
927 1
928 2
929 1
930 1
931 2
932 2
933 2
934 1
935 1
936 1
937 2
938 2
939 2
940 1
941 2
942 1
943 2
944 1
945 2
946 2
947 2
948 2
949 1
950 2
951 1
952 1
953 1
954 2
955 2
956 1
957 1
958 2
959 1
960 1
961 2
962 2
963 1
964 1
965 2
966 2
967 1
968 2
969 1
970 2
971 1
972 2
973 1
974 2
975 2
976 1
977 1
978 1
979 2
980 2
981 1
982 2
983 1
984 2
985 2
986 2
987 1
988 2
989 2
990 2
991 1
992 2
993 2
994 2
995 1
996 2
997 2
998 2
999 2
1000 2
