1 1
2 2
3 1
4 2
5 2
6 1
7 1
8 1
9 1
10 1
11 2
12 2
13 1
14 1
15 1
16 2
17 1
18 2
19 2
20 2
21 1
22 1
23 1
24 2
25 2
26 1
27 2
28 1
29 2
30 2
31 1
32 1
33 2
34 1
35 2
36 2
37 1
38 2
39 1
40 2
41 2
42 2
43 1
44 2
45 2
46 1
47 1
48 1
49 2
50 1
51 2
52 1
53 1
54 1
55 1
56 1
57 2
58 2
59 2
60 1
61 2
62 1
63 1
64 1
65 1
66 2
67 1
68 1
69 2
70 1
71 1
72 1
73 1
74 1
75 2
76 1
77 2
78 1
79 2
80 2
81 1
82 2
83 2
84 2
85 1
86 1
87 1
88 2
89 2
90 2
91 1
92 1
93 2
94 2
95 1
96 1
97 2
98 1
99 2
100 2
101 1
102 1
103 1
104 1
105 1
106 2
107 1
108 1
109 2
110 2
111 2
112 1
113 2
114 2
115 1
116 1
117 1
118 2
119 2
120 2
121 1
122 1
123 2
124 2
125 1
126 2
127 2
128 2
129 1
130 1
131 2
132 1
133 1
134 2
135 2
136 2
137 2
138 1
139 2
140 2
141 1
142 2
143 1
144 1
145 1
146 1
147 1
148 1
149 1
150 1
151 1
152 2
153 2
154 2
155 2
156 2
157 2
158 2
159 2
160 1
161 2
162 1
163 1
164 1
165 1
166 2
167 1
168 1
169 1
170 2
171 1
172 2
173 2
174 1
175 1
176 2
177 1
178 2
179 1
180 1
181 2
182 1
183 1
184 1
185 1
186 2
187 1
188 1
189 1
190 1
191 1
192 1
193 1
194 1
195 2
196 1
197 1
198 2
199 1
200 2
201 1
202 2
203 1
204 2
205 2
206 2
207 2
208 2
209 1
210 2
211 1
212 2
213 1
214 1
215 2
216 1
217 1
218 1
219 1
220 2
221 2
222 2
223 2
224 2
225 2
226 1
227 1
228 2
229 2
230 1
231 2
232 1
233 1
234 2
235 1
236 1
237 2
238 1
239 2
240 1
241 2
242 1
243 1
244 2
245 1
246 1
247 2
248 2
249 2
250 2
251 2
252 2
253 2
254 1
255 1
256 1
257 1
258 2
259 2
260 2
261 2
262 2
263 2
264 1
265 2
266 1
267 2
268 1
269 1
270 2
271 1
272 2
273 2
274 2
275 2
276 2
277 1
278 2
279 1
280 1
281 2
282 2
283 1
284 1
285 1
286 2
287 1
288 1
289 1
290 2
291 1
292 2
293 2
294 1
295 1
296 1
297 1
298 2
299 1
300 2
301 1
302 1
303 2
304 1
305 2
306 1
307 2
308 2
309 2
310 1
311 2
312 1
313 2
314 1
315 1
316 2
317 2
318 1
319 2
320 1
321 1
322 2
323 1
324 2
325 2
326 1
327 1
328 2
329 2
330 1
331 2
332 1
333 1
334 2
335 2
336 2
337 2
338 1
339 1
340 1
341 2
342 2
343 2
344 1
345 2
346 1
347 2
348 1
349 1
350 1
351 2
352 1
353 2
354 2
355 2
356 1
357 2
358 2
359 2
360 2
361 1
362 2
363 1
364 2
365 1
366 2
367 1
368 2
369 1
370 2
371 1
372 2
373 1
374 2
375 2
376 1
377 1
378 1
379 2
380 1
381 1
382 1
383 1
384 1
385 2
386 2
387 2
388 2
389 2
390 2
391 1
392 1
393 2
394 2
395 2
396 1
397 2
398 1
399 2
400 2
401 2
402 1
403 1
404 2
405 1
406 1
407 1
408 1
409 2
410 1
411 2
412 2
413 1
414 2
415 1
416 1
417 2
418 1
419 1
420 2
421 2
422 2
423 1
424 2
425 1
426 2
427 2
428 1
429 1
430 1
431 1
432 2
433 1
434 1
435 1
436 1
437 2
438 2
439 2
440 2
441 1
442 2
443 1
444 1
445 1
446 2
447 2
448 1
449 2
450 1
451 1
452 2
453 1
454 2
455 2
456 2
457 2
458 2
459 1
460 2
461 2
462 1
463 1
464 2
465 2
466 1
467 2
468 1
469 1
470 1
471 1
472 2
473 1
474 1
475 1
476 1
477 1
478 1
479 1
480 1
481 2
482 1
483 1
484 2
485 2
486 2
487 1
488 1
489 2
490 2
491 2
492 1
493 1
494 2
495 2
496 2
497 2
498 1
499 2
500 2
501 2
502 2
503 2
504 2
505 1
506 2
507 2
508 2
509 2
510 2
511 1
512 2
513 2
514 2
515 1
516 2
517 2
518 1
519 1
520 1
521 2
522 1
523 2
524 2
525 1
526 1
527 2
528 1
529 1
530 1
531 1
532 1
533 2
534 2
535 2
536 2
537 1
538 1
539 2
540 2
541 1
542 1
543 2
544 2
545 2
546 2
547 1
548 2
549 2
550 1
551 1
552 2
553 1
554 2
555 1
556 2
557 1
558 2
559 1
560 2
561 1
562 2
563 1
564 1
565 1
566 2
567 1
568 1
569 2
570 1
571 1
572 2
573 2
574 1
575 2
576 1
577 2
578 1
579 2
580 1
581 2
582 2
583 1
584 1
585 1
586 1
587 2
588 2
589 2
590 1
591 1
592 1
593 2
594 1
595 2
596 2
597 2
598 2
599 1
600 1
601 2
602 1
603 1
604 1
605 1
606 2
607 1
608 2
609 2
610 2
611 2
612 1
613 2
614 2
615 2
616 1
617 2
618 1
619 1
620 1
621 2
622 2
623 1
624 2
625 1
626 2
627 1
628 2
629 1
630 2
631 1
632 1
633 1
634 1
635 1
636 1
637 2
638 1
639 2
640 1
641 1
642 2
643 1
644 2
645 2
646 2
647 1
648 1
649 1
650 2
651 1
652 1
653 2
654 1
655 2
656 1
657 1
658 1
659 1
660 1
661 1
662 1
663 1
664 1
665 1
666 2
667 2
668 2
669 2
670 1
671 2
672 1
673 2
674 2
675 1
676 2
677 1
678 2
679 2
680 1
681 2
682 1
683 2
684 2
685 1
686 1
687 2
688 2
689 1
690 2
691 1
692 2
693 1
694 2
695 2
696 1
697 2
698 2
699 2
700 2
701 2
702 1
703 2
704 2
705 1
706 2
707 2
708 2
709 2
710 2
711 1
712 1
713 1
714 1
715 2
716 1
717 1
718 1
719 1
720 1
721 1
722 1
723 2
724 2
725 1
726 2
727 2
728 2
729 1
730 2
731 2
732 1
733 2
734 2
735 2
736 2
737 1
738 2
739 1
740 1
741 1
742 2
743 2
744 1
745 2
746 1
747 1
748 1
749 1
750 1
751 1
752 1
753 2
754 2
755 2
756 1
757 1
758 1
759 1
760 1
761 1
762 2
763 2
764 1
765 1
766 2
767 1
768 1
769 2
770 1
771 2
772 2
773 2
774 2
775 1
776 2
777 1
778 2
779 2
780 2
781 2
782 1
783 2
784 2
785 2
786 2
787 1
788 2
789 1
790 2
791 2
792 1
793 2
794 2
795 1
796 1
797 2
798 1
799 1
800 1
801 1
802 1
803 1
804 1
805 1
806 2
807 1
808 2
809 1
810 1
811 1
812 2
813 2
814 1
815 1
816 1
817 1
818 2
819 2
820 2
821 1
822 1
823 2
824 2
825 1
826 1
827 1
828 1
829 1
830 2
831 2
832 2
833 2
834 2
835 1
836 1
837 2
838 1
839 1
840 2
841 1
842 1
843 1
844 2
845 1
846 2
847 2
848 1
849 2
850 1
851 1
852 1
853 1
854 1
855 1
856 1
857 2
858 1
859 1
860 1
861 2
862 2
863 1
864 2
865 1
866 2
867 1
868 1
869 2
870 2
871 1
872 2
873 2
874 2
875 2
876 2
877 2
878 1
879 2
880 1
881 2
882 2
883 2
884 1
885 2
886 1
887 1
888 2
889 2
890 1
891 1
892 1
893 2
894 2
895 2
896 1
897 1
898 1
899 1
900 2
901 2
902 1
903 1
904 1
905 1
906 2
907 2
908 1
909 2
910 1
911 2
912 1
913 1
914 1
915 1
916 2
917 1
918 1
919 1
920 2
921 2
922 2
923 2
924 1
925 1
926 2
927 2
928 1
929 1
930 2
931 2
932 2
933 1
934 1
935 1
936 2
937 2
938 1
939 1
940 2
941 1
942 2
943 2
944 2
945 2
946 1
947 2
948 2
949 2
950 1
951 2
952 2
953 1
954 2
955 2
956 2
957 1
958 2
959 1
960 1
961 2
962 1
963 2
964 1
965 2
966 2
967 2
968 2
969 2
970 1
971 1
972 2
973 1
974 2
975 2
976 2
977 1
978 1
979 2
980 1
981 1
982 1
983 1
984 1
985 2
986 2
987 1
988 1
989 2
990 2
991 2
992 2
993 2
994 1
995 2
996 2
997 2
998 2
999 1
1000 2
