1 2
2 1
3 2
4 1
5 1
6 2
7 1
8 2
9 2
10 2
11 2
12 2
13 2
14 1
15 2
16 2
17 1
18 1
19 1
20 1
21 1
22 1
23 1
24 1
25 1
26 1
27 2
28 2
29 1
30 1
31 1
32 1
33 1
34 1
35 1
36 2
37 2
38 2
39 2
40 2
41 2
42 1
43 2
44 2
45 1
46 1
47 2
48 1
49 2
50 1
51 1
52 1
53 2
54 1
55 2
56 1
57 1
58 1
59 2
60 1
61 1
62 2
63 2
64 2
65 1
66 1
67 2
68 2
69 2
70 1
71 1
72 1
73 1
74 2
75 1
76 2
77 1
78 2
79 2
80 2
81 1
82 2
83 1
84 1
85 1
86 2
87 1
88 2
89 1
90 1
91 1
92 1
93 2
94 1
95 1
96 1
97 1
98 1
99 1
100 1
101 2
102 1
103 2
104 1
105 1
106 2
107 1
108 1
109 2
110 1
111 1
112 1
113 2
114 2
115 2
116 2
117 2
118 2
119 2
120 1
121 2
122 1
123 1
124 1
125 2
126 2
127 1
128 2
129 2
130 1
131 2
132 1
133 2
134 2
135 1
136 2
137 1
138 2
139 1
140 2
141 1
142 1
143 1
144 1
145 1
146 1
147 1
148 1
149 1
150 2
151 2
152 2
153 1
154 1
155 1
156 2
157 1
158 2
159 1
160 2
161 1
162 2
163 2
164 1
165 1
166 2
167 2
168 1
169 2
170 1
171 1
172 1
173 1
174 2
175 2
176 2
177 1
178 2
179 1
180 1
181 2
182 1
183 1
184 2
185 2
186 1
187 2
188 1
189 2
190 1
191 2
192 1
193 2
194 2
195 2
196 2
197 2
198 1
199 2
200 2
201 1
202 2
203 1
204 1
205 1
206 2
207 2
208 1
209 2
210 1
211 2
212 1
213 1
214 1
215 2
216 1
217 2
218 1
219 2
220 2
221 1
222 1
223 2
224 2
225 1
226 1
227 1
228 2
229 2
230 1
231 2
232 2
233 1
234 2
235 1
236 2
237 1
238 2
239 2
240 1
241 2
242 2
243 1
244 2
245 2
246 2
247 1
248 2
249 2
250 2
251 2
252 2
253 2
254 1
255 1
256 1
257 1
258 2
259 1
260 2
261 1
262 1
263 1
264 1
265 2
266 2
267 2
268 2
269 2
270 1
271 2
272 2
273 1
274 1
275 1
276 1
277 1
278 1
279 2
280 2
281 1
282 2
283 2
284 2
285 1
286 1
287 1
288 2
289 2
290 2
291 2
292 1
293 2
294 2
295 2
296 2
297 1
298 1
299 2
300 1
301 2
302 2
303 1
304 1
305 1
306 1
307 1
308 2
309 2
310 2
311 1
312 1
313 2
314 2
315 1
316 2
317 1
318 1
319 2
320 1
321 1
322 2
323 1
324 1
325 1
326 1
327 2
328 2
329 2
330 2
331 2
332 2
333 2
334 1
335 1
336 1
337 1
338 2
339 1
340 2
341 2
342 1
343 1
344 1
345 1
346 1
347 2
348 2
349 1
350 1
351 1
352 2
353 1
354 1
355 1
356 2
357 2
358 2
359 2
360 2
361 2
362 2
363 2
364 1
365 2
366 2
367 1
368 2
369 2
370 2
371 2
372 1
373 1
374 2
375 1
376 1
377 2
378 2
379 2
380 2
381 2
382 2
383 2
384 2
385 2
386 2
387 1
388 1
389 2
390 2
391 2
392 2
393 2
394 2
395 2
396 1
397 1
398 1
399 2
400 1
401 1
402 1
403 2
404 1
405 1
406 2
407 2
408 1
409 2
410 1
411 1
412 2
413 1
414 1
415 2
416 2
417 2
418 1
419 2
420 2
421 1
422 1
423 2
424 2
425 1
426 1
427 1
428 2
429 1
430 2
431 2
432 2
433 1
434 2
435 1
436 1
437 2
438 2
439 1
440 2
441 2
442 1
443 1
444 1
445 2
446 1
447 2
448 1
449 1
450 2
451 1
452 1
453 1
454 2
455 1
456 2
457 2
458 2
459 2
460 1
461 1
462 1
463 1
464 2
465 1
466 1
467 2
468 2
469 2
470 1
471 1
472 1
473 2
474 1
475 1
476 1
477 1
478 2
479 1
480 1
481 1
482 2
483 1
484 2
485 1
486 1
487 2
488 1
489 2
490 1
491 2
492 1
493 1
494 2
495 1
496 2
497 1
498 2
499 1
500 1
501 1
502 1
503 1
504 2
505 1
506 1
507 2
508 2
509 1
510 1
511 1
512 1
513 2
514 2
515 2
516 2
517 2
518 1
519 2
520 2
521 2
522 1
523 2
524 2
525 2
526 2
527 2
528 1
529 2
530 1
531 1
532 2
533 1
534 1
535 1
536 2
537 1
538 1
539 1
540 2
541 1
542 1
543 1
544 1
545 1
546 1
547 1
548 1
549 2
550 2
551 1
552 2
553 2
554 2
555 2
556 1
557 2
558 1
559 1
560 1
561 2
562 1
563 2
564 1
565 2
566 1
567 1
568 2
569 1
570 2
571 2
572 1
573 2
574 1
575 1
576 1
577 2
578 2
579 1
580 1
581 2
582 1
583 2
584 2
585 2
586 1
587 2
588 2
589 1
590 2
591 1
592 2
593 1
594 1
595 2
596 2
597 2
598 2
599 2
600 1
601 2
602 2
603 2
604 1
605 2
606 2
607 2
608 1
609 2
610 1
611 2
612 2
613 1
614 1
615 1
616 1
617 1
618 2
619 2
620 1
621 2
622 1
623 1
624 1
625 2
626 1
627 2
628 1
629 1
630 1
631 1
632 1
633 2
634 1
635 1
636 2
637 1
638 2
639 2
640 1
641 2
642 1
643 1
644 2
645 1
646 1
647 1
648 1
649 1
650 2
651 2
652 2
653 2
654 2
655 2
656 1
657 2
658 2
659 1
660 1
661 1
662 2
663 2
664 1
665 1
666 2
667 2
668 1
669 1
670 2
671 2
672 2
673 1
674 2
675 1
676 2
677 2
678 1
679 1
680 2
681 2
682 2
683 1
684 2
685 2
686 2
687 1
688 2
689 2
690 2
691 2
692 2
693 2
694 1
695 1
696 1
697 2
698 2
699 2
700 1
701 1
702 2
703 2
704 2
705 1
706 2
707 1
708 2
709 2
710 1
711 2
712 2
713 2
714 1
715 1
716 1
717 2
718 2
719 1
720 1
721 1
722 1
723 2
724 2
725 1
726 2
727 1
728 2
729 2
730 1
731 1
732 1
733 1
734 1
735 2
736 2
737 2
738 2
739 2
740 1
741 2
742 1
743 2
744 1
745 2
746 1
747 2
748 1
749 1
750 1
751 2
752 1
753 1
754 2
755 2
756 1
757 1
758 1
759 2
760 1
761 2
762 1
763 1
764 1
765 1
766 1
767 2
768 2
769 1
770 2
771 1
772 2
773 2
774 2
775 2
776 1
777 1
778 1
779 1
780 2
781 1
782 1
783 1
784 2
785 1
786 1
787 1
788 1
789 1
790 2
791 2
792 2
793 1
794 2
795 2
796 2
797 2
798 1
799 2
800 1
801 1
802 1
803 1
804 1
805 2
806 2
807 2
808 1
809 2
810 2
811 2
812 2
813 1
814 1
815 2
816 1
817 1
818 2
819 2
820 2
821 1
822 1
823 1
824 2
825 1
826 1
827 2
828 2
829 2
830 1
831 1
832 1
833 2
834 1
835 1
836 2
837 1
838 1
839 1
840 2
841 1
842 2
843 2
844 2
845 1
846 1
847 2
848 1
849 2
850 1
851 2
852 1
853 1
854 1
855 1
856 2
857 1
858 1
859 1
860 1
861 1
862 2
863 1
864 1
865 2
866 1
867 2
868 1
869 2
870 1
871 1
872 2
873 2
874 2
875 2
876 2
877 2
878 2
879 1
880 2
881 1
882 2
883 1
884 2
885 1
886 2
887 1
888 1
889 2
890 1
891 1
892 1
893 1
894 2
895 1
896 1
897 1
898 1
899 1
900 1
901 2
902 2
903 2
904 2
905 2
906 1
907 2
908 1
909 1
910 2
911 2
912 1
913 1
914 1
915 1
916 1
917 1
918 2
919 2
920 2
921 1
922 2
923 1
924 1
925 2
926 2
927 1
928 2
929 1
930 1
931 1
932 1
933 2
934 1
935 1
936 2
937 1
938 2
939 1
940 2
941 2
942 2
943 1
944 2
945 2
946 2
947 1
948 1
949 1
950 2
951 2
952 1
953 2
954 1
955 1
956 1
957 2
958 1
959 2
960 2
961 2
962 1
963 1
964 2
965 2
966 1
967 2
968 1
969 2
970 2
971 2
972 1
973 1
974 1
975 1
976 1
977 2
978 2
979 2
980 1
981 2
982 1
983 1
984 1
985 1
986 2
987 2
988 2
989 1
990 1
991 1
992 2
993 2
994 1
995 2
996 2
997 1
998 1
999 2
1000 1
