1 2
2 1
3 2
4 2
5 2
6 2
7 2
8 2
9 2
10 1
11 2
12 2
13 2
14 1
15 1
16 2
17 1
18 2
19 1
20 1
21 2
22 1
23 1
24 2
25 2
26 1
27 1
28 2
29 1
30 2
31 2
32 1
33 2
34 1
35 2
36 1
37 2
38 1
39 2
40 1
41 2
42 1
43 1
44 1
45 2
46 2
47 2
48 2
49 2
50 1
51 1
52 1
53 1
54 2
55 2
56 2
57 2
58 1
59 2
60 1
61 2
62 1
63 2
64 2
65 2
66 2
67 2
68 2
69 1
70 1
71 1
72 1
73 2
74 2
75 1
76 2
77 1
78 1
79 2
80 2
81 1
82 2
83 1
84 1
85 1
86 2
87 1
88 1
89 1
90 1
91 2
92 2
93 2
94 1
95 2
96 1
97 1
98 1
99 2
100 1
101 2
102 2
103 2
104 1
105 2
106 1
107 1
108 2
109 2
110 1
111 2
112 1
113 1
114 2
115 1
116 1
117 2
118 1
119 1
120 2
121 1
122 1
123 2
124 1
125 1
126 2
127 1
128 1
129 2
130 1
131 2
132 1
133 1
134 2
135 1
136 1
137 1
138 1
139 2
140 1
141 1
142 2
143 1
144 2
145 2
146 2
147 1
148 2
149 2
150 1
151 1
152 1
153 1
154 2
155 2
156 1
157 2
158 1
159 2
160 1
161 2
162 1
163 2
164 2
165 1
166 1
167 2
168 2
169 2
170 2
171 2
172 1
173 1
174 1
175 1
176 2
177 2
178 1
179 2
180 2
181 1
182 2
183 1
184 1
185 2
186 2
187 1
188 1
189 1
190 1
191 2
192 1
193 1
194 2
195 1
196 1
197 1
198 2
199 1
200 2
201 1
202 2
203 1
204 2
205 2
206 1
207 1
208 1
209 2
210 1
211 1
212 1
213 2
214 1
215 2
216 1
217 2
218 2
219 1
220 1
221 1
222 2
223 2
224 2
225 2
226 1
227 1
228 1
229 1
230 1
231 2
232 1
233 2
234 2
235 2
236 1
237 2
238 1
239 1
240 2
241 1
242 1
243 1
244 1
245 1
246 2
247 2
248 1
249 1
250 2
251 2
252 2
253 1
254 2
255 2
256 2
257 2
258 1
259 1
260 2
261 2
262 1
263 2
264 2
265 1
266 1
267 2
268 1
269 2
270 1
271 1
272 1
273 2
274 2
275 2
276 1
277 2
278 1
279 2
280 2
281 2
282 1
283 2
284 2
285 1
286 2
287 1
288 1
289 1
290 1
291 2
292 2
293 1
294 2
295 2
296 1
297 2
298 2
299 2
300 1
301 2
302 2
303 2
304 2
305 1
306 1
307 1
308 1
309 2
310 2
311 1
312 2
313 1
314 1
315 2
316 1
317 1
318 2
319 1
320 1
321 1
322 2
323 2
324 2
325 2
326 1
327 1
328 1
329 1
330 2
331 2
332 2
333 2
334 2
335 1
336 1
337 2
338 2
339 1
340 2
341 1
342 1
343 1
344 1
345 2
346 2
347 2
348 1
349 2
350 2
351 1
352 1
353 1
354 1
355 2
356 1
357 2
358 2
359 2
360 2
361 1
362 1
363 1
364 2
365 1
366 1
367 1
368 1
369 1
370 2
371 2
372 2
373 2
374 2
375 2
376 2
377 2
378 1
379 2
380 2
381 1
382 2
383 2
384 1
385 1
386 1
387 2
388 1
389 2
390 1
391 2
392 1
393 2
394 1
395 2
396 2
397 1
398 2
399 1
400 1
401 2
402 2
403 1
404 2
405 1
406 2
407 2
408 2
409 2
410 2
411 2
412 2
413 2
414 2
415 2
416 1
417 1
418 2
419 2
420 1
421 1
422 1
423 1
424 2
425 2
426 2
427 2
428 2
429 2
430 2
431 2
432 2
433 1
434 2
435 1
436 1
437 1
438 1
439 2
440 2
441 1
442 1
443 1
444 2
445 1
446 1
447 2
448 1
449 1
450 1
451 1
452 1
453 2
454 1
455 2
456 2
457 2
458 1
459 2
460 1
461 1
462 2
463 1
464 2
465 2
466 2
467 1
468 1
469 2
470 2
471 1
472 1
473 2
474 2
475 2
476 2
477 1
478 1
479 1
480 1
481 1
482 1
483 2
484 2
485 1
486 1
487 1
488 2
489 1
490 2
491 1
492 2
493 2
494 2
495 2
496 2
497 1
498 1
499 2
500 1
501 2
502 2
503 1
504 2
505 1
506 2
507 2
508 2
509 2
510 2
511 1
512 1
513 2
514 2
515 2
516 1
517 2
518 1
519 1
520 2
521 1
522 2
523 1
524 2
525 1
526 2
527 1
528 1
529 1
530 2
531 2
532 2
533 2
534 1
535 2
536 1
537 2
538 2
539 2
540 2
541 1
542 2
543 1
544 1
545 1
546 1
547 2
548 2
549 2
550 2
551 1
552 1
553 2
554 1
555 2
556 1
557 1
558 2
559 2
560 1
561 2
562 1
563 1
564 2
565 1
566 2
567 1
568 2
569 2
570 2
571 1
572 1
573 2
574 1
575 2
576 2
577 1
578 1
579 1
580 1
581 1
582 2
583 2
584 2
585 2
586 1
587 2
588 1
589 2
590 1
591 2
592 1
593 1
594 1
595 1
596 1
597 1
598 1
599 2
600 1
601 1
602 1
603 1
604 1
605 1
606 1
607 2
608 1
609 2
610 1
611 2
612 1
613 2
614 2
615 2
616 2
617 1
618 1
619 1
620 1
621 1
622 2
623 1
624 2
625 1
626 1
627 2
628 1
629 2
630 2
631 2
632 2
633 1
634 1
635 1
636 1
637 2
638 1
639 2
640 1
641 2
642 1
643 1
644 1
645 2
646 2
647 1
648 1
649 2
650 1
651 2
652 2
653 1
654 1
655 2
656 1
657 2
658 2
659 2
660 1
661 2
662 2
663 2
664 2
665 1
666 2
667 1
668 1
669 2
670 1
671 2
672 2
673 1
674 1
675 2
676 1
677 1
678 2
679 1
680 1
681 1
682 1
683 2
684 1
685 1
686 2
687 1
688 2
689 2
690 1
691 1
692 1
693 2
694 2
695 1
696 2
697 2
698 1
699 1
700 1
701 2
702 1
703 2
704 1
705 2
706 1
707 2
708 2
709 1
710 1
711 2
712 1
713 2
714 2
715 2
716 1
717 2
718 2
719 1
720 1
721 2
722 2
723 1
724 1
725 1
726 2
727 2
728 2
729 2
730 2
731 1
732 1
733 2
734 2
735 2
736 2
737 2
738 2
739 1
740 1
741 1
742 2
743 2
744 1
745 2
746 1
747 2
748 2
749 2
750 2
751 1
752 2
753 1
754 2
755 2
756 2
757 2
758 2
759 2
760 2
761 2
762 1
763 1
764 2
765 2
766 1
767 1
768 2
769 1
770 2
771 2
772 2
773 1
774 1
775 2
776 1
777 1
778 2
779 2
780 1
781 2
782 1
783 2
784 1
785 2
786 1
787 1
788 2
789 2
790 2
791 1
792 1
793 2
794 2
795 2
796 1
797 1
798 1
799 2
800 1
801 1
802 1
803 1
804 2
805 1
806 1
807 1
808 2
809 2
810 1
811 1
812 2
813 2
814 1
815 2
816 1
817 1
818 1
819 1
820 1
821 1
822 1
823 2
824 1
825 1
826 2
827 1
828 1
829 2
830 1
831 2
832 2
833 2
834 1
835 2
836 2
837 2
838 1
839 1
840 1
841 2
842 1
843 1
844 2
845 1
846 1
847 2
848 1
849 1
850 1
851 1
852 1
853 2
854 2
855 1
856 2
857 1
858 2
859 1
860 2
861 1
862 2
863 1
864 1
865 2
866 1
867 1
868 2
869 2
870 2
871 2
872 1
873 2
874 1
875 1
876 2
877 2
878 1
879 1
880 2
881 2
882 2
883 1
884 2
885 2
886 1
887 2
888 1
889 1
890 1
891 2
892 2
893 1
894 1
895 2
896 2
897 1
898 1
899 1
900 2
901 2
902 1
903 1
904 1
905 2
906 1
907 2
908 2
909 2
910 2
911 2
912 1
913 2
914 2
915 2
916 2
917 2
918 1
919 2
920 2
921 1
922 2
923 1
924 2
925 2
926 2
927 2
928 2
929 2
930 2
931 2
932 1
933 1
934 2
935 1
936 1
937 1
938 2
939 2
940 1
941 1
942 1
943 1
944 1
945 1
946 2
947 1
948 1
949 2
950 1
951 1
952 2
953 1
954 2
955 1
956 1
957 2
958 2
959 2
960 2
961 2
962 2
963 1
964 1
965 1
966 2
967 1
968 2
969 1
970 1
971 2
972 2
973 1
974 2
975 2
976 1
977 1
978 2
979 1
980 2
981 1
982 1
983 1
984 1
985 2
986 2
987 2
988 2
989 1
990 1
991 1
992 2
993 2
994 2
995 1
996 2
997 2
998 1
999 1
1000 1
