1 1
2 1
3 1
4 1
5 1
6 1
7 1
8 1
9 2
10 1
11 2
12 1
13 1
14 1
15 2
16 2
17 2
18 1
19 1
20 1
21 1
22 2
23 1
24 2
25 2
26 1
27 1
28 2
29 2
30 1
31 1
32 2
33 2
34 2
35 1
36 1
37 1
38 2
39 2
40 1
41 1
42 1
43 2
44 2
45 1
46 1
47 1
48 1
49 1
50 2
51 1
52 2
53 1
54 2
55 2
56 2
57 2
58 2
59 2
60 1
61 2
62 1
63 2
64 1
65 2
66 1
67 2
68 1
69 2
70 1
71 1
72 2
73 1
74 2
75 1
76 2
77 1
78 1
79 1
80 1
81 2
82 2
83 1
84 1
85 1
86 2
87 2
88 1
89 2
90 2
91 2
92 2
93 2
94 1
95 2
96 1
97 1
98 2
99 1
100 1
101 2
102 1
103 2
104 2
105 2
106 1
107 1
108 1
109 2
110 1
111 2
112 1
113 1
114 2
115 1
116 1
117 2
118 1
119 1
120 2
121 1
122 1
123 2
124 1
125 1
126 2
127 1
128 1
129 1
130 2
131 2
132 1
133 2
134 2
135 1
136 1
137 2
138 1
139 2
140 1
141 1
142 2
143 2
144 1
145 2
146 2
147 2
148 1
149 2
150 1
151 2
152 2
153 1
154 2
155 1
156 1
157 2
158 2
159 2
160 1
161 2
162 1
163 1
164 2
165 1
166 1
167 2
168 1
169 1
170 1
171 2
172 1
173 2
174 1
175 2
176 1
177 1
178 1
179 2
180 1
181 2
182 2
183 2
184 2
185 1
186 1
187 2
188 2
189 2
190 1
191 1
192 1
193 2
194 1
195 2
196 1
197 2
198 2
199 2
200 1
201 1
202 2
203 2
204 1
205 2
206 2
207 1
208 1
209 2
210 2
211 1
212 2
213 1
214 2
215 1
216 1
217 1
218 1
219 1
220 2
221 2
222 1
223 2
224 1
225 1
226 1
227 1
228 2
229 1
230 1
231 1
232 2
233 2
234 2
235 2
236 2
237 2
238 1
239 2
240 2
241 2
242 1
243 2
244 2
245 2
246 1
247 2
248 1
249 1
250 1
251 1
252 1
253 1
254 2
255 1
256 2
257 1
258 2
259 2
260 2
261 1
262 2
263 2
264 2
265 1
266 2
267 1
268 1
269 2
270 1
271 2
272 2
273 2
274 2
275 2
276 2
277 2
278 1
279 1
280 1
281 1
282 1
283 1
284 1
285 2
286 1
287 1
288 1
289 1
290 1
291 2
292 2
293 1
294 1
295 1
296 1
297 1
298 2
299 2
300 2
301 2
302 1
303 1
304 2
305 1
306 2
307 2
308 2
309 2
310 1
311 1
312 2
313 1
314 2
315 2
316 1
317 2
318 2
319 1
320 1
321 2
322 2
323 1
324 1
325 2
326 2
327 1
328 2
329 1
330 2
331 1
332 2
333 1
334 2
335 1
336 2
337 1
338 2
339 2
340 2
341 1
342 1
343 1
344 1
345 2
346 2
347 2
348 1
349 2
350 1
351 2
352 1
353 2
354 2
355 1
356 2
357 1
358 1
359 2
360 1
361 2
362 1
363 2
364 2
365 2
366 2
367 1
368 1
369 1
370 1
371 2
372 2
373 1
374 1
375 1
376 2
377 2
378 2
379 2
380 1
381 1
382 2
383 1
384 2
385 1
386 1
387 1
388 1
389 2
390 1
391 2
392 2
393 1
394 2
395 2
396 2
397 1
398 2
399 2
400 1
401 1
402 2
403 1
404 2
405 1
406 1
407 2
408 2
409 2
410 2
411 2
412 1
413 1
414 2
415 2
416 2
417 2
418 2
419 1
420 2
421 2
422 2
423 2
424 2
425 1
426 1
427 1
428 1
429 2
430 1
431 1
432 1
433 2
434 1
435 1
436 1
437 1
438 1
439 1
440 1
441 2
442 1
443 2
444 2
445 1
446 1
447 2
448 1
449 2
450 2
451 2
452 1
453 1
454 2
455 2
456 1
457 1
458 1
459 1
460 1
461 1
462 1
463 1
464 2
465 2
466 2
467 1
468 2
469 2
470 1
471 2
472 2
473 1
474 1
475 2
476 2
477 1
478 1
479 2
480 2
481 2
482 2
483 1
484 2
485 1
486 2
487 2
488 1
489 1
490 2
491 1
492 2
493 1
494 1
495 2
496 2
497 2
498 1
499 1
500 2
501 2
502 2
503 2
504 1
505 2
506 2
507 2
508 2
509 1
510 1
511 2
512 2
513 2
514 2
515 2
516 2
517 2
518 1
519 1
520 1
521 2
522 1
523 1
524 2
525 1
526 1
527 2
528 1
529 1
530 1
531 2
532 2
533 1
534 1
535 2
536 2
537 1
538 1
539 2
540 2
541 1
542 1
543 2
544 2
545 1
546 1
547 1
548 2
549 1
550 1
551 2
552 1
553 2
554 2
555 2
556 2
557 2
558 1
559 1
560 2
561 2
562 1
563 1
564 2
565 2
566 2
567 2
568 1
569 1
570 2
571 1
572 2
573 1
574 2
575 1
576 2
577 1
578 1
579 1
580 1
581 2
582 2
583 1
584 2
585 2
586 1
587 1
588 1
589 2
590 1
591 1
592 2
593 1
594 2
595 1
596 2
597 2
598 1
599 1
600 1
601 1
602 2
603 1
604 2
605 2
606 1
607 2
608 1
609 1
610 2
611 1
612 2
613 1
614 2
615 2
616 2
617 1
618 2
619 2
620 1
621 2
622 2
623 2
624 1
625 1
626 2
627 2
628 1
629 1
630 1
631 2
632 1
633 2
634 1
635 1
636 1
637 1
638 1
639 2
640 2
641 1
642 2
643 1
644 2
645 2
646 1
647 2
648 1
649 2
650 1
651 2
652 1
653 2
654 1
655 1
656 1
657 2
658 2
659 1
660 1
661 1
662 1
663 1
664 2
665 2
666 2
667 2
668 2
669 1
670 2
671 1
672 2
673 1
674 1
675 2
676 2
677 2
678 2
679 1
680 2
681 1
682 1
683 2
684 2
685 1
686 2
687 2
688 2
689 2
690 2
691 1
692 2
693 2
694 1
695 2
696 2
697 1
698 2
699 2
700 1
701 1
702 1
703 1
704 1
705 1
706 1
707 2
708 2
709 2
710 1
711 2
712 1
713 2
714 2
715 1
716 1
717 1
718 1
719 2
720 2
721 2
722 2
723 2
724 2
725 1
726 2
727 1
728 1
729 2
730 1
731 2
732 2
733 1
734 1
735 2
736 2
737 2
738 2
739 2
740 1
741 1
742 1
743 2
744 1
745 1
746 1
747 2
748 2
749 1
750 2
751 2
752 2
753 2
754 2
755 2
756 2
757 1
758 1
759 1
760 2
761 2
762 2
763 2
764 2
765 2
766 1
767 2
768 2
769 1
770 1
771 1
772 1
773 1
774 2
775 2
776 2
777 2
778 2
779 2
780 2
781 1
782 2
783 2
784 2
785 1
786 1
787 1
788 2
789 1
790 2
791 1
792 1
793 2
794 1
795 1
796 2
797 1
798 1
799 2
800 2
801 1
802 1
803 2
804 1
805 1
806 2
807 1
808 1
809 1
810 1
811 1
812 2
813 2
814 1
815 1
816 1
817 2
818 1
819 2
820 2
821 2
822 2
823 1
824 1
825 2
826 2
827 1
828 1
829 1
830 1
831 1
832 1
833 1
834 2
835 2
836 2
837 2
838 2
839 2
840 2
841 2
842 2
843 2
844 2
845 1
846 2
847 1
848 2
849 1
850 2
851 2
852 1
853 1
854 1
855 2
856 1
857 1
858 2
859 2
860 2
861 2
862 1
863 1
864 2
865 2
866 2
867 2
868 2
869 1
870 1
871 2
872 2
873 1
874 1
875 2
876 1
877 1
878 1
879 1
880 1
881 2
882 1
883 2
884 1
885 2
886 1
887 1
888 2
889 1
890 1
891 2
892 2
893 2
894 2
895 1
896 2
897 1
898 2
899 2
900 1
901 2
902 1
903 2
904 1
905 1
906 1
907 2
908 2
909 2
910 2
911 1
912 2
913 1
914 2
915 1
916 2
917 1
918 2
919 1
920 1
921 1
922 2
923 1
924 2
925 2
926 1
927 1
928 1
929 2
930 2
931 2
932 1
933 2
934 2
935 1
936 2
937 2
938 1
939 1
940 1
941 1
942 1
943 2
944 1
945 1
946 2
947 2
948 1
949 2
950 1
951 2
952 2
953 2
954 1
955 2
956 1
957 1
958 1
959 1
960 1
961 1
962 2
963 2
964 1
965 2
966 1
967 1
968 2
969 2
970 1
971 1
972 1
973 2
974 2
975 2
976 2
977 1
978 2
979 1
980 1
981 1
982 1
983 2
984 1
985 1
986 2
987 1
988 1
989 1
990 2
991 1
992 1
993 1
994 2
995 2
996 2
997 1
998 2
999 1
1000 1
