1 2
2 2
3 2
4 1
5 2
6 2
7 2
8 2
9 2
10 2
11 1
12 2
13 1
14 1
15 2
16 1
17 2
18 1
19 1
20 2
21 1
22 1
23 1
24 1
25 1
26 1
27 1
28 2
29 2
30 2
31 1
32 2
33 2
34 1
35 2
36 2
37 2
38 2
39 1
40 2
41 1
42 1
43 2
44 2
45 1
46 2
47 1
48 1
49 1
50 1
51 1
52 2
53 1
54 2
55 2
56 2
57 2
58 1
59 2
60 2
61 2
62 2
63 1
64 2
65 1
66 1
67 2
68 1
69 2
70 2
71 1
72 1
73 2
74 1
75 2
76 2
77 1
78 2
79 1
80 1
81 2
82 2
83 1
84 1
85 1
86 2
87 2
88 1
89 1
90 1
91 1
92 2
93 1
94 1
95 2
96 2
97 1
98 1
99 1
100 1
101 2
102 1
103 1
104 1
105 2
106 1
107 2
108 1
109 2
110 1
111 1
112 1
113 1
114 1
115 1
116 2
117 1
118 2
119 1
120 2
121 2
122 1
123 1
124 1
125 2
126 1
127 2
128 2
129 2
130 2
131 1
132 1
133 1
134 2
135 2
136 1
137 1
138 2
139 2
140 1
141 1
142 2
143 1
144 1
145 2
146 1
147 1
148 2
149 1
150 1
151 1
152 1
153 1
154 2
155 1
156 2
157 1
158 1
159 2
160 2
161 1
162 1
163 2
164 2
165 2
166 1
167 2
168 2
169 2
170 2
171 2
172 1
173 2
174 1
175 2
176 1
177 2
178 2
179 1
180 2
181 2
182 1
183 1
184 2
185 1
186 1
187 1
188 1
189 2
190 1
191 1
192 2
193 1
194 1
195 2
196 2
197 1
198 1
199 1
200 2
201 2
202 2
203 1
204 1
205 1
206 2
207 1
208 2
209 2
210 1
211 1
212 1
213 2
214 1
215 1
216 2
217 1
218 1
219 2
220 2
221 1
222 1
223 2
224 2
225 2
226 2
227 2
228 1
229 2
230 2
231 2
232 1
233 2
234 2
235 2
236 2
237 2
238 1
239 1
240 1
241 1
242 2
243 1
244 1
245 1
246 1
247 2
248 1
249 2
250 2
251 2
252 1
253 1
254 1
255 2
256 1
257 2
258 2
259 1
260 1
261 2
262 1
263 1
264 1
265 2
266 2
267 1
268 1
269 1
270 1
271 1
272 1
273 2
274 2
275 1
276 1
277 2
278 1
279 1
280 1
281 2
282 2
283 1
284 2
285 2
286 1
287 2
288 2
289 2
290 2
291 1
292 1
293 1
294 2
295 1
296 1
297 2
298 2
299 1
300 2
301 2
302 2
303 1
304 1
305 2
306 2
307 1
308 1
309 2
310 2
311 1
312 2
313 1
314 1
315 1
316 2
317 2
318 1
319 2
320 2
321 1
322 1
323 2
324 1
325 1
326 1
327 2
328 2
329 2
330 1
331 1
332 1
333 2
334 2
335 1
336 2
337 2
338 2
339 2
340 1
341 2
342 1
343 1
344 2
345 1
346 2
347 1
348 1
349 1
350 2
351 2
352 1
353 2
354 2
355 2
356 1
357 1
358 2
359 1
360 1
361 1
362 1
363 2
364 2
365 1
366 1
367 1
368 2
369 1
370 2
371 2
372 1
373 2
374 2
375 2
376 2
377 1
378 1
379 1
380 1
381 1
382 2
383 2
384 2
385 2
386 1
387 2
388 1
389 2
390 2
391 2
392 1
393 2
394 1
395 1
396 1
397 1
398 2
399 2
400 2
401 1
402 1
403 1
404 2
405 2
406 2
407 1
408 1
409 1
410 1
411 2
412 1
413 2
414 1
415 2
416 1
417 2
418 1
419 1
420 2
421 1
422 2
423 1
424 1
425 1
426 2
427 2
428 1
429 2
430 2
431 1
432 1
433 1
434 1
435 2
436 1
437 1
438 1
439 2
440 1
441 2
442 1
443 1
444 1
445 2
446 2
447 1
448 2
449 2
450 2
451 2
452 1
453 1
454 1
455 1
456 1
457 1
458 2
459 2
460 1
461 1
462 1
463 2
464 2
465 1
466 1
467 1
468 1
469 2
470 1
471 2
472 2
473 1
474 1
475 2
476 2
477 1
478 1
479 2
480 1
481 1
482 2
483 1
484 1
485 1
486 2
487 2
488 1
489 2
490 1
491 2
492 2
493 2
494 1
495 1
496 2
497 2
498 2
499 2
500 1
501 1
502 1
503 2
504 2
505 2
506 2
507 1
508 1
509 1
510 1
511 1
512 2
513 2
514 1
515 1
516 1
517 2
518 2
519 2
520 1
521 2
522 1
523 1
524 2
525 2
526 2
527 2
528 1
529 2
530 1
531 2
532 1
533 1
534 1
535 2
536 1
537 2
538 2
539 1
540 1
541 1
542 2
543 2
544 1
545 1
546 2
547 1
548 1
549 1
550 2
551 2
552 1
553 2
554 2
555 1
556 2
557 2
558 2
559 1
560 2
561 2
562 2
563 1
564 1
565 2
566 1
567 2
568 1
569 1
570 1
571 2
572 1
573 1
574 2
575 2
576 1
577 1
578 2
579 2
580 1
581 1
582 2
583 2
584 1
585 2
586 2
587 1
588 2
589 2
590 2
591 2
592 1
593 2
594 2
595 2
596 1
597 1
598 2
599 2
600 1
601 1
602 2
603 2
604 1
605 1
606 2
607 1
608 1
609 2
610 1
611 1
612 2
613 1
614 2
615 2
616 1
617 2
618 2
619 2
620 2
621 1
622 1
623 2
624 2
625 1
626 2
627 2
628 2
629 1
630 1
631 2
632 1
633 2
634 1
635 1
636 1
637 1
638 1
639 1
640 1
641 2
642 1
643 2
644 2
645 2
646 1
647 2
648 2
649 2
650 1
651 1
652 1
653 1
654 2
655 2
656 2
657 1
658 1
659 1
660 1
661 1
662 1
663 1
664 1
665 1
666 2
667 1
668 1
669 1
670 1
671 1
672 1
673 1
674 1
675 2
676 1
677 2
678 2
679 2
680 2
681 1
682 1
683 1
684 1
685 2
686 1
687 1
688 2
689 1
690 2
691 2
692 1
693 2
694 1
695 1
696 1
697 1
698 2
699 1
700 1
701 2
702 1
703 2
704 2
705 1
706 2
707 1
708 2
709 2
710 2
711 1
712 1
713 1
714 2
715 1
716 1
717 1
718 2
719 2
720 2
721 1
722 1
723 1
724 1
725 1
726 1
727 1
728 2
729 1
730 2
731 1
732 2
733 1
734 1
735 2
736 2
737 1
738 1
739 1
740 2
741 1
742 2
743 1
744 1
745 2
746 2
747 1
748 2
749 1
750 1
751 2
752 1
753 2
754 1
755 1
756 1
757 2
758 1
759 2
760 2
761 1
762 2
763 1
764 1
765 1
766 2
767 1
768 2
769 2
770 1
771 2
772 1
773 2
774 1
775 2
776 1
777 2
778 1
779 2
780 1
781 2
782 1
783 2
784 1
785 2
786 1
787 2
788 2
789 1
790 2
791 2
792 2
793 1
794 1
795 2
796 2
797 2
798 1
799 2
800 2
801 2
802 2
803 2
804 1
805 1
806 2
807 2
808 2
809 2
810 1
811 1
812 1
813 2
814 2
815 1
816 1
817 1
818 2
819 2
820 2
821 2
822 1
823 1
824 1
825 2
826 2
827 1
828 1
829 2
830 1
831 2
832 1
833 1
834 2
835 2
836 1
837 2
838 1
839 1
840 1
841 1
842 2
843 2
844 2
845 1
846 2
847 1
848 1
849 1
850 2
851 2
852 2
853 2
854 1
855 2
856 2
857 2
858 1
859 2
860 2
861 1
862 2
863 1
864 2
865 1
866 2
867 1
868 1
869 2
870 1
871 2
872 2
873 1
874 2
875 1
876 2
877 2
878 2
879 1
880 1
881 2
882 2
883 2
884 2
885 2
886 2
887 2
888 2
889 1
890 2
891 2
892 2
893 2
894 2
895 1
896 2
897 1
898 2
899 2
900 1
901 2
902 1
903 1
904 2
905 2
906 1
907 1
908 1
909 2
910 1
911 2
912 1
913 1
914 2
915 2
916 1
917 2
918 2
919 1
920 1
921 1
922 1
923 2
924 1
925 2
926 2
927 1
928 1
929 1
930 2
931 2
932 1
933 2
934 2
935 2
936 1
937 1
938 1
939 2
940 2
941 1
942 2
943 1
944 2
945 2
946 2
947 2
948 1
949 1
950 1
951 1
952 2
953 2
954 1
955 1
956 1
957 2
958 1
959 1
960 1
961 1
962 1
963 1
964 1
965 1
966 2
967 1
968 1
969 2
970 1
971 2
972 2
973 1
974 1
975 2
976 2
977 2
978 1
979 1
980 2
981 2
982 1
983 1
984 1
985 1
986 2
987 1
988 2
989 1
990 1
991 2
992 2
993 2
994 2
995 1
996 2
997 1
998 1
999 1
1000 1
