1 2
2 2
3 2
4 2
5 2
6 2
7 1
8 1
9 2
10 1
11 1
12 1
13 2
14 1
15 2
16 2
17 1
18 1
19 2
20 1
21 2
22 1
23 2
24 2
25 1
26 2
27 1
28 1
29 1
30 1
31 2
32 1
33 1
34 2
35 2
36 2
37 1
38 2
39 1
40 2
41 1
42 1
43 2
44 2
45 1
46 1
47 2
48 1
49 1
50 1
51 2
52 1
53 1
54 2
55 1
56 1
57 2
58 2
59 2
60 1
61 1
62 2
63 2
64 2
65 1
66 2
67 1
68 2
69 1
70 1
71 2
72 2
73 2
74 2
75 2
76 2
77 2
78 1
79 1
80 2
81 1
82 2
83 1
84 1
85 1
86 1
87 1
88 2
89 1
90 2
91 1
92 2
93 1
94 2
95 1
96 2
97 2
98 1
99 2
100 2
101 2
102 2
103 2
104 1
105 1
106 1
107 1
108 2
109 2
110 2
111 2
112 2
113 1
114 1
115 2
116 2
117 1
118 1
119 2
120 2
121 1
122 2
123 1
124 2
125 2
126 2
127 1
128 1
129 1
130 1
131 2
132 1
133 2
134 2
135 2
136 2
137 2
138 1
139 1
140 1
141 1
142 2
143 2
144 2
145 1
146 1
147 1
148 2
149 2
150 2
151 1
152 2
153 2
154 2
155 1
156 2
157 1
158 2
159 2
160 2
161 2
162 2
163 2
164 2
165 2
166 1
167 2
168 2
169 1
170 1
171 1
172 2
173 2
174 2
175 2
176 1
177 1
178 1
179 1
180 2
181 2
182 1
183 2
184 1
185 1
186 1
187 1
188 1
189 1
190 2
191 2
192 1
193 1
194 2
195 1
196 1
197 2
198 2
199 1
200 2
201 1
202 2
203 1
204 2
205 2
206 1
207 2
208 1
209 1
210 1
211 1
212 1
213 1
214 1
215 1
216 2
217 1
218 2
219 2
220 2
221 1
222 1
223 2
224 1
225 2
226 1
227 1
228 1
229 2
230 1
231 2
232 1
233 2
234 1
235 1
236 1
237 1
238 1
239 2
240 1
241 1
242 2
243 2
244 1
245 2
246 1
247 1
248 1
249 1
250 1
251 1
252 1
253 1
254 1
255 1
256 1
257 1
258 1
259 1
260 1
261 2
262 1
263 2
264 1
265 1
266 1
267 2
268 1
269 1
270 1
271 1
272 2
273 2
274 2
275 1
276 2
277 1
278 1
279 1
280 1
281 1
282 1
283 1
284 1
285 1
286 1
287 1
288 1
289 1
290 2
291 1
292 1
293 2
294 2
295 2
296 1
297 2
298 2
299 1
300 2
301 1
302 2
303 1
304 1
305 1
306 1
307 2
308 1
309 2
310 1
311 1
312 1
313 1
314 2
315 2
316 2
317 1
318 2
319 1
320 1
321 2
322 1
323 2
324 2
325 2
326 1
327 2
328 1
329 2
330 2
331 1
332 1
333 1
334 2
335 2
336 2
337 2
338 1
339 1
340 1
341 1
342 1
343 2
344 1
345 1
346 1
347 2
348 1
349 1
350 2
351 2
352 2
353 1
354 2
355 2
356 1
357 1
358 1
359 2
360 2
361 1
362 2
363 1
364 2
365 1
366 1
367 1
368 2
369 2
370 2
371 1
372 1
373 1
374 2
375 2
376 1
377 2
378 2
379 1
380 2
381 1
382 1
383 1
384 1
385 1
386 1
387 1
388 2
389 1
390 2
391 1
392 1
393 1
394 1
395 1
396 1
397 1
398 1
399 1
400 1
401 2
402 2
403 2
404 2
405 1
406 2
407 1
408 2
409 1
410 2
411 2
412 2
413 1
414 1
415 2
416 1
417 2
418 1
419 1
420 1
421 2
422 2
423 2
424 2
425 2
426 2
427 2
428 2
429 2
430 1
431 2
432 2
433 1
434 1
435 2
436 2
437 2
438 1
439 2
440 2
441 1
442 1
443 1
444 1
445 2
446 1
447 1
448 2
449 2
450 2
451 2
452 1
453 1
454 2
455 2
456 2
457 2
458 1
459 2
460 1
461 1
462 2
463 2
464 2
465 1
466 1
467 2
468 1
469 1
470 2
471 2
472 1
473 2
474 2
475 2
476 1
477 2
478 2
479 1
480 2
481 1
482 2
483 1
484 1
485 2
486 2
487 2
488 2
489 2
490 1
491 1
492 2
493 2
494 1
495 1
496 2
497 2
498 1
499 2
500 2
501 2
502 2
503 1
504 1
505 1
506 2
507 2
508 1
509 2
510 1
511 1
512 1
513 1
514 2
515 1
516 1
517 2
518 2
519 2
520 1
521 1
522 2
523 2
524 2
525 1
526 1
527 1
528 1
529 2
530 2
531 1
532 2
533 1
534 1
535 1
536 1
537 1
538 2
539 1
540 1
541 2
542 1
543 2
544 1
545 2
546 2
547 1
548 1
549 2
550 2
551 1
552 1
553 1
554 1
555 2
556 2
557 2
558 2
559 1
560 1
561 1
562 2
563 1
564 2
565 2
566 1
567 2
568 1
569 2
570 1
571 1
572 2
573 1
574 2
575 1
576 2
577 2
578 1
579 2
580 2
581 2
582 2
583 1
584 2
585 1
586 2
587 2
588 1
589 2
590 2
591 1
592 1
593 2
594 1
595 2
596 1
597 2
598 1
599 1
600 1
601 1
602 1
603 1
604 2
605 2
606 1
607 1
608 2
609 1
610 1
611 2
612 2
613 2
614 2
615 1
616 2
617 1
618 1
619 1
620 1
621 2
622 2
623 1
624 1
625 1
626 1
627 2
628 1
629 1
630 2
631 1
632 1
633 1
634 2
635 2
636 2
637 2
638 2
639 2
640 1
641 2
642 2
643 2
644 1
645 1
646 1
647 2
648 1
649 2
650 2
651 2
652 1
653 2
654 1
655 2
656 1
657 1
658 2
659 2
660 1
661 2
662 1
663 2
664 2
665 2
666 2
667 2
668 1
669 2
670 1
671 2
672 2
673 1
674 2
675 2
676 1
677 2
678 2
679 1
680 2
681 1
682 1
683 1
684 2
685 1
686 1
687 1
688 1
689 1
690 2
691 1
692 2
693 2
694 1
695 2
696 1
697 1
698 2
699 1
700 1
701 2
702 1
703 2
704 2
705 2
706 1
707 1
708 2
709 1
710 1
711 1
712 2
713 2
714 1
715 1
716 1
717 1
718 1
719 2
720 1
721 1
722 2
723 2
724 1
725 2
726 1
727 1
728 1
729 2
730 1
731 1
732 2
733 2
734 1
735 1
736 2
737 2
738 2
739 2
740 2
741 1
742 2
743 1
744 2
745 1
746 1
747 1
748 2
749 1
750 1
751 1
752 1
753 2
754 1
755 2
756 2
757 1
758 1
759 1
760 2
761 1
762 2
763 2
764 1
765 2
766 2
767 2
768 1
769 1
770 1
771 2
772 2
773 1
774 2
775 1
776 1
777 1
778 2
779 2
780 2
781 2
782 1
783 1
784 2
785 1
786 2
787 2
788 1
789 2
790 2
791 1
792 1
793 2
794 1
795 1
796 1
797 2
798 2
799 1
800 1
801 2
802 1
803 1
804 2
805 2
806 2
807 2
808 1
809 1
810 2
811 2
812 1
813 1
814 1
815 1
816 2
817 1
818 1
819 1
820 1
821 2
822 1
823 2
824 1
825 2
826 1
827 1
828 2
829 1
830 2
831 1
832 2
833 2
834 1
835 1
836 2
837 1
838 2
839 1
840 2
841 2
842 1
843 1
844 1
845 1
846 2
847 2
848 2
849 2
850 1
851 2
852 1
853 1
854 1
855 2
856 2
857 1
858 2
859 1
860 2
861 1
862 2
863 2
864 1
865 2
866 2
867 1
868 1
869 1
870 2
871 1
872 2
873 1
874 2
875 1
876 2
877 2
878 1
879 1
880 1
881 1
882 2
883 1
884 2
885 2
886 1
887 1
888 2
889 2
890 2
891 2
892 1
893 1
894 1
895 1
896 1
897 1
898 1
899 1
900 1
901 1
902 1
903 2
904 1
905 1
906 1
907 2
908 1
909 2
910 2
911 2
912 2
913 2
914 1
915 1
916 2
917 2
918 2
919 1
920 1
921 2
922 2
923 2
924 1
925 2
926 1
927 1
928 1
929 2
930 2
931 2
932 2
933 1
934 2
935 2
936 2
937 1
938 2
939 2
940 1
941 2
942 2
943 1
944 2
945 1
946 2
947 1
948 2
949 1
950 2
951 1
952 1
953 2
954 2
955 2
956 2
957 2
958 1
959 2
960 1
961 1
962 1
963 1
964 2
965 2
966 2
967 2
968 1
969 1
970 2
971 2
972 1
973 2
974 1
975 2
976 2
977 2
978 1
979 2
980 2
981 2
982 2
983 1
984 2
985 2
986 1
987 1
988 1
989 1
990 2
991 2
992 2
993 2
994 1
995 2
996 2
997 1
998 1
999 1
1000 2
