1 2
2 1
3 2
4 1
5 2
6 2
7 1
8 2
9 1
10 2
11 2
12 2
13 1
14 2
15 1
16 1
17 2
18 2
19 2
20 2
21 2
22 2
23 1
24 1
25 2
26 1
27 2
28 2
29 1
30 1
31 2
32 1
33 1
34 2
35 2
36 1
37 2
38 1
39 2
40 2
41 2
42 1
43 2
44 2
45 1
46 2
47 2
48 1
49 2
50 2
51 2
52 1
53 1
54 2
55 2
56 2
57 2
58 2
59 2
60 2
61 2
62 1
63 2
64 1
65 1
66 1
67 1
68 1
69 2
70 2
71 1
72 1
73 2
74 2
75 2
76 1
77 2
78 1
79 1
80 2
81 1
82 2
83 1
84 1
85 2
86 1
87 2
88 2
89 1
90 1
91 2
92 1
93 1
94 2
95 2
96 2
97 2
98 1
99 2
100 2
101 2
102 2
103 2
104 1
105 2
106 1
107 2
108 1
109 1
110 1
111 2
112 2
113 1
114 1
115 2
116 2
117 2
118 2
119 2
120 2
121 2
122 2
123 2
124 1
125 2
126 2
127 2
128 1
129 1
130 2
131 1
132 1
133 1
134 2
135 1
136 1
137 2
138 2
139 2
140 2
141 1
142 2
143 1
144 1
145 1
146 2
147 1
148 1
149 1
150 2
151 2
152 2
153 2
154 1
155 1
156 2
157 1
158 2
159 2
160 2
161 2
162 1
163 1
164 1
165 2
166 1
167 1
168 2
169 1
170 1
171 2
172 2
173 2
174 1
175 1
176 2
177 1
178 1
179 1
180 2
181 1
182 2
183 1
184 1
185 1
186 1
187 1
188 2
189 2
190 2
191 1
192 1
193 2
194 1
195 1
196 2
197 2
198 1
199 2
200 1
201 1
202 1
203 1
204 1
205 2
206 2
207 1
208 1
209 1
210 2
211 1
212 1
213 1
214 2
215 1
216 2
217 2
218 2
219 2
220 1
221 1
222 2
223 2
224 1
225 2
226 2
227 2
228 2
229 2
230 2
231 2
232 1
233 1
234 1
235 1
236 2
237 1
238 2
239 2
240 1
241 2
242 2
243 1
244 2
245 1
246 2
247 1
248 2
249 2
250 2
251 2
252 2
253 2
254 1
255 1
256 2
257 2
258 2
259 2
260 2
261 1
262 1
263 2
264 2
265 2
266 1
267 1
268 1
269 2
270 1
271 2
272 1
273 2
274 1
275 2
276 1
277 2
278 2
279 1
280 1
281 1
282 1
283 1
284 1
285 2
286 2
287 1
288 1
289 2
290 1
291 1
292 2
293 1
294 2
295 1
296 1
297 1
298 2
299 2
300 1
301 1
302 2
303 2
304 2
305 1
306 1
307 2
308 1
309 2
310 1
311 1
312 1
313 2
314 1
315 1
316 2
317 2
318 1
319 1
320 2
321 2
322 1
323 2
324 2
325 2
326 1
327 1
328 2
329 1
330 1
331 1
332 1
333 1
334 1
335 2
336 1
337 1
338 1
339 1
340 1
341 2
342 2
343 2
344 1
345 1
346 1
347 2
348 1
349 2
350 1
351 2
352 2
353 2
354 2
355 1
356 2
357 1
358 1
359 1
360 1
361 2
362 1
363 1
364 1
365 1
366 1
367 1
368 1
369 2
370 1
371 1
372 2
373 2
374 2
375 1
376 2
377 1
378 1
379 2
380 1
381 1
382 2
383 2
384 2
385 1
386 2
387 2
388 2
389 2
390 1
391 1
392 1
393 1
394 1
395 1
396 2
397 2
398 2
399 1
400 2
401 1
402 1
403 1
404 2
405 2
406 2
407 1
408 1
409 1
410 1
411 1
412 2
413 2
414 2
415 2
416 1
417 2
418 1
419 2
420 1
421 1
422 1
423 2
424 1
425 2
426 1
427 1
428 2
429 2
430 2
431 1
432 1
433 2
434 2
435 1
436 1
437 2
438 2
439 2
440 1
441 2
442 1
443 2
444 2
445 2
446 2
447 1
448 1
449 1
450 2
451 2
452 1
453 2
454 1
455 1
456 2
457 1
458 1
459 2
460 2
461 1
462 1
463 2
464 1
465 2
466 1
467 1
468 2
469 2
470 2
471 1
472 2
473 2
474 2
475 2
476 1
477 2
478 1
479 1
480 2
481 2
482 1
483 1
484 1
485 1
486 2
487 2
488 2
489 2
490 2
491 1
492 1
493 1
494 1
495 1
496 2
497 1
498 2
499 1
500 1
501 2
502 1
503 1
504 2
505 1
506 1
507 2
508 1
509 2
510 2
511 2
512 1
513 2
514 2
515 2
516 1
517 1
518 2
519 2
520 2
521 1
522 1
523 2
524 2
525 1
526 1
527 2
528 1
529 1
530 1
531 1
532 2
533 1
534 1
535 1
536 1
537 2
538 2
539 2
540 2
541 1
542 1
543 1
544 1
545 1
546 2
547 2
548 2
549 2
550 2
551 2
552 2
553 2
554 1
555 2
556 1
557 1
558 1
559 1
560 2
561 1
562 2
563 2
564 1
565 2
566 2
567 2
568 2
569 2
570 1
571 2
572 2
573 2
574 1
575 2
576 1
577 1
578 1
579 1
580 2
581 1
582 2
583 1
584 2
585 1
586 1
587 1
588 1
589 2
590 1
591 2
592 1
593 2
594 2
595 2
596 2
597 1
598 1
599 2
600 1
601 1
602 2
603 1
604 2
605 1
606 1
607 2
608 1
609 1
610 1
611 2
612 1
613 2
614 1
615 2
616 2
617 1
618 1
619 2
620 1
621 2
622 2
623 1
624 1
625 2
626 2
627 1
628 1
629 1
630 1
631 1
632 1
633 1
634 1
635 2
636 1
637 2
638 1
639 2
640 1
641 2
642 1
643 1
644 2
645 2
646 2
647 1
648 2
649 2
650 1
651 2
652 1
653 1
654 1
655 1
656 2
657 2
658 1
659 1
660 1
661 2
662 1
663 1
664 1
665 2
666 2
667 2
668 1
669 1
670 2
671 2
672 2
673 2
674 2
675 1
676 1
677 1
678 2
679 1
680 2
681 2
682 1
683 2
684 1
685 2
686 1
687 2
688 2
689 2
690 1
691 2
692 1
693 2
694 2
695 1
696 2
697 2
698 2
699 2
700 1
701 1
702 1
703 1
704 1
705 1
706 2
707 1
708 2
709 1
710 2
711 2
712 2
713 1
714 2
715 1
716 1
717 1
718 1
719 1
720 1
721 2
722 2
723 2
724 1
725 2
726 1
727 1
728 2
729 1
730 1
731 1
732 1
733 1
734 2
735 1
736 1
737 1
738 1
739 1
740 1
741 2
742 1
743 1
744 1
745 2
746 1
747 2
748 2
749 2
750 2
751 2
752 2
753 1
754 1
755 1
756 2
757 2
758 2
759 2
760 2
761 1
762 2
763 2
764 2
765 1
766 2
767 2
768 1
769 2
770 1
771 1
772 1
773 2
774 1
775 2
776 2
777 2
778 1
779 2
780 2
781 1
782 2
783 2
784 1
785 2
786 2
787 1
788 2
789 2
790 1
791 2
792 1
793 2
794 1
795 2
796 1
797 1
798 1
799 1
800 2
801 2
802 1
803 2
804 2
805 1
806 1
807 2
808 1
809 1
810 2
811 1
812 2
813 2
814 1
815 2
816 2
817 1
818 1
819 2
820 2
821 2
822 1
823 2
824 2
825 1
826 2
827 1
828 1
829 2
830 1
831 1
832 1
833 2
834 1
835 1
836 1
837 1
838 2
839 2
840 2
841 2
842 2
843 2
844 2
845 2
846 2
847 2
848 1
849 2
850 1
851 2
852 2
853 2
854 1
855 2
856 2
857 2
858 2
859 2
860 2
861 2
862 2
863 1
864 2
865 2
866 2
867 1
868 2
869 2
870 1
871 2
872 1
873 1
874 1
875 2
876 1
877 1
878 2
879 2
880 2
881 1
882 2
883 2
884 2
885 1
886 1
887 1
888 2
889 2
890 1
891 2
892 1
893 2
894 1
895 1
896 2
897 1
898 1
899 2
900 2
901 1
902 2
903 2
904 2
905 2
906 1
907 2
908 2
909 1
910 1
911 2
912 1
913 1
914 1
915 2
916 1
917 1
918 2
919 1
920 2
921 1
922 1
923 2
924 1
925 2
926 1
927 1
928 2
929 2
930 1
931 1
932 2
933 1
934 2
935 2
936 2
937 2
938 2
939 2
940 2
941 1
942 1
943 2
944 1
945 1
946 2
947 2
948 1
949 1
950 1
951 1
952 2
953 2
954 1
955 2
956 1
957 2
958 1
959 2
960 1
961 2
962 1
963 1
964 2
965 2
966 2
967 1
968 2
969 1
970 1
971 1
972 1
973 2
974 1
975 2
976 1
977 1
978 1
979 1
980 1
981 2
982 1
983 1
984 2
985 2
986 2
987 2
988 1
989 2
990 2
991 1
992 2
993 2
994 1
995 2
996 2
997 2
998 1
999 2
1000 2
