1 2
2 2
3 2
4 2
5 2
6 2
7 1
8 1
9 1
10 1
11 1
12 2
13 1
14 2
15 1
16 1
17 2
18 2
19 1
20 1
21 1
22 2
23 2
24 2
25 1
26 2
27 2
28 1
29 1
30 1
31 1
32 2
33 1
34 2
35 1
36 1
37 1
38 1
39 2
40 2
41 2
42 1
43 2
44 1
45 2
46 1
47 1
48 1
49 2
50 1
51 1
52 1
53 1
54 2
55 2
56 1
57 1
58 1
59 1
60 2
61 1
62 1
63 1
64 1
65 2
66 2
67 1
68 2
69 1
70 2
71 2
72 1
73 2
74 2
75 2
76 1
77 1
78 2
79 1
80 2
81 1
82 1
83 1
84 1
85 2
86 1
87 2
88 2
89 1
90 2
91 1
92 1
93 2
94 2
95 2
96 2
97 2
98 2
99 1
100 1
101 1
102 2
103 2
104 2
105 1
106 2
107 2
108 1
109 2
110 1
111 1
112 1
113 2
114 1
115 2
116 1
117 1
118 2
119 1
120 2
121 2
122 1
123 1
124 2
125 2
126 2
127 2
128 1
129 1
130 1
131 2
132 1
133 1
134 1
135 1
136 2
137 2
138 1
139 1
140 1
141 1
142 2
143 1
144 1
145 2
146 1
147 1
148 2
149 1
150 2
151 1
152 2
153 2
154 2
155 1
156 2
157 1
158 1
159 1
160 1
161 2
162 1
163 1
164 1
165 2
166 1
167 1
168 1
169 2
170 2
171 2
172 2
173 2
174 2
175 1
176 2
177 2
178 1
179 1
180 1
181 1
182 2
183 1
184 2
185 1
186 1
187 1
188 1
189 2
190 2
191 2
192 1
193 2
194 1
195 1
196 1
197 1
198 1
199 1
200 2
201 1
202 2
203 1
204 1
205 2
206 2
207 2
208 2
209 2
210 2
211 2
212 1
213 1
214 1
215 1
216 1
217 1
218 2
219 1
220 2
221 1
222 2
223 2
224 2
225 1
226 1
227 2
228 1
229 1
230 2
231 1
232 2
233 2
234 1
235 2
236 2
237 2
238 1
239 1
240 2
241 1
242 2
243 1
244 1
245 1
246 1
247 1
248 1
249 1
250 1
251 1
252 1
253 2
254 1
255 1
256 2
257 1
258 2
259 2
260 2
261 2
262 1
263 1
264 1
265 1
266 2
267 1
268 1
269 2
270 2
271 2
272 2
273 1
274 1
275 1
276 2
277 2
278 2
279 1
280 1
281 2
282 2
283 1
284 2
285 2
286 1
287 1
288 1
289 2
290 2
291 2
292 2
293 2
294 2
295 2
296 1
297 1
298 1
299 1
300 2
301 2
302 2
303 1
304 1
305 2
306 1
307 1
308 1
309 1
310 1
311 2
312 1
313 1
314 2
315 2
316 2
317 1
318 1
319 1
320 1
321 2
322 2
323 2
324 1
325 2
326 1
327 1
328 2
329 2
330 2
331 1
332 1
333 2
334 2
335 2
336 2
337 1
338 2
339 1
340 1
341 2
342 1
343 2
344 1
345 1
346 1
347 1
348 1
349 2
350 2
351 1
352 1
353 1
354 1
355 1
356 1
357 1
358 2
359 1
360 1
361 2
362 2
363 2
364 2
365 2
366 2
367 1
368 2
369 2
370 2
371 2
372 1
373 2
374 2
375 1
376 2
377 1
378 2
379 1
380 1
381 2
382 1
383 1
384 2
385 1
386 2
387 1
388 2
389 1
390 1
391 1
392 1
393 2
394 2
395 1
396 2
397 1
398 2
399 1
400 2
401 1
402 1
403 2
404 1
405 2
406 2
407 1
408 2
409 1
410 2
411 1
412 2
413 2
414 2
415 2
416 2
417 2
418 1
419 2
420 2
421 1
422 1
423 2
424 2
425 1
426 2
427 2
428 2
429 1
430 2
431 1
432 2
433 2
434 1
435 2
436 2
437 1
438 1
439 2
440 1
441 1
442 1
443 2
444 2
445 2
446 2
447 2
448 2
449 2
450 2
451 2
452 2
453 1
454 2
455 1
456 2
457 2
458 1
459 2
460 1
461 1
462 2
463 1
464 1
465 1
466 1
467 2
468 2
469 2
470 1
471 2
472 2
473 1
474 1
475 1
476 1
477 2
478 1
479 1
480 2
481 1
482 2
483 1
484 1
485 2
486 2
487 1
488 2
489 1
490 2
491 1
492 2
493 1
494 2
495 1
496 2
497 1
498 2
499 2
500 2
501 2
502 2
503 1
504 2
505 2
506 1
507 2
508 1
509 1
510 2
511 2
512 1
513 2
514 2
515 1
516 2
517 1
518 2
519 1
520 1
521 1
522 1
523 2
524 1
525 2
526 1
527 1
528 2
529 1
530 2
531 2
532 1
533 1
534 1
535 2
536 2
537 1
538 2
539 1
540 1
541 1
542 2
543 1
544 1
545 2
546 1
547 2
548 2
549 2
550 1
551 1
552 1
553 1
554 1
555 1
556 2
557 2
558 1
559 2
560 2
561 2
562 1
563 1
564 1
565 1
566 2
567 1
568 2
569 1
570 2
571 2
572 2
573 2
574 2
575 2
576 1
577 2
578 2
579 2
580 2
581 1
582 2
583 1
584 2
585 1
586 2
587 1
588 1
589 2
590 1
591 1
592 2
593 2
594 1
595 1
596 2
597 1
598 2
599 2
600 2
601 2
602 2
603 1
604 1
605 2
606 2
607 1
608 1
609 2
610 1
611 1
612 1
613 2
614 2
615 1
616 1
617 2
618 1
619 1
620 2
621 1
622 1
623 1
624 2
625 2
626 2
627 1
628 1
629 2
630 1
631 2
632 1
633 1
634 1
635 2
636 1
637 1
638 1
639 2
640 1
641 2
642 2
643 1
644 2
645 2
646 2
647 2
648 2
649 1
650 1
651 1
652 1
653 1
654 2
655 1
656 1
657 2
658 2
659 2
660 2
661 2
662 2
663 1
664 2
665 2
666 2
667 2
668 1
669 2
670 2
671 2
672 2
673 2
674 1
675 1
676 1
677 1
678 2
679 1
680 1
681 2
682 1
683 2
684 1
685 2
686 1
687 2
688 1
689 1
690 2
691 2
692 2
693 2
694 1
695 1
696 2
697 2
698 1
699 1
700 1
701 2
702 2
703 2
704 2
705 2
706 2
707 2
708 1
709 1
710 1
711 2
712 2
713 2
714 2
715 2
716 1
717 1
718 1
719 1
720 1
721 1
722 2
723 1
724 1
725 2
726 2
727 2
728 2
729 2
730 1
731 2
732 2
733 1
734 1
735 1
736 2
737 1
738 2
739 1
740 2
741 2
742 2
743 2
744 2
745 1
746 2
747 1
748 2
749 2
750 1
751 1
752 2
753 1
754 2
755 2
756 1
757 2
758 1
759 1
760 1
761 2
762 2
763 2
764 1
765 1
766 1
767 1
768 1
769 2
770 2
771 1
772 2
773 2
774 1
775 2
776 2
777 1
778 1
779 1
780 2
781 1
782 2
783 2
784 2
785 2
786 2
787 1
788 1
789 2
790 1
791 2
792 2
793 1
794 2
795 2
796 1
797 2
798 2
799 1
800 2
801 1
802 2
803 1
804 1
805 2
806 2
807 1
808 1
809 1
810 1
811 1
812 2
813 2
814 1
815 1
816 2
817 2
818 2
819 2
820 2
821 1
822 1
823 2
824 1
825 2
826 1
827 1
828 2
829 2
830 1
831 2
832 1
833 1
834 2
835 1
836 2
837 2
838 1
839 1
840 2
841 2
842 2
843 2
844 2
845 2
846 2
847 1
848 1
849 1
850 1
851 2
852 2
853 2
854 2
855 1
856 1
857 2
858 2
859 1
860 1
861 1
862 1
863 2
864 1
865 1
866 2
867 2
868 1
869 1
870 2
871 2
872 1
873 2
874 1
875 1
876 2
877 2
878 1
879 1
880 1
881 1
882 1
883 2
884 2
885 2
886 1
887 1
888 1
889 1
890 2
891 1
892 2
893 1
894 2
895 2
896 2
897 1
898 1
899 2
900 1
901 1
902 1
903 2
904 1
905 1
906 2
907 1
908 1
909 2
910 1
911 2
912 2
913 1
914 2
915 1
916 1
917 2
918 2
919 1
920 2
921 1
922 1
923 2
924 1
925 1
926 1
927 1
928 2
929 1
930 2
931 2
932 1
933 2
934 2
935 2
936 1
937 1
938 1
939 1
940 2
941 2
942 2
943 1
944 2
945 2
946 1
947 1
948 2
949 2
950 1
951 1
952 2
953 2
954 1
955 2
956 2
957 2
958 1
959 2
960 2
961 1
962 1
963 1
964 1
965 1
966 2
967 1
968 1
969 1
970 1
971 1
972 2
973 1
974 2
975 1
976 1
977 1
978 2
979 2
980 1
981 2
982 2
983 1
984 2
985 2
986 2
987 1
988 1
989 2
990 1
991 2
992 1
993 1
994 1
995 1
996 2
997 2
998 1
999 2
1000 1
