1 2
2 1
3 2
4 2
5 1
6 2
7 2
8 2
9 2
10 2
11 2
12 2
13 1
14 2
15 2
16 1
17 1
18 2
19 1
20 2
21 1
22 1
23 1
24 1
25 2
26 2
27 2
28 2
29 2
30 2
31 1
32 1
33 2
34 1
35 2
36 1
37 1
38 2
39 2
40 2
41 1
42 1
43 2
44 2
45 1
46 1
47 2
48 2
49 1
50 1
51 2
52 2
53 2
54 1
55 1
56 1
57 2
58 2
59 2
60 2
61 1
62 2
63 1
64 1
65 1
66 1
67 1
68 1
69 2
70 1
71 1
72 2
73 1
74 2
75 2
76 1
77 1
78 2
79 2
80 2
81 2
82 2
83 2
84 2
85 2
86 1
87 2
88 1
89 2
90 2
91 1
92 1
93 1
94 1
95 2
96 2
97 2
98 1
99 1
100 1
101 2
102 1
103 1
104 1
105 1
106 2
107 1
108 1
109 1
110 1
111 2
112 2
113 1
114 2
115 1
116 1
117 2
118 1
119 1
120 1
121 2
122 2
123 2
124 2
125 1
126 2
127 1
128 2
129 2
130 2
131 1
132 1
133 2
134 2
135 1
136 1
137 1
138 2
139 2
140 1
141 1
142 2
143 1
144 1
145 1
146 1
147 2
148 1
149 2
150 2
151 1
152 1
153 2
154 2
155 2
156 1
157 2
158 1
159 2
160 2
161 1
162 2
163 1
164 2
165 1
166 2
167 1
168 1
169 2
170 2
171 1
172 2
173 1
174 2
175 2
176 2
177 1
178 1
179 2
180 2
181 1
182 1
183 1
184 2
185 1
186 1
187 2
188 2
189 1
190 1
191 2
192 2
193 2
194 2
195 2
196 2
197 1
198 1
199 2
200 2
201 2
202 2
203 1
204 1
205 1
206 1
207 1
208 1
209 1
210 2
211 2
212 2
213 2
214 2
215 1
216 1
217 2
218 2
219 2
220 2
221 1
222 2
223 2
224 1
225 2
226 2
227 2
228 2
229 1
230 1
231 2
232 2
233 1
234 1
235 1
236 2
237 2
238 2
239 2
240 2
241 1
242 1
243 2
244 2
245 2
246 2
247 2
248 1
249 1
250 2
251 2
252 1
253 1
254 1
255 1
256 1
257 2
258 1
259 2
260 1
261 2
262 1
263 2
264 1
265 1
266 1
267 1
268 1
269 1
270 1
271 1
272 1
273 2
274 2
275 2
276 2
277 2
278 1
279 1
280 1
281 1
282 2
283 2
284 1
285 1
286 2
287 1
288 1
289 2
290 2
291 1
292 2
293 1
294 1
295 1
296 2
297 2
298 2
299 2
300 2
301 1
302 2
303 2
304 1
305 1
306 1
307 2
308 1
309 1
310 1
311 2
312 2
313 1
314 2
315 1
316 1
317 2
318 1
319 1
320 1
321 2
322 1
323 1
324 1
325 1
326 2
327 1
328 1
329 2
330 2
331 2
332 2
333 1
334 2
335 1
336 2
337 2
338 1
339 1
340 2
341 1
342 2
343 2
344 2
345 2
346 1
347 1
348 2
349 2
350 2
351 1
352 2
353 1
354 1
355 1
356 1
357 1
358 1
359 2
360 1
361 2
362 1
363 2
364 2
365 2
366 2
367 1
368 2
369 1
370 2
371 2
372 1
373 1
374 1
375 1
376 1
377 1
378 1
379 2
380 2
381 1
382 1
383 2
384 1
385 1
386 2
387 1
388 1
389 1
390 1
391 2
392 1
393 1
394 1
395 2
396 2
397 1
398 2
399 2
400 1
401 2
402 2
403 2
404 1
405 1
406 1
407 1
408 2
409 2
410 1
411 2
412 2
413 1
414 1
415 2
416 1
417 2
418 2
419 1
420 2
421 2
422 2
423 1
424 1
425 2
426 1
427 2
428 1
429 2
430 1
431 2
432 1
433 1
434 2
435 2
436 2
437 2
438 2
439 1
440 1
441 1
442 1
443 1
444 1
445 2
446 1
447 1
448 2
449 1
450 2
451 2
452 1
453 2
454 1
455 2
456 2
457 2
458 2
459 1
460 2
461 1
462 1
463 2
464 2
465 2
466 2
467 1
468 2
469 1
470 2
471 2
472 2
473 1
474 2
475 2
476 1
477 1
478 1
479 1
480 2
481 2
482 1
483 2
484 1
485 1
486 1
487 1
488 1
489 1
490 2
491 2
492 2
493 1
494 2
495 1
496 1
497 2
498 2
499 1
500 1
501 1
502 1
503 2
504 1
505 1
506 2
507 1
508 2
509 1
510 2
511 1
512 1
513 1
514 1
515 1
516 2
517 1
518 2
519 2
520 2
521 2
522 1
523 2
524 2
525 2
526 1
527 1
528 2
529 2
530 2
531 1
532 2
533 2
534 1
535 2
536 1
537 1
538 2
539 1
540 2
541 1
542 1
543 2
544 1
545 2
546 1
547 1
548 1
549 1
550 1
551 1
552 1
553 1
554 1
555 2
556 2
557 1
558 1
559 1
560 2
561 2
562 1
563 2
564 1
565 1
566 2
567 2
568 2
569 2
570 2
571 2
572 1
573 2
574 2
575 1
576 1
577 1
578 1
579 2
580 1
581 2
582 2
583 2
584 1
585 2
586 1
587 1
588 2
589 2
590 2
591 1
592 1
593 1
594 1
595 1
596 2
597 2
598 1
599 2
600 1
601 1
602 2
603 2
604 1
605 2
606 1
607 1
608 2
609 2
610 2
611 1
612 1
613 1
614 1
615 1
616 1
617 2
618 2
619 1
620 2
621 1
622 1
623 2
624 2
625 2
626 2
627 2
628 1
629 2
630 1
631 1
632 2
633 1
634 2
635 1
636 1
637 1
638 2
639 1
640 1
641 1
642 2
643 1
644 1
645 1
646 2
647 1
648 2
649 2
650 1
651 2
652 1
653 1
654 2
655 1
656 2
657 2
658 2
659 1
660 2
661 1
662 1
663 2
664 1
665 1
666 2
667 2
668 1
669 2
670 1
671 1
672 1
673 2
674 1
675 2
676 1
677 2
678 2
679 2
680 1
681 2
682 1
683 2
684 2
685 2
686 2
687 2
688 2
689 2
690 2
691 2
692 1
693 2
694 1
695 2
696 2
697 2
698 1
699 2
700 2
701 1
702 1
703 2
704 2
705 1
706 1
707 1
708 1
709 2
710 2
711 1
712 1
713 1
714 1
715 1
716 1
717 1
718 2
719 1
720 1
721 1
722 2
723 2
724 1
725 2
726 2
727 2
728 1
729 2
730 2
731 2
732 1
733 1
734 2
735 1
736 1
737 2
738 2
739 2
740 2
741 2
742 2
743 1
744 2
745 2
746 2
747 1
748 1
749 2
750 1
751 2
752 2
753 2
754 2
755 1
756 2
757 2
758 2
759 1
760 2
761 1
762 1
763 1
764 1
765 2
766 1
767 2
768 2
769 1
770 2
771 1
772 1
773 2
774 1
775 2
776 2
777 2
778 1
779 1
780 1
781 2
782 2
783 1
784 2
785 2
786 1
787 2
788 1
789 1
790 2
791 2
792 1
793 1
794 1
795 2
796 2
797 1
798 1
799 1
800 2
801 1
802 2
803 2
804 2
805 2
806 2
807 1
808 2
809 2
810 2
811 2
812 2
813 1
814 1
815 1
816 1
817 1
818 1
819 2
820 2
821 1
822 1
823 2
824 1
825 2
826 1
827 2
828 1
829 1
830 2
831 2
832 2
833 1
834 1
835 2
836 2
837 2
838 2
839 2
840 2
841 1
842 2
843 1
844 1
845 1
846 1
847 2
848 1
849 2
850 1
851 2
852 1
853 1
854 2
855 1
856 2
857 2
858 1
859 2
860 2
861 2
862 1
863 2
864 2
865 2
866 1
867 1
868 2
869 2
870 2
871 1
872 2
873 1
874 2
875 2
876 1
877 2
878 2
879 1
880 1
881 2
882 1
883 1
884 1
885 1
886 2
887 1
888 1
889 2
890 1
891 2
892 1
893 1
894 2
895 1
896 2
897 1
898 2
899 2
900 2
901 1
902 2
903 1
904 1
905 1
906 1
907 1
908 2
909 1
910 1
911 2
912 1
913 2
914 1
915 2
916 2
917 2
918 2
919 1
920 2
921 1
922 1
923 2
924 1
925 1
926 2
927 2
928 1
929 1
930 2
931 2
932 2
933 2
934 1
935 2
936 2
937 2
938 1
939 1
940 2
941 1
942 1
943 1
944 2
945 2
946 1
947 2
948 2
949 1
950 1
951 1
952 1
953 1
954 2
955 1
956 1
957 1
958 1
959 2
960 1
961 1
962 1
963 1
964 2
965 1
966 2
967 2
968 1
969 1
970 1
971 2
972 1
973 1
974 2
975 2
976 2
977 1
978 1
979 1
980 1
981 2
982 2
983 1
984 2
985 1
986 1
987 1
988 2
989 2
990 2
991 1
992 1
993 1
994 2
995 1
996 1
997 2
998 2
999 2
1000 1
