1 1
2 2
3 2
4 1
5 2
6 2
7 1
8 1
9 1
10 1
11 1
12 1
13 2
14 2
15 1
16 1
17 2
18 2
19 2
20 2
21 2
22 1
23 2
24 1
25 2
26 2
27 2
28 1
29 2
30 2
31 2
32 2
33 2
34 2
35 2
36 2
37 2
38 2
39 2
40 2
41 2
42 1
43 1
44 2
45 2
46 2
47 2
48 2
49 1
50 2
51 2
52 2
53 2
54 1
55 2
56 1
57 2
58 2
59 1
60 1
61 2
62 1
63 2
64 1
65 2
66 2
67 2
68 2
69 1
70 2
71 2
72 2
73 2
74 1
75 1
76 1
77 2
78 1
79 1
80 2
81 1
82 2
83 2
84 1
85 1
86 1
87 2
88 1
89 2
90 1
91 2
92 1
93 1
94 1
95 1
96 1
97 2
98 1
99 2
100 1
101 1
102 1
103 1
104 1
105 2
106 2
107 1
108 2
109 2
110 1
111 1
112 1
113 2
114 1
115 1
116 1
117 1
118 1
119 2
120 2
121 1
122 1
123 2
124 1
125 1
126 2
127 1
128 2
129 1
130 2
131 1
132 2
133 2
134 2
135 1
136 2
137 1
138 2
139 1
140 2
141 2
142 2
143 1
144 2
145 2
146 2
147 1
148 1
149 1
150 2
151 2
152 2
153 1
154 2
155 2
156 1
157 1
158 1
159 2
160 2
161 1
162 2
163 2
164 1
165 1
166 2
167 1
168 2
169 1
170 1
171 1
172 1
173 2
174 1
175 1
176 2
177 1
178 1
179 2
180 2
181 1
182 2
183 2
184 1
185 1
186 2
187 2
188 2
189 1
190 2
191 1
192 2
193 1
194 2
195 2
196 2
197 1
198 2
199 2
200 2
201 2
202 1
203 2
204 2
205 2
206 2
207 2
208 2
209 2
210 1
211 1
212 2
213 1
214 2
215 2
216 2
217 1
218 2
219 1
220 2
221 1
222 2
223 1
224 2
225 2
226 1
227 2
228 2
229 1
230 1
231 2
232 1
233 1
234 1
235 1
236 1
237 2
238 2
239 1
240 2
241 2
242 1
243 2
244 2
245 1
246 2
247 1
248 2
249 1
250 2
251 2
252 2
253 1
254 2
255 1
256 1
257 2
258 2
259 2
260 2
261 2
262 2
263 1
264 1
265 2
266 2
267 2
268 2
269 1
270 2
271 2
272 2
273 2
274 2
275 2
276 2
277 2
278 2
279 1
280 1
281 2
282 2
283 2
284 2
285 1
286 1
287 1
288 1
289 2
290 2
291 1
292 2
293 2
294 1
295 1
296 1
297 1
298 1
299 1
300 2
301 2
302 2
303 1
304 2
305 1
306 2
307 2
308 1
309 1
310 1
311 1
312 2
313 1
314 2
315 1
316 2
317 2
318 2
319 1
320 1
321 1
322 2
323 2
324 2
325 1
326 1
327 1
328 1
329 2
330 1
331 2
332 2
333 1
334 2
335 1
336 1
337 2
338 2
339 1
340 1
341 2
342 1
343 1
344 2
345 1
346 2
347 2
348 1
349 1
350 2
351 2
352 1
353 2
354 1
355 1
356 2
357 2
358 1
359 2
360 2
361 2
362 2
363 2
364 2
365 1
366 1
367 2
368 2
369 1
370 1
371 2
372 2
373 2
374 1
375 2
376 1
377 2
378 1
379 1
380 2
381 1
382 2
383 2
384 1
385 1
386 1
387 1
388 2
389 1
390 2
391 2
392 1
393 1
394 2
395 1
396 2
397 2
398 1
399 2
400 2
401 2
402 2
403 1
404 1
405 1
406 1
407 1
408 2
409 1
410 1
411 2
412 1
413 2
414 2
415 1
416 1
417 2
418 2
419 1
420 2
421 2
422 1
423 2
424 1
425 1
426 2
427 1
428 1
429 1
430 1
431 1
432 1
433 2
434 1
435 1
436 1
437 1
438 1
439 2
440 1
441 1
442 2
443 2
444 1
445 1
446 2
447 1
448 1
449 1
450 1
451 2
452 2
453 1
454 1
455 1
456 1
457 2
458 1
459 2
460 2
461 2
462 2
463 2
464 2
465 1
466 2
467 1
468 1
469 1
470 2
471 1
472 1
473 1
474 2
475 2
476 2
477 2
478 1
479 1
480 2
481 2
482 1
483 2
484 1
485 2
486 1
487 2
488 1
489 2
490 2
491 2
492 2
493 1
494 2
495 1
496 2
497 1
498 1
499 2
500 1
501 1
502 1
503 1
504 1
505 1
506 1
507 2
508 1
509 1
510 2
511 2
512 2
513 2
514 2
515 2
516 2
517 2
518 1
519 2
520 1
521 1
522 2
523 1
524 2
525 1
526 2
527 1
528 2
529 2
530 1
531 1
532 2
533 2
534 1
535 2
536 1
537 1
538 1
539 2
540 2
541 2
542 1
543 1
544 2
545 1
546 1
547 2
548 1
549 2
550 1
551 2
552 2
553 1
554 1
555 2
556 1
557 1
558 2
559 2
560 2
561 2
562 2
563 1
564 2
565 1
566 1
567 2
568 1
569 1
570 1
571 1
572 2
573 1
574 2
575 1
576 2
577 1
578 1
579 1
580 1
581 1
582 2
583 1
584 2
585 2
586 1
587 1
588 1
589 1
590 1
591 2
592 2
593 1
594 2
595 2
596 1
597 2
598 1
599 2
600 2
601 2
602 2
603 2
604 2
605 2
606 2
607 2
608 1
609 2
610 1
611 2
612 2
613 1
614 1
615 2
616 2
617 1
618 1
619 2
620 2
621 2
622 2
623 1
624 2
625 2
626 2
627 1
628 1
629 2
630 1
631 1
632 2
633 2
634 1
635 1
636 1
637 2
638 1
639 1
640 2
641 1
642 1
643 2
644 2
645 1
646 1
647 2
648 2
649 2
650 1
651 2
652 1
653 2
654 2
655 2
656 2
657 1
658 1
659 1
660 1
661 2
662 1
663 1
664 2
665 2
666 2
667 1
668 2
669 2
670 2
671 2
672 1
673 2
674 1
675 2
676 2
677 2
678 1
679 2
680 1
681 2
682 1
683 1
684 2
685 2
686 1
687 1
688 1
689 2
690 2
691 1
692 1
693 1
694 2
695 1
696 1
697 2
698 2
699 1
700 1
701 2
702 2
703 2
704 1
705 2
706 2
707 1
708 2
709 2
710 2
711 2
712 1
713 2
714 2
715 2
716 1
717 1
718 1
719 1
720 1
721 1
722 1
723 2
724 2
725 1
726 2
727 2
728 2
729 2
730 1
731 1
732 1
733 2
734 1
735 1
736 1
737 2
738 2
739 1
740 1
741 2
742 1
743 2
744 2
745 2
746 1
747 1
748 2
749 2
750 2
751 1
752 1
753 1
754 2
755 2
756 1
757 2
758 1
759 1
760 2
761 2
762 1
763 1
764 2
765 1
766 2
767 2
768 1
769 2
770 2
771 1
772 2
773 1
774 2
775 2
776 1
777 2
778 1
779 1
780 1
781 1
782 2
783 2
784 1
785 2
786 1
787 1
788 2
789 2
790 1
791 1
792 2
793 1
794 1
795 1
796 2
797 1
798 2
799 1
800 2
801 1
802 1
803 1
804 2
805 2
806 2
807 2
808 1
809 1
810 2
811 1
812 2
813 1
814 1
815 1
816 1
817 2
818 1
819 2
820 2
821 2
822 1
823 1
824 1
825 1
826 2
827 1
828 1
829 2
830 2
831 1
832 1
833 1
834 1
835 2
836 1
837 1
838 2
839 1
840 2
841 1
842 2
843 1
844 1
845 1
846 1
847 1
848 2
849 1
850 1
851 1
852 2
853 2
854 1
855 1
856 1
857 1
858 2
859 1
860 2
861 1
862 1
863 1
864 1
865 1
866 1
867 1
868 2
869 2
870 2
871 2
872 2
873 2
874 1
875 2
876 2
877 2
878 1
879 2
880 1
881 1
882 2
883 2
884 2
885 2
886 2
887 2
888 1
889 1
890 1
891 2
892 1
893 2
894 2
895 1
896 1
897 1
898 1
899 2
900 1
901 2
902 1
903 2
904 1
905 2
906 2
907 2
908 2
909 2
910 2
911 1
912 2
913 1
914 1
915 1
916 1
917 2
918 2
919 2
920 1
921 1
922 2
923 1
924 2
925 2
926 1
927 2
928 1
929 2
930 2
931 1
932 2
933 2
934 2
935 1
936 1
937 2
938 1
939 1
940 1
941 1
942 2
943 2
944 2
945 1
946 1
947 1
948 1
949 1
950 1
951 1
952 2
953 1
954 2
955 1
956 1
957 2
958 2
959 1
960 1
961 1
962 1
963 1
964 1
965 1
966 2
967 1
968 2
969 2
970 1
971 1
972 1
973 1
974 2
975 1
976 1
977 2
978 1
979 1
980 1
981 1
982 1
983 2
984 1
985 1
986 2
987 2
988 1
989 2
990 2
991 2
992 2
993 1
994 1
995 2
996 2
997 1
998 1
999 1
1000 1
