1 1
2 2
3 1
4 2
5 1
6 1
7 2
8 2
9 2
10 2
11 1
12 2
13 2
14 1
15 1
16 2
17 1
18 1
19 2
20 2
21 1
22 2
23 2
24 1
25 2
26 1
27 1
28 2
29 2
30 1
31 1
32 2
33 2
34 1
35 2
36 1
37 2
38 1
39 2
40 2
41 2
42 1
43 2
44 2
45 1
46 2
47 1
48 1
49 2
50 2
51 2
52 2
53 1
54 1
55 1
56 1
57 1
58 1
59 1
60 1
61 2
62 1
63 1
64 1
65 1
66 2
67 2
68 1
69 1
70 2
71 1
72 1
73 2
74 1
75 2
76 2
77 2
78 1
79 2
80 2
81 1
82 1
83 2
84 2
85 2
86 1
87 1
88 2
89 1
90 1
91 2
92 2
93 1
94 2
95 2
96 1
97 1
98 1
99 2
100 1
101 1
102 1
103 1
104 2
105 1
106 1
107 1
108 2
109 2
110 2
111 1
112 1
113 2
114 2
115 1
116 1
117 2
118 1
119 1
120 2
121 1
122 1
123 2
124 1
125 2
126 1
127 1
128 1
129 1
130 2
131 2
132 1
133 2
134 1
135 1
136 2
137 2
138 1
139 1
140 2
141 2
142 2
143 1
144 2
145 1
146 1
147 2
148 1
149 1
150 1
151 1
152 1
153 1
154 1
155 1
156 2
157 2
158 1
159 2
160 2
161 2
162 1
163 2
164 1
165 2
166 1
167 1
168 2
169 2
170 2
171 2
172 2
173 1
174 2
175 1
176 2
177 2
178 2
179 2
180 2
181 2
182 2
183 2
184 1
185 1
186 1
187 2
188 2
189 2
190 1
191 1
192 2
193 1
194 1
195 2
196 2
197 2
198 1
199 1
200 2
201 2
202 1
203 1
204 1
205 1
206 2
207 1
208 2
209 2
210 1
211 2
212 2
213 1
214 2
215 2
216 1
217 1
218 2
219 2
220 1
221 2
222 2
223 1
224 2
225 1
226 2
227 1
228 1
229 2
230 2
231 2
232 2
233 1
234 1
235 1
236 2
237 1
238 1
239 2
240 1
241 2
242 1
243 1
244 1
245 2
246 1
247 2
248 1
249 1
250 1
251 1
252 2
253 2
254 2
255 2
256 1
257 2
258 1
259 2
260 2
261 2
262 1
263 2
264 1
265 1
266 2
267 1
268 2
269 1
270 2
271 2
272 2
273 2
274 2
275 1
276 2
277 2
278 1
279 2
280 1
281 1
282 1
283 2
284 1
285 1
286 1
287 1
288 1
289 2
290 1
291 1
292 2
293 1
294 2
295 1
296 1
297 2
298 2
299 2
300 1
301 2
302 2
303 2
304 1
305 1
306 2
307 1
308 2
309 2
310 2
311 1
312 1
313 2
314 1
315 1
316 2
317 2
318 2
319 2
320 1
321 1
322 1
323 1
324 2
325 2
326 1
327 1
328 1
329 1
330 1
331 1
332 2
333 1
334 1
335 1
336 1
337 1
338 2
339 1
340 2
341 1
342 2
343 2
344 1
345 1
346 2
347 2
348 2
349 1
350 1
351 1
352 1
353 1
354 1
355 2
356 2
357 2
358 2
359 1
360 2
361 1
362 2
363 2
364 1
365 2
366 2
367 1
368 2
369 2
370 1
371 1
372 2
373 2
374 1
375 1
376 2
377 2
378 1
379 2
380 2
381 1
382 1
383 2
384 1
385 2
386 2
387 1
388 2
389 1
390 1
391 1
392 1
393 1
394 2
395 1
396 2
397 2
398 1
399 2
400 1
401 2
402 2
403 1
404 2
405 1
406 2
407 1
408 2
409 2
410 1
411 1
412 1
413 2
414 2
415 2
416 1
417 2
418 1
419 1
420 1
421 1
422 2
423 2
424 2
425 1
426 1
427 2
428 1
429 1
430 2
431 2
432 2
433 1
434 2
435 1
436 2
437 2
438 2
439 2
440 1
441 1
442 2
443 1
444 2
445 2
446 1
447 2
448 2
449 1
450 2
451 2
452 2
453 2
454 1
455 1
456 1
457 2
458 2
459 1
460 1
461 2
462 2
463 2
464 1
465 1
466 1
467 2
468 1
469 2
470 2
471 2
472 1
473 2
474 2
475 1
476 1
477 2
478 1
479 1
480 1
481 2
482 1
483 1
484 2
485 1
486 1
487 1
488 1
489 1
490 1
491 1
492 1
493 2
494 2
495 1
496 1
497 1
498 1
499 2
500 2
501 1
502 2
503 1
504 2
505 2
506 1
507 1
508 1
509 2
510 1
511 1
512 2
513 2
514 2
515 2
516 2
517 2
518 1
519 2
520 2
521 1
522 2
523 1
524 2
525 1
526 1
527 2
528 1
529 1
530 2
531 2
532 2
533 1
534 1
535 1
536 1
537 1
538 1
539 2
540 2
541 2
542 1
543 1
544 2
545 2
546 2
547 1
548 1
549 2
550 2
551 1
552 2
553 1
554 2
555 1
556 2
557 2
558 1
559 1
560 2
561 1
562 1
563 2
564 2
565 1
566 1
567 2
568 2
569 1
570 2
571 2
572 1
573 1
574 2
575 2
576 1
577 2
578 1
579 1
580 1
581 2
582 2
583 1
584 1
585 2
586 2
587 2
588 2
589 2
590 1
591 2
592 2
593 1
594 1
595 2
596 2
597 2
598 2
599 1
600 2
601 1
602 1
603 1
604 1
605 1
606 2
607 2
608 1
609 2
610 1
611 1
612 1
613 2
614 2
615 1
616 1
617 2
618 2
619 1
620 1
621 2
622 1
623 1
624 2
625 1
626 1
627 1
628 2
629 1
630 1
631 1
632 2
633 1
634 1
635 1
636 1
637 1
638 1
639 1
640 1
641 2
642 1
643 2
644 1
645 2
646 1
647 1
648 2
649 2
650 2
651 2
652 2
653 2
654 1
655 2
656 2
657 2
658 2
659 1
660 2
661 1
662 2
663 1
664 1
665 1
666 2
667 2
668 2
669 1
670 2
671 2
672 1
673 1
674 1
675 1
676 1
677 1
678 1
679 2
680 1
681 1
682 2
683 1
684 2
685 2
686 1
687 1
688 2
689 2
690 1
691 2
692 1
693 1
694 1
695 2
696 2
697 1
698 1
699 2
700 1
701 1
702 2
703 1
704 2
705 1
706 2
707 2
708 2
709 2
710 1
711 2
712 2
713 1
714 1
715 1
716 2
717 2
718 1
719 1
720 2
721 2
722 1
723 2
724 1
725 2
726 1
727 2
728 2
729 2
730 1
731 1
732 2
733 2
734 2
735 2
736 1
737 1
738 2
739 2
740 2
741 2
742 2
743 2
744 2
745 1
746 2
747 2
748 1
749 2
750 1
751 2
752 2
753 1
754 2
755 1
756 2
757 1
758 1
759 2
760 1
761 2
762 2
763 1
764 2
765 1
766 1
767 2
768 1
769 1
770 2
771 2
772 1
773 1
774 1
775 1
776 1
777 2
778 1
779 1
780 2
781 2
782 1
783 1
784 1
785 2
786 1
787 2
788 1
789 1
790 2
791 1
792 1
793 2
794 2
795 1
796 2
797 2
798 2
799 2
800 1
801 2
802 1
803 1
804 2
805 1
806 2
807 2
808 2
809 2
810 2
811 1
812 2
813 2
814 2
815 1
816 2
817 1
818 2
819 1
820 1
821 1
822 1
823 2
824 2
825 1
826 2
827 1
828 1
829 1
830 1
831 2
832 1
833 1
834 2
835 2
836 2
837 1
838 2
839 1
840 1
841 1
842 1
843 1
844 2
845 2
846 1
847 2
848 2
849 2
850 1
851 1
852 1
853 2
854 1
855 2
856 2
857 1
858 1
859 1
860 1
861 2
862 2
863 1
864 1
865 1
866 1
867 2
868 1
869 1
870 1
871 1
872 1
873 2
874 1
875 1
876 2
877 1
878 2
879 2
880 1
881 1
882 1
883 1
884 1
885 1
886 1
887 2
888 2
889 2
890 2
891 2
892 2
893 2
894 1
895 1
896 2
897 2
898 2
899 2
900 1
901 2
902 2
903 1
904 2
905 1
906 1
907 1
908 2
909 1
910 2
911 2
912 1
913 2
914 2
915 1
916 1
917 1
918 1
919 2
920 1
921 2
922 2
923 1
924 1
925 2
926 2
927 2
928 1
929 2
930 1
931 1
932 2
933 2
934 1
935 1
936 2
937 1
938 1
939 2
940 1
941 1
942 1
943 2
944 2
945 2
946 2
947 1
948 2
949 2
950 2
951 1
952 1
953 1
954 2
955 2
956 1
957 2
958 1
959 2
960 1
961 2
962 2
963 2
964 1
965 1
966 1
967 1
968 2
969 1
970 1
971 1
972 1
973 2
974 2
975 2
976 1
977 1
978 2
979 1
980 2
981 1
982 2
983 1
984 1
985 1
986 1
987 2
988 2
989 1
990 1
991 1
992 2
993 1
994 1
995 2
996 1
997 2
998 2
999 1
1000 1
