1 1
2 1
3 1
4 1
5 2
6 2
7 2
8 1
9 2
10 2
11 1
12 2
13 1
14 1
15 2
16 1
17 2
18 2
19 1
20 2
21 1
22 1
23 2
24 2
25 2
26 1
27 1
28 2
29 2
30 2
31 1
32 2
33 2
34 1
35 2
36 1
37 1
38 1
39 2
40 1
41 2
42 1
43 1
44 1
45 1
46 1
47 2
48 1
49 1
50 1
51 2
52 1
53 1
54 2
55 1
56 2
57 1
58 2
59 1
60 2
61 1
62 2
63 1
64 2
65 1
66 1
67 1
68 1
69 2
70 2
71 2
72 2
73 2
74 1
75 2
76 2
77 1
78 1
79 1
80 1
81 1
82 1
83 1
84 2
85 2
86 2
87 2
88 1
89 1
90 1
91 1
92 2
93 1
94 1
95 1
96 1
97 2
98 2
99 2
100 2
101 1
102 2
103 2
104 1
105 2
106 2
107 2
108 1
109 1
110 2
111 1
112 2
113 1
114 2
115 2
116 2
117 2
118 1
119 2
120 1
121 2
122 1
123 2
124 2
125 2
126 2
127 2
128 1
129 2
130 2
131 2
132 1
133 1
134 2
135 1
136 1
137 1
138 1
139 2
140 2
141 2
142 1
143 1
144 1
145 1
146 2
147 1
148 2
149 1
150 2
151 1
152 1
153 1
154 2
155 1
156 1
157 1
158 2
159 1
160 1
161 1
162 1
163 2
164 1
165 2
166 2
167 1
168 1
169 1
170 2
171 1
172 2
173 1
174 1
175 1
176 1
177 1
178 2
179 2
180 1
181 2
182 1
183 2
184 2
185 2
186 2
187 1
188 1
189 1
190 2
191 1
192 2
193 2
194 1
195 2
196 2
197 1
198 2
199 2
200 1
201 2
202 1
203 2
204 2
205 2
206 2
207 2
208 1
209 1
210 1
211 2
212 1
213 1
214 2
215 1
216 1
217 2
218 1
219 2
220 2
221 2
222 2
223 2
224 1
225 2
226 2
227 1
228 1
229 1
230 1
231 1
232 2
233 2
234 1
235 1
236 1
237 2
238 1
239 1
240 2
241 1
242 1
243 1
244 1
245 1
246 1
247 2
248 2
249 2
250 2
251 1
252 1
253 1
254 1
255 2
256 1
257 1
258 2
259 2
260 1
261 2
262 1
263 2
264 1
265 2
266 1
267 2
268 2
269 1
270 1
271 1
272 1
273 2
274 1
275 2
276 1
277 1
278 1
279 1
280 2
281 1
282 1
283 1
284 1
285 1
286 2
287 2
288 1
289 1
290 1
291 1
292 1
293 1
294 1
295 1
296 1
297 1
298 2
299 2
300 2
301 2
302 1
303 1
304 1
305 2
306 1
307 1
308 2
309 1
310 2
311 1
312 2
313 1
314 1
315 2
316 1
317 1
318 1
319 1
320 1
321 1
322 2
323 1
324 1
325 1
326 2
327 1
328 2
329 2
330 1
331 2
332 1
333 1
334 1
335 1
336 2
337 1
338 1
339 1
340 2
341 1
342 2
343 1
344 1
345 2
346 2
347 2
348 2
349 2
350 1
351 2
352 2
353 1
354 1
355 2
356 2
357 1
358 1
359 1
360 1
361 1
362 2
363 1
364 2
365 2
366 2
367 2
368 1
369 2
370 1
371 1
372 1
373 1
374 2
375 2
376 1
377 2
378 1
379 1
380 2
381 2
382 2
383 1
384 2
385 1
386 2
387 1
388 1
389 2
390 2
391 2
392 2
393 1
394 1
395 2
396 2
397 2
398 2
399 1
400 2
401 1
402 1
403 1
404 1
405 2
406 2
407 2
408 1
409 2
410 2
411 1
412 1
413 2
414 1
415 1
416 1
417 1
418 1
419 2
420 1
421 1
422 1
423 1
424 2
425 1
426 1
427 1
428 2
429 1
430 1
431 1
432 1
433 1
434 1
435 1
436 1
437 2
438 1
439 1
440 2
441 1
442 1
443 2
444 1
445 2
446 1
447 2
448 2
449 2
450 1
451 2
452 2
453 2
454 2
455 1
456 1
457 2
458 2
459 1
460 2
461 2
462 2
463 2
464 2
465 2
466 2
467 2
468 2
469 2
470 1
471 1
472 2
473 1
474 1
475 1
476 1
477 2
478 2
479 2
480 2
481 2
482 1
483 2
484 2
485 1
486 1
487 1
488 2
489 2
490 1
491 2
492 2
493 1
494 1
495 1
496 1
497 1
498 2
499 1
500 1
501 1
502 2
503 2
504 1
505 2
506 2
507 2
508 1
509 1
510 1
511 2
512 2
513 2
514 2
515 1
516 1
517 2
518 2
519 1
520 2
521 2
522 1
523 2
524 2
525 2
526 1
527 1
528 2
529 2
530 1
531 2
532 1
533 1
534 2
535 2
536 2
537 1
538 2
539 2
540 1
541 1
542 1
543 2
544 2
545 2
546 1
547 2
548 2
549 2
550 2
551 2
552 2
553 2
554 1
555 1
556 2
557 1
558 2
559 1
560 1
561 2
562 2
563 1
564 2
565 2
566 2
567 1
568 2
569 2
570 2
571 2
572 1
573 2
574 2
575 1
576 2
577 1
578 1
579 2
580 2
581 2
582 2
583 1
584 1
585 2
586 1
587 1
588 2
589 1
590 1
591 1
592 2
593 2
594 2
595 2
596 1
597 1
598 1
599 1
600 1
601 1
602 2
603 2
604 1
605 2
606 2
607 2
608 1
609 2
610 1
611 1
612 2
613 2
614 1
615 2
616 2
617 2
618 2
619 2
620 2
621 2
622 2
623 2
624 1
625 2
626 1
627 1
628 2
629 2
630 1
631 2
632 2
633 2
634 2
635 2
636 2
637 2
638 2
639 2
640 1
641 1
642 2
643 1
644 2
645 2
646 1
647 2
648 1
649 2
650 1
651 2
652 1
653 1
654 1
655 2
656 1
657 2
658 2
659 1
660 1
661 1
662 1
663 2
664 2
665 2
666 2
667 1
668 2
669 1
670 1
671 2
672 2
673 1
674 2
675 2
676 2
677 2
678 1
679 1
680 1
681 2
682 2
683 1
684 1
685 1
686 1
687 2
688 1
689 1
690 1
691 1
692 2
693 1
694 1
695 1
696 1
697 1
698 2
699 1
700 2
701 2
702 2
703 2
704 1
705 1
706 2
707 1
708 1
709 1
710 1
711 2
712 1
713 1
714 1
715 2
716 2
717 2
718 1
719 1
720 2
721 2
722 2
723 2
724 1
725 1
726 1
727 1
728 2
729 1
730 2
731 2
732 2
733 2
734 2
735 2
736 2
737 1
738 2
739 1
740 1
741 1
742 2
743 2
744 1
745 1
746 1
747 1
748 2
749 1
750 2
751 2
752 1
753 1
754 1
755 2
756 1
757 2
758 1
759 2
760 1
761 1
762 1
763 1
764 2
765 2
766 2
767 1
768 1
769 1
770 1
771 2
772 2
773 2
774 1
775 1
776 1
777 1
778 1
779 1
780 2
781 2
782 2
783 2
784 2
785 1
786 1
787 1
788 2
789 1
790 2
791 2
792 2
793 1
794 1
795 2
796 2
797 1
798 2
799 1
800 2
801 1
802 1
803 1
804 2
805 2
806 1
807 2
808 1
809 2
810 1
811 2
812 2
813 2
814 1
815 2
816 2
817 2
818 2
819 2
820 2
821 1
822 1
823 1
824 2
825 1
826 2
827 1
828 2
829 1
830 1
831 1
832 2
833 1
834 1
835 1
836 2
837 2
838 1
839 2
840 1
841 1
842 2
843 1
844 2
845 2
846 1
847 2
848 2
849 1
850 1
851 1
852 2
853 1
854 1
855 1
856 2
857 1
858 1
859 1
860 2
861 1
862 2
863 1
864 1
865 2
866 1
867 2
868 1
869 2
870 1
871 1
872 2
873 2
874 2
875 2
876 2
877 2
878 2
879 1
880 2
881 1
882 2
883 1
884 2
885 1
886 1
887 1
888 2
889 2
890 2
891 1
892 2
893 1
894 1
895 1
896 1
897 1
898 1
899 1
900 2
901 2
902 1
903 2
904 2
905 2
906 1
907 2
908 2
909 2
910 2
911 2
912 2
913 2
914 2
915 2
916 1
917 2
918 2
919 1
920 2
921 2
922 2
923 1
924 1
925 2
926 2
927 1
928 2
929 2
930 1
931 1
932 2
933 2
934 2
935 2
936 2
937 1
938 2
939 1
940 2
941 1
942 1
943 2
944 1
945 2
946 1
947 1
948 2
949 1
950 1
951 2
952 1
953 1
954 2
955 2
956 2
957 1
958 2
959 1
960 2
961 2
962 1
963 1
964 2
965 1
966 2
967 1
968 1
969 2
970 2
971 1
972 2
973 1
974 1
975 1
976 1
977 2
978 1
979 1
980 1
981 2
982 2
983 2
984 2
985 2
986 2
987 2
988 1
989 1
990 1
991 2
992 2
993 2
994 1
995 2
996 2
997 1
998 1
999 1
1000 1
