1 2
2 2
3 2
4 1
5 2
6 2
7 2
8 1
9 1
10 2
11 1
12 1
13 1
14 2
15 2
16 2
17 2
18 1
19 1
20 2
21 1
22 2
23 2
24 1
25 1
26 2
27 2
28 2
29 2
30 1
31 1
32 2
33 1
34 2
35 1
36 1
37 1
38 2
39 1
40 2
41 2
42 2
43 2
44 2
45 1
46 2
47 2
48 2
49 2
50 1
51 2
52 2
53 1
54 1
55 1
56 1
57 2
58 2
59 1
60 2
61 2
62 2
63 2
64 1
65 1
66 2
67 1
68 1
69 2
70 2
71 2
72 2
73 1
74 2
75 2
76 2
77 1
78 1
79 2
80 2
81 1
82 2
83 1
84 1
85 1
86 1
87 1
88 1
89 1
90 2
91 2
92 2
93 1
94 2
95 1
96 2
97 1
98 1
99 1
100 2
101 2
102 1
103 2
104 1
105 1
106 2
107 1
108 1
109 2
110 1
111 1
112 2
113 1
114 2
115 2
116 1
117 2
118 2
119 1
120 1
121 2
122 1
123 1
124 1
125 1
126 1
127 2
128 1
129 2
130 1
131 2
132 1
133 2
134 2
135 2
136 1
137 2
138 1
139 1
140 1
141 2
142 1
143 1
144 1
145 1
146 2
147 1
148 1
149 1
150 2
151 2
152 1
153 1
154 2
155 2
156 2
157 2
158 2
159 1
160 1
161 1
162 2
163 2
164 2
165 2
166 2
167 2
168 2
169 1
170 2
171 1
172 1
173 2
174 1
175 2
176 1
177 1
178 1
179 1
180 1
181 1
182 2
183 1
184 2
185 2
186 2
187 2
188 1
189 2
190 1
191 2
192 1
193 1
194 2
195 2
196 2
197 2
198 1
199 2
200 1
201 2
202 1
203 1
204 2
205 2
206 2
207 1
208 2
209 2
210 1
211 1
212 1
213 2
214 2
215 2
216 1
217 2
218 1
219 2
220 2
221 2
222 1
223 1
224 2
225 1
226 2
227 1
228 1
229 2
230 1
231 2
232 2
233 1
234 1
235 1
236 1
237 2
238 2
239 1
240 2
241 2
242 1
243 2
244 1
245 2
246 1
247 2
248 1
249 2
250 2
251 1
252 1
253 2
254 1
255 2
256 2
257 1
258 2
259 2
260 1
261 2
262 2
263 1
264 2
265 2
266 1
267 1
268 1
269 2
270 1
271 2
272 2
273 1
274 1
275 1
276 2
277 1
278 2
279 2
280 2
281 1
282 1
283 1
284 2
285 1
286 2
287 1
288 1
289 1
290 1
291 1
292 2
293 1
294 2
295 2
296 2
297 2
298 1
299 1
300 2
301 2
302 2
303 1
304 1
305 1
306 1
307 1
308 1
309 2
310 1
311 2
312 1
313 2
314 1
315 2
316 2
317 1
318 1
319 2
320 2
321 2
322 1
323 2
324 2
325 2
326 2
327 2
328 1
329 1
330 2
331 2
332 1
333 1
334 2
335 1
336 2
337 1
338 2
339 1
340 1
341 1
342 2
343 1
344 1
345 2
346 1
347 2
348 2
349 2
350 1
351 1
352 1
353 1
354 1
355 2
356 2
357 2
358 2
359 2
360 2
361 1
362 1
363 2
364 2
365 1
366 2
367 2
368 1
369 1
370 1
371 1
372 1
373 2
374 1
375 1
376 2
377 2
378 1
379 2
380 1
381 2
382 1
383 1
384 2
385 2
386 1
387 1
388 1
389 1
390 2
391 1
392 2
393 2
394 1
395 1
396 2
397 2
398 1
399 2
400 1
401 2
402 2
403 1
404 2
405 1
406 1
407 2
408 1
409 2
410 1
411 2
412 2
413 1
414 1
415 1
416 1
417 1
418 2
419 2
420 1
421 1
422 2
423 2
424 2
425 1
426 1
427 1
428 2
429 1
430 2
431 2
432 2
433 1
434 1
435 1
436 2
437 2
438 1
439 2
440 2
441 1
442 2
443 2
444 2
445 1
446 1
447 2
448 1
449 2
450 1
451 1
452 1
453 2
454 2
455 2
456 1
457 2
458 1
459 1
460 1
461 1
462 1
463 1
464 2
465 2
466 1
467 2
468 2
469 2
470 1
471 2
472 2
473 1
474 2
475 1
476 2
477 2
478 2
479 1
480 1
481 1
482 2
483 1
484 2
485 2
486 2
487 2
488 2
489 1
490 1
491 2
492 1
493 1
494 1
495 1
496 1
497 2
498 2
499 2
500 1
501 1
502 2
503 2
504 2
505 2
506 2
507 2
508 1
509 2
510 1
511 2
512 1
513 2
514 2
515 2
516 1
517 1
518 2
519 1
520 1
521 2
522 1
523 1
524 1
525 1
526 2
527 2
528 2
529 2
530 2
531 2
532 1
533 2
534 1
535 1
536 1
537 1
538 2
539 1
540 1
541 1
542 2
543 1
544 2
545 2
546 1
547 1
548 1
549 1
550 1
551 2
552 2
553 1
554 2
555 1
556 2
557 2
558 2
559 1
560 1
561 2
562 2
563 2
564 2
565 2
566 1
567 2
568 1
569 2
570 1
571 1
572 2
573 1
574 2
575 1
576 1
577 2
578 1
579 2
580 2
581 1
582 2
583 2
584 1
585 2
586 2
587 1
588 1
589 2
590 2
591 2
592 1
593 2
594 1
595 2
596 2
597 2
598 1
599 2
600 1
601 1
602 1
603 1
604 1
605 2
606 2
607 1
608 2
609 2
610 1
611 2
612 2
613 1
614 1
615 2
616 2
617 1
618 2
619 2
620 1
621 2
622 1
623 2
624 2
625 2
626 2
627 2
628 2
629 2
630 1
631 1
632 1
633 1
634 2
635 1
636 1
637 2
638 2
639 2
640 2
641 1
642 2
643 2
644 1
645 1
646 2
647 2
648 1
649 2
650 2
651 2
652 1
653 2
654 1
655 1
656 1
657 2
658 1
659 1
660 1
661 1
662 2
663 1
664 2
665 1
666 1
667 2
668 1
669 2
670 2
671 2
672 2
673 1
674 1
675 2
676 2
677 1
678 1
679 2
680 1
681 1
682 2
683 2
684 1
685 1
686 2
687 2
688 1
689 1
690 2
691 2
692 2
693 1
694 2
695 1
696 1
697 1
698 1
699 1
700 2
701 1
702 2
703 2
704 1
705 2
706 1
707 1
708 1
709 2
710 2
711 1
712 2
713 2
714 1
715 1
716 2
717 1
718 1
719 1
720 2
721 1
722 2
723 2
724 1
725 1
726 1
727 2
728 2
729 2
730 1
731 2
732 1
733 2
734 1
735 1
736 1
737 1
738 2
739 2
740 1
741 2
742 1
743 2
744 2
745 1
746 2
747 2
748 2
749 2
750 2
751 2
752 2
753 2
754 2
755 2
756 2
757 1
758 2
759 1
760 1
761 2
762 1
763 2
764 2
765 2
766 1
767 1
768 2
769 2
770 1
771 1
772 2
773 1
774 2
775 2
776 1
777 2
778 2
779 1
780 1
781 1
782 1
783 1
784 2
785 2
786 2
787 1
788 2
789 1
790 1
791 1
792 1
793 1
794 1
795 1
796 1
797 2
798 2
799 2
800 2
801 1
802 1
803 1
804 2
805 1
806 2
807 2
808 2
809 1
810 1
811 1
812 2
813 1
814 1
815 1
816 1
817 1
818 2
819 1
820 1
821 2
822 1
823 1
824 1
825 1
826 2
827 2
828 2
829 1
830 1
831 2
832 1
833 2
834 1
835 2
836 1
837 1
838 1
839 2
840 2
841 2
842 2
843 2
844 1
845 1
846 1
847 1
848 2
849 1
850 1
851 2
852 1
853 1
854 2
855 1
856 1
857 2
858 2
859 2
860 1
861 2
862 2
863 2
864 2
865 1
866 2
867 2
868 1
869 1
870 1
871 2
872 1
873 1
874 1
875 1
876 2
877 2
878 1
879 1
880 2
881 2
882 2
883 1
884 2
885 1
886 2
887 2
888 1
889 1
890 1
891 2
892 1
893 1
894 2
895 2
896 1
897 2
898 1
899 1
900 2
901 2
902 2
903 1
904 2
905 2
906 2
907 2
908 1
909 1
910 1
911 2
912 2
913 1
914 1
915 2
916 1
917 2
918 1
919 2
920 2
921 1
922 1
923 2
924 2
925 1
926 1
927 2
928 1
929 1
930 2
931 2
932 1
933 2
934 2
935 1
936 2
937 2
938 2
939 2
940 1
941 1
942 2
943 2
944 1
945 2
946 1
947 2
948 2
949 2
950 2
951 2
952 2
953 1
954 1
955 1
956 1
957 1
958 1
959 1
960 1
961 2
962 1
963 1
964 2
965 2
966 2
967 2
968 1
969 1
970 2
971 2
972 1
973 2
974 1
975 1
976 2
977 1
978 1
979 2
980 1
981 2
982 2
983 1
984 2
985 2
986 1
987 2
988 1
989 2
990 1
991 1
992 1
993 1
994 2
995 1
996 2
997 2
998 1
999 2
1000 2
