1 1
2 1
3 1
4 2
5 2
6 2
7 2
8 2
9 2
10 1
11 1
12 1
13 2
14 1
15 2
16 2
17 1
18 2
19 2
20 2
21 2
22 2
23 1
24 2
25 2
26 2
27 2
28 1
29 1
30 1
31 2
32 1
33 2
34 2
35 2
36 1
37 1
38 1
39 2
40 1
41 1
42 2
43 1
44 2
45 2
46 1
47 1
48 2
49 2
50 1
51 2
52 2
53 2
54 1
55 1
56 2
57 2
58 2
59 2
60 1
61 2
62 2
63 2
64 2
65 1
66 2
67 2
68 1
69 2
70 2
71 2
72 2
73 1
74 2
75 1
76 2
77 2
78 1
79 2
80 1
81 2
82 1
83 1
84 1
85 1
86 1
87 1
88 2
89 2
90 1
91 2
92 2
93 1
94 1
95 2
96 1
97 2
98 2
99 2
100 2
101 2
102 2
103 1
104 2
105 1
106 2
107 2
108 2
109 1
110 1
111 1
112 1
113 2
114 2
115 1
116 1
117 2
118 1
119 2
120 1
121 1
122 2
123 1
124 1
125 1
126 1
127 1
128 1
129 1
130 1
131 2
132 2
133 2
134 1
135 2
136 2
137 2
138 1
139 2
140 1
141 2
142 1
143 1
144 1
145 2
146 1
147 2
148 2
149 1
150 1
151 1
152 1
153 2
154 1
155 2
156 1
157 1
158 1
159 1
160 2
161 1
162 2
163 1
164 2
165 1
166 2
167 1
168 1
169 1
170 1
171 2
172 2
173 2
174 1
175 1
176 1
177 1
178 1
179 1
180 2
181 1
182 1
183 2
184 2
185 2
186 2
187 1
188 2
189 1
190 2
191 2
192 1
193 2
194 2
195 1
196 1
197 1
198 1
199 1
200 2
201 1
202 2
203 2
204 2
205 2
206 1
207 1
208 2
209 2
210 1
211 1
212 1
213 1
214 1
215 2
216 1
217 1
218 2
219 1
220 2
221 1
222 1
223 1
224 1
225 1
226 1
227 2
228 1
229 1
230 1
231 1
232 2
233 2
234 2
235 1
236 2
237 1
238 2
239 1
240 1
241 2
242 2
243 1
244 1
245 2
246 2
247 2
248 1
249 1
250 2
251 1
252 2
253 2
254 2
255 1
256 2
257 1
258 2
259 1
260 2
261 1
262 1
263 1
264 2
265 2
266 2
267 1
268 1
269 1
270 2
271 1
272 2
273 2
274 2
275 2
276 1
277 2
278 1
279 1
280 1
281 2
282 2
283 1
284 1
285 1
286 2
287 2
288 1
289 2
290 1
291 2
292 1
293 2
294 1
295 2
296 1
297 1
298 2
299 2
300 1
301 2
302 2
303 1
304 1
305 2
306 1
307 1
308 2
309 2
310 1
311 1
312 2
313 2
314 2
315 1
316 2
317 2
318 1
319 2
320 2
321 1
322 2
323 1
324 2
325 1
326 2
327 2
328 2
329 2
330 1
331 2
332 2
333 1
334 1
335 1
336 2
337 1
338 1
339 1
340 1
341 2
342 2
343 2
344 1
345 2
346 1
347 1
348 2
349 2
350 2
351 2
352 2
353 2
354 1
355 1
356 1
357 1
358 2
359 2
360 2
361 1
362 2
363 2
364 2
365 1
366 1
367 2
368 2
369 1
370 1
371 2
372 1
373 2
374 2
375 1
376 2
377 1
378 2
379 2
380 1
381 2
382 2
383 2
384 1
385 1
386 2
387 1
388 2
389 2
390 2
391 2
392 1
393 2
394 2
395 2
396 2
397 1
398 2
399 2
400 1
401 2
402 1
403 1
404 2
405 1
406 2
407 1
408 2
409 1
410 1
411 2
412 2
413 2
414 1
415 1
416 2
417 2
418 1
419 2
420 2
421 1
422 1
423 1
424 1
425 2
426 1
427 2
428 1
429 1
430 1
431 1
432 2
433 1
434 1
435 2
436 1
437 1
438 1
439 2
440 2
441 1
442 1
443 2
444 1
445 1
446 2
447 1
448 2
449 2
450 1
451 2
452 1
453 2
454 2
455 1
456 1
457 2
458 2
459 1
460 2
461 2
462 2
463 1
464 1
465 1
466 2
467 2
468 2
469 1
470 1
471 1
472 2
473 2
474 1
475 1
476 1
477 2
478 1
479 1
480 1
481 2
482 2
483 2
484 1
485 2
486 2
487 2
488 1
489 1
490 1
491 2
492 1
493 2
494 2
495 2
496 2
497 2
498 1
499 1
500 2
501 1
502 2
503 1
504 1
505 1
506 2
507 1
508 1
509 2
510 1
511 2
512 2
513 2
514 1
515 1
516 1
517 2
518 1
519 1
520 1
521 2
522 1
523 1
524 1
525 1
526 2
527 2
528 1
529 1
530 2
531 1
532 1
533 2
534 1
535 1
536 1
537 2
538 1
539 2
540 1
541 2
542 2
543 1
544 1
545 2
546 2
547 1
548 2
549 1
550 1
551 1
552 2
553 2
554 1
555 2
556 1
557 1
558 2
559 1
560 1
561 1
562 2
563 2
564 2
565 1
566 1
567 2
568 1
569 1
570 2
571 1
572 2
573 2
574 1
575 2
576 1
577 1
578 2
579 2
580 2
581 1
582 1
583 1
584 1
585 1
586 2
587 1
588 2
589 1
590 2
591 1
592 2
593 2
594 2
595 1
596 2
597 1
598 2
599 1
600 1
601 1
602 1
603 1
604 1
605 2
606 1
607 1
608 2
609 1
610 1
611 2
612 2
613 2
614 2
615 2
616 2
617 2
618 1
619 2
620 1
621 2
622 2
623 2
624 2
625 2
626 2
627 1
628 1
629 2
630 1
631 2
632 1
633 2
634 1
635 1
636 2
637 2
638 2
639 1
640 1
641 2
642 1
643 2
644 1
645 2
646 1
647 2
648 1
649 1
650 2
651 2
652 2
653 1
654 2
655 1
656 2
657 2
658 2
659 1
660 1
661 2
662 2
663 2
664 1
665 1
666 1
667 1
668 1
669 1
670 1
671 2
672 1
673 2
674 1
675 1
676 2
677 1
678 2
679 1
680 1
681 1
682 1
683 1
684 1
685 1
686 1
687 1
688 2
689 2
690 2
691 2
692 2
693 2
694 2
695 1
696 2
697 2
698 2
699 1
700 2
701 2
702 2
703 1
704 1
705 2
706 2
707 1
708 2
709 1
710 2
711 2
712 1
713 2
714 2
715 2
716 1
717 2
718 1
719 2
720 2
721 1
722 1
723 2
724 2
725 2
726 2
727 1
728 2
729 1
730 1
731 1
732 1
733 1
734 1
735 1
736 1
737 1
738 1
739 1
740 2
741 2
742 2
743 1
744 2
745 2
746 2
747 2
748 1
749 1
750 1
751 1
752 2
753 2
754 2
755 1
756 2
757 2
758 2
759 2
760 1
761 1
762 2
763 1
764 1
765 2
766 2
767 2
768 1
769 1
770 1
771 2
772 1
773 2
774 2
775 1
776 2
777 2
778 1
779 1
780 1
781 2
782 1
783 1
784 2
785 1
786 2
787 1
788 1
789 2
790 1
791 1
792 1
793 1
794 1
795 2
796 1
797 2
798 2
799 2
800 1
801 1
802 1
803 1
804 2
805 1
806 1
807 2
808 1
809 2
810 1
811 1
812 2
813 2
814 1
815 2
816 1
817 1
818 1
819 2
820 2
821 2
822 1
823 2
824 2
825 2
826 2
827 1
828 2
829 1
830 1
831 2
832 1
833 2
834 2
835 2
836 1
837 1
838 2
839 2
840 2
841 1
842 2
843 1
844 1
845 1
846 1
847 1
848 2
849 2
850 2
851 2
852 1
853 2
854 2
855 2
856 2
857 2
858 1
859 2
860 2
861 1
862 2
863 1
864 2
865 1
866 1
867 1
868 2
869 2
870 1
871 2
872 1
873 2
874 1
875 1
876 2
877 2
878 2
879 2
880 2
881 2
882 2
883 2
884 2
885 2
886 1
887 2
888 2
889 2
890 2
891 1
892 1
893 2
894 2
895 2
896 1
897 2
898 2
899 2
900 2
901 1
902 2
903 1
904 2
905 1
906 2
907 1
908 1
909 1
910 2
911 2
912 2
913 1
914 2
915 1
916 2
917 2
918 1
919 1
920 2
921 2
922 1
923 2
924 1
925 1
926 1
927 2
928 1
929 1
930 2
931 2
932 2
933 2
934 1
935 1
936 2
937 1
938 2
939 1
940 1
941 1
942 2
943 2
944 2
945 2
946 1
947 2
948 2
949 1
950 2
951 2
952 1
953 2
954 1
955 2
956 1
957 2
958 2
959 1
960 1
961 2
962 2
963 2
964 2
965 1
966 1
967 1
968 1
969 1
970 2
971 1
972 2
973 2
974 2
975 1
976 1
977 1
978 2
979 2
980 1
981 1
982 2
983 2
984 2
985 2
986 2
987 1
988 2
989 1
990 2
991 2
992 2
993 2
994 1
995 2
996 1
997 1
998 2
999 2
1000 2
