1 1 1
1 4 1
1 6 2
2 1 1
2 5 1
2 6 1
2 7 1
2 8 2
2 10 1
3 1 1
3 6 2
3 10 1
4 1 1
4 2 2
4 7 1
4 8 2
4 9 1
4 10 1
5 1 1
5 3 1
5 6 1
5 7 1
5 9 2
5 10 2
6 1 1
6 7 1
6 10 2
7 1 2
8 3 2
8 4 2
8 5 1
8 6 2
8 7 1
8 9 1
9 1 1
9 4 2
9 7 1
9 8 2
9 9 2
9 10 2
10 1 1
10 3 1
10 8 2
10 9 1
10 10 1
11 1 1
11 10 1
12 7 1
13 1 1
13 8 1
13 9 1
13 10 2
14 1 1
14 2 2
14 5 2
14 6 1
14 8 1
15 1 1
15 2 2
15 5 2
15 6 2
15 7 1
15 9 1
16 1 1
16 3 1
17 1 2
17 2 2
17 9 2
17 10 2
18 1 2
18 5 2
18 7 2
19 1 1
19 6 1
19 8 2
19 9 2
19 10 1
20 1 2
20 9 2
21 1 1
21 4 1
21 10 1
22 2 2
22 4 1
22 8 1
22 10 1
23 1 2
23 2 2
23 10 1
24 2 2
24 3 2
24 4 1
24 7 2
24 9 2
24 10 2
25 1 1
25 2 2
25 4 2
25 7 1
25 10 1
26 1 2
26 7 2
26 8 2
26 9 2
26 10 2
27 1 2
27 7 2
28 1 1
28 5 2
28 6 1
28 10 1
29 1 1
29 6 1
29 10 1
30 1 1
30 5 1
30 6 2
30 10 1
31 2 2
31 6 2
31 7 2
31 10 1
32 1 2
32 2 2
32 5 2
32 6 2
32 7 1
32 10 2
33 1 1
33 2 1
33 6 1
33 7 2
34 1 1
34 3 1
34 5 1
34 9 1
35 1 1
35 2 1
35 7 1
35 8 2
35 9 1
35 10 1
36 1 1
36 4 1
36 5 2
36 7 2
36 10 1
37 1 1
37 2 1
37 8 1
37 10 1
38 7 2
39 1 2
39 3 1
39 10 2
40 1 2
40 2 2
40 3 2
40 6 2
41 1 2
41 2 2
41 4 2
41 6 2
41 10 2
42 1 2
42 2 1
42 6 2
42 7 1
43 1 1
43 3 1
43 4 2
43 10 1
44 1 1
44 2 2
44 5 2
44 9 2
44 10 2
45 1 1
45 5 2
45 10 1
46 2 2
46 4 2
46 5 1
46 8 2
46 10 2
47 1 1
47 3 1
47 4 1
47 5 2
47 6 1
47 7 2
47 10 1
48 3 1
49 1 1
49 2 2
49 5 2
49 7 1
49 10 1
50 1 2
50 2 2
50 8 2
50 10 1
51 1 1
51 3 1
51 6 1
51 7 1
51 9 2
52 3 2
52 9 2
53 1 2
53 5 2
53 8 2
53 9 2
54 1 2
54 3 1
54 5 2
54 7 1
54 10 2
55 1 1
55 2 2
55 3 1
55 8 1
55 10 1
56 1 2
56 2 1
56 8 2
56 10 2
57 1 2
57 4 1
57 5 2
58 1 1
58 8 1
58 9 2
59 4 1
59 7 2
60 1 1
60 2 1
60 7 2
61 1 1
61 3 1
61 7 2
62 1 2
62 6 2
62 9 1
62 10 2
63 2 2
63 8 2
63 10 2
65 1 2
65 2 2
65 7 2
65 10 2
66 1 1
66 2 1
66 6 1
66 10 2
67 1 1
67 3 2
67 8 1
68 1 1
68 4 2
68 7 1
68 10 1
69 2 1
69 3 1
69 6 2
69 7 2
69 10 2
70 2 1
70 8 1
70 9 2
70 10 2
71 1 2
71 4 2
71 6 2
71 7 1
71 10 2
72 1 2
72 3 2
72 4 1
72 7 2
72 10 2
73 1 1
73 2 1
73 3 1
73 8 2
74 1 1
74 7 1
74 9 1
74 10 1
75 1 1
75 2 2
75 3 2
75 9 2
76 1 1
76 4 2
76 10 2
77 1 1
77 2 2
77 7 2
77 8 1
77 10 1
78 1 1
78 7 1
78 10 1
79 1 2
79 2 1
79 3 2
79 7 2
79 10 2
80 1 2
80 3 2
80 10 2
81 1 2
81 4 1
81 8 2
81 10 2
82 1 1
82 10 2
83 2 2
83 9 2
83 10 2
84 1 2
84 2 2
84 5 2
84 6 2
84 10 1
85 1 2
85 2 2
85 3 2
85 7 2
85 9 2
86 1 2
87 1 2
87 7 1
87 9 2
87 10 1
88 1 1
88 3 1
88 6 2
88 10 1
89 2 1
89 6 1
89 7 1
89 8 1
89 10 1
90 1 1
90 2 2
90 3 2
90 7 2
90 10 1
91 1 1
91 3 1
91 10 2
92 2 2
92 8 2
92 9 2
92 10 1
93 1 1
93 2 1
93 3 1
93 4 1
93 10 1
94 4 2
94 6 2
94 7 2
94 8 2
94 10 2
95 1 1
95 2 2
95 3 1
95 4 1
95 6 1
95 7 2
95 10 1
96 1 1
96 4 1
96 7 2
96 8 1
96 10 2
97 1 1
97 3 2
97 4 2
97 6 2
97 10 2
98 3 1
98 6 1
98 8 1
98 10 2
99 1 1
100 1 2
100 7 1
100 8 1
100 10 2
101 1 2
101 7 1
101 10 1
102 1 1
102 7 1
102 8 1
102 10 1
103 1 2
103 3 2
103 4 2
103 7 2
103 9 2
103 10 2
104 1 2
104 4 2
104 5 2
104 6 2
104 9 2
104 10 2
105 2 1
105 4 2
105 6 1
105 7 1
105 10 2
106 1 1
106 4 2
106 10 2
107 1 2
107 2 2
107 4 1
107 6 2
107 7 2
107 9 2
108 1 2
108 2 2
108 6 2
108 7 2
108 8 2
108 10 2
109 4 2
109 5 2
109 6 2
109 7 2
109 9 1
109 10 2
110 1 2
110 2 2
110 4 2
110 7 1
110 10 2
111 1 2
111 2 2
112 1 2
112 2 2
112 9 2
112 10 2
113 1 1
113 8 1
114 1 2
114 3 2
114 4 1
114 6 2
114 7 2
114 8 2
115 2 1
115 10 2
116 1 1
116 2 1
116 6 2
116 10 1
117 2 2
117 5 2
117 6 2
117 8 1
117 10 2
118 2 2
118 4 1
119 1 2
119 2 2
119 6 2
119 9 2
120 1 2
120 10 2
121 1 1
121 3 1
121 5 1
121 8 2
122 6 2
123 1 1
123 2 1
123 4 2
123 5 1
123 10 1
124 1 1
124 7 2
124 9 2
124 10 2
125 8 2
125 10 2
126 1 1
126 3 1
126 8 1
127 1 2
127 8 2
127 9 2
128 1 1
128 2 1
128 10 1
129 1 1
129 7 2
130 1 1
130 2 2
130 7 2
130 8 1
130 10 2
131 1 2
131 7 2
131 10 2
132 1 1
132 2 1
132 3 1
132 5 2
132 10 1
133 1 1
133 2 1
133 4 1
133 7 2
134 1 2
134 2 1
134 4 1
134 6 2
134 10 2
135 1 1
135 5 2
135 6 2
135 7 2
135 8 2
135 10 2
136 1 1
136 2 1
136 10 1
137 1 1
137 2 2
137 5 2
137 7 2
137 10 2
138 3 1
138 6 1
138 8 1
138 10 2
139 1 1
139 10 1
140 1 1
140 4 2
140 6 2
140 8 2
140 9 2
141 1 1
141 2 1
141 3 1
141 4 1
141 6 2
142 1 2
142 9 1
143 1 2
143 5 2
143 10 2
144 1 2
144 5 2
144 9 2
144 10 2
145 1 1
145 5 2
145 6 2
146 5 2
146 6 1
146 7 2
146 10 1
147 5 2
147 7 2
147 8 1
147 10 2
148 1 2
148 2 2
148 6 1
148 7 1
148 10 2
149 1 2
149 10 2
150 1 1
150 9 1
150 10 1
151 1 2
151 2 2
151 6 2
151 7 1
151 9 1
151 10 1
152 1 1
152 3 1
152 4 2
152 6 1
152 7 2
152 8 1
152 10 2
153 1 1
153 2 2
153 3 1
154 1 1
154 6 2
154 8 1
155 1 1
155 7 1
155 10 1
156 1 2
156 4 2
156 6 2
156 8 1
157 5 1
157 9 2
157 10 2
158 10 2
159 1 1
159 2 2
159 3 1
159 4 1
159 6 1
160 5 1
160 6 2
160 7 1
160 8 1
161 1 1
161 2 1
162 1 1
162 3 1
162 6 1
162 8 1
162 10 1
163 1 1
163 2 1
163 5 2
163 7 1
163 10 2
164 4 2
164 9 1
165 5 1
165 6 2
165 7 1
166 1 2
166 5 2
166 7 1
166 9 2
166 10 2
167 2 2
167 3 2
167 6 2
167 10 2
168 2 1
168 3 2
168 7 2
168 8 2
168 10 2
169 1 2
169 2 2
169 9 2
170 1 1
170 2 1
170 6 2
170 7 2
170 10 1
171 1 1
171 2 1
171 3 1
171 6 1
172 1 2
172 2 2
172 7 1
172 8 2
172 9 2
173 1 2
173 2 2
173 8 2
173 10 2
174 1 2
174 3 2
174 4 1
174 6 2
174 7 2
174 10 2
175 1 2
175 2 1
175 6 2
175 7 2
175 8 1
176 1 1
176 2 2
176 6 2
176 7 2
176 8 2
176 10 1
177 1 1
177 9 1
177 10 1
178 1 2
178 2 2
178 7 2
178 10 2
179 3 1
179 6 1
179 9 2
179 10 1
180 1 1
180 3 1
180 6 1
180 9 1
180 10 1
181 2 2
181 7 1
181 10 1
182 1 1
182 3 1
182 4 1
182 6 1
182 9 1
182 10 1
183 1 1
183 8 1
184 1 1
184 5 2
184 7 2
184 8 1
185 1 1
185 2 1
185 3 1
185 6 2
185 7 1
186 1 2
186 3 2
186 8 1
186 10 2
187 1 2
187 4 1
188 1 1
188 2 2
188 5 2
188 9 1
189 1 1
189 6 2
189 8 1
189 10 2
190 2 1
190 3 1
190 8 2
191 1 2
191 2 2
191 6 2
191 10 1
192 1 1
192 6 1
192 9 2
193 1 1
193 7 1
193 10 1
194 1 1
194 3 1
194 6 1
194 7 2
194 10 1
195 1 1
195 2 2
195 4 1
195 9 2
195 10 2
196 1 1
196 2 1
196 6 2
196 8 2
196 10 1
197 1 2
197 6 2
198 1 2
198 2 2
198 4 2
198 6 1
198 7 2
198 8 1
198 10 1
199 7 2
199 8 2
200 7 2
200 10 2
201 1 2
201 7 1
201 8 1
201 9 1
201 10 2
202 1 2
202 5 2
202 7 2
202 10 1
203 1 1
203 2 2
203 4 1
203 5 2
203 6 2
203 8 2
203 10 1
204 1 1
204 2 1
204 3 1
204 6 1
204 7 2
204 9 1
205 1 2
205 2 2
205 7 2
205 10 1
206 1 2
206 2 2
206 6 2
206 10 2
207 2 1
207 7 2
207 9 1
208 1 2
208 6 2
208 8 2
208 10 2
209 1 2
209 6 2
209 10 2
210 1 1
210 9 2
211 1 1
211 8 1
211 10 1
212 1 1
212 2 2
212 5 1
212 6 2
213 1 1
213 6 1
213 7 1
214 1 1
214 8 1
215 1 1
215 2 2
215 4 1
215 8 2
215 9 2
215 10 2
216 1 1
216 7 1
216 9 2
217 2 1
218 1 1
218 3 1
218 4 1
218 7 2
218 8 2
218 10 1
219 1 1
219 2 2
219 7 1
219 10 2
220 1 1
220 2 2
221 1 1
221 2 1
221 6 2
221 7 1
221 10 1
222 1 1
222 4 1
222 6 2
222 7 1
222 9 2
222 10 2
223 4 2
223 5 1
223 10 2
224 1 1
224 2 1
224 3 1
224 6 1
224 9 1
224 10 1
225 1 1
225 4 1
225 6 1
225 7 1
226 1 2
226 2 1
226 6 2
226 7 2
226 8 2
227 2 2
227 6 1
227 7 1
227 10 1
228 1 2
228 10 2
229 2 2
229 9 1
229 10 2
230 1 2
230 5 2
230 6 2
230 9 2
230 10 1
231 1 1
231 8 1
231 10 1
232 1 1
232 2 2
232 8 2
233 1 2
233 2 2
233 5 1
233 7 2
234 1 1
234 5 1
234 10 2
235 1 2
235 2 1
235 6 2
235 8 2
235 10 2
236 1 2
236 3 1
236 4 2
236 5 2
237 6 1
237 9 1
237 10 2
238 1 1
239 1 1
239 2 1
239 7 1
239 9 1
239 10 2
240 1 1
240 2 1
240 4 1
240 7 1
240 10 1
241 1 2
241 2 1
241 3 2
241 4 2
241 10 2
242 1 1
242 6 1
242 7 1
242 10 1
243 1 1
243 5 2
243 10 1
244 1 2
244 2 2
244 8 2
244 10 2
245 1 2
245 2 2
245 6 2
245 7 2
245 10 2
246 1 1
246 2 1
246 6 2
246 8 1
247 1 2
247 3 2
247 4 1
247 5 2
247 8 2
247 9 1
248 1 2
248 2 2
248 6 2
248 7 2
248 9 2
249 1 1
249 9 1
249 10 1
250 2 1
250 4 1
250 5 2
250 6 1
250 9 1
251 1 1
251 2 2
251 7 1
251 8 2
251 10 1
252 1 1
252 2 1
253 1 2
253 2 2
253 4 1
253 7 1
253 10 2
254 1 1
254 2 2
254 7 1
254 8 2
254 10 1
255 1 2
255 10 2
256 1 1
256 2 1
256 6 1
256 7 1
256 9 1
256 10 1
257 6 1
257 7 2
257 10 1
258 6 1
258 10 1
259 1 1
259 8 1
259 10 1
260 1 1
260 10 2
261 1 1
261 2 1
261 7 1
261 9 2
262 1 2
262 7 1
262 10 2
263 1 1
263 2 2
263 9 1
264 2 2
264 9 2
264 10 1
265 1 1
265 10 1
266 1 1
266 5 2
266 6 1
266 7 2
267 1 1
267 2 1
267 3 1
267 6 1
267 7 1
267 10 2
268 3 1
268 4 1
268 6 1
268 8 1
268 10 2
269 1 1
269 7 1
269 8 2
269 10 2
270 1 2
270 2 1
270 4 2
270 5 1
270 9 2
270 10 2
271 1 2
272 1 1
272 6 2
272 8 2
273 1 2
273 2 2
273 3 1
273 6 2
273 7 1
273 10 2
274 2 1
274 8 2
274 10 2
275 1 2
275 4 2
275 6 2
275 10 2
276 2 2
276 3 2
276 4 1
277 1 2
277 7 2
277 10 2
278 1 1
278 6 2
278 7 2
278 9 2
278 10 2
279 1 1
279 2 2
279 5 2
279 6 2
279 7 2
279 8 1
279 9 1
279 10 2
280 1 2
280 2 1
280 3 1
280 6 2
280 8 2
280 10 2
281 1 1
281 5 2
281 7 2
282 1 1
282 2 2
282 6 1
282 7 1
282 10 1
283 1 2
283 4 2
283 10 2
284 1 1
284 2 2
284 6 1
284 7 1
284 8 1
284 10 2
285 1 1
285 2 1
285 5 2
285 10 1
286 1 1
286 3 1
286 4 1
286 8 1
286 10 1
287 1 2
287 2 2
287 3 2
287 6 2
287 10 2
288 1 1
288 4 2
288 8 2
288 10 1
289 1 1
289 4 1
289 6 1
289 8 2
290 1 1
290 2 1
290 6 1
290 7 2
290 8 1
290 10 1
291 1 2
291 2 1
291 3 2
291 7 1
291 10 2
292 2 2
292 4 2
292 8 1
292 9 1
292 10 2
293 1 2
293 3 2
293 4 1
293 6 2
293 7 1
293 10 1
294 1 2
294 2 1
295 1 2
295 5 1
295 7 2
295 10 2
296 1 2
296 2 2
296 5 2
296 6 2
296 10 2
297 1 1
297 7 2
297 10 1
298 1 1
298 3 2
298 6 2
299 1 1
299 7 1
300 1 2
300 2 1
301 1 1
301 2 1
301 6 2
301 9 1
301 10 1
302 10 1
303 2 1
303 3 2
303 6 2
303 7 2
303 10 2
304 1 1
304 3 2
304 8 1
305 1 1
305 2 2
306 1 1
306 3 1
306 4 1
306 8 2
306 9 2
307 1 1
307 2 1
307 3 1
307 6 1
307 10 2
308 2 2
309 1 1
309 4 1
309 9 1
310 1 1
310 6 1
310 7 1
310 10 1
311 3 2
311 4 1
311 7 2
311 8 2
311 9 1
312 1 2
312 2 1
312 4 2
312 5 2
312 6 2
312 7 2
312 10 1
313 3 1
313 5 1
313 6 1
313 10 1
314 1 1
314 2 2
314 6 1
315 1 1
315 2 1
315 3 1
315 6 1
316 1 1
316 2 2
316 6 2
316 7 2
316 9 2
317 1 2
317 7 2
317 9 2
317 10 2
318 1 1
318 5 2
318 10 2
319 1 2
319 5 2
319 8 2
319 10 2
320 1 1
320 4 2
320 10 2
321 1 1
321 2 2
321 4 2
321 6 1
321 7 2
321 9 1
321 10 1
322 1 2
322 6 2
322 7 2
322 8 2
322 9 2
322 10 2
323 5 1
323 8 1
323 10 2
324 1 1
324 10 2
325 1 2
325 2 2
325 5 1
325 7 1
326 1 1
326 2 2
326 7 1
327 1 1
327 2 1
327 7 2
327 10 2
328 2 2
328 6 2
328 10 2
329 1 1
329 3 1
329 10 1
330 1 2
330 5 1
330 8 2
331 1 1
331 4 1
331 5 1
331 7 1
332 1 1
332 10 2
333 1 1
333 2 2
333 7 1
334 1 2
334 3 2
335 1 2
335 6 2
335 7 2
335 9 2
335 10 2
336 1 2
336 2 1
336 6 2
336 10 2
337 1 2
337 3 1
337 10 2
338 1 1
338 6 2
339 1 1
339 6 1
339 8 1
339 10 1
340 1 2
340 5 1
341 1 2
341 2 2
341 9 1
342 1 2
342 3 2
342 4 2
342 7 2
342 8 2
342 9 1
343 1 1
343 2 2
344 1 1
344 4 1
344 6 1
344 9 1
344 10 2
345 2 1
345 4 1
345 6 2
345 8 1
345 10 2
346 1 1
346 2 2
346 3 1
346 7 1
346 10 2
347 1 1
347 2 2
347 3 1
347 5 1
347 7 1
348 2 1
348 7 1
348 10 1
349 1 1
349 2 2
349 4 1
349 10 1
350 1 1
350 2 2
350 3 1
350 4 1
350 7 1
350 10 1
351 1 2
351 5 2
352 1 2
352 2 1
352 4 1
352 6 2
352 8 2
353 1 1
353 6 1
353 7 1
353 8 1
353 10 2
354 2 1
354 7 1
354 8 1
354 10 1
355 1 2
355 5 2
355 9 1
355 10 2
356 1 1
356 2 2
356 4 1
356 10 2
357 1 1
357 2 1
357 6 2
357 10 2
358 1 1
358 2 1
358 7 1
358 10 2
359 3 2
359 4 1
359 6 2
359 7 2
359 10 2
360 2 2
360 3 1
360 4 2
360 5 2
360 7 1
361 1 1
361 2 2
361 10 1
362 1 1
362 3 2
362 7 1
363 1 2
363 2 2
363 4 1
363 7 2
363 10 2
364 1 2
364 6 1
364 8 2
365 7 2
365 10 1
366 1 1
366 3 2
366 6 2
366 7 2
366 10 1
367 1 2
367 6 2
367 7 2
368 1 2
368 10 2
369 1 2
369 2 1
369 3 2
369 7 1
369 9 2
370 1 1
370 6 1
370 7 1
370 8 1
370 9 2
371 1 1
371 2 2
371 4 1
371 5 1
371 6 1
371 10 1
372 1 2
372 2 2
372 6 2
372 8 2
373 1 1
373 3 1
373 4 2
373 6 1
373 7 1
373 8 2
373 10 1
374 1 1
374 2 2
374 4 2
374 5 2
374 6 1
374 8 1
374 9 2
374 10 2
375 1 2
375 2 1
375 5 2
375 7 2
375 8 2
376 1 2
376 2 1
376 3 2
376 8 2
376 9 1
376 10 2
377 1 1
377 5 2
377 7 2
377 10 2
378 1 2
378 2 2
378 6 2
378 7 2
378 9 1
379 1 1
379 9 1
380 1 2
380 2 1
380 6 2
380 7 2
380 10 2
381 1 2
381 3 2
381 7 1
381 10 2
382 1 2
382 4 1
383 1 1
383 2 1
383 10 2
384 1 1
384 2 2
384 3 1
384 6 2
384 7 1
384 10 1
385 1 2
385 2 1
385 7 2
385 10 2
386 1 2
386 4 1
387 1 1
387 3 1
387 8 1
388 1 2
388 2 2
388 3 2
388 4 1
388 10 2
389 1 1
389 3 1
389 4 2
389 7 2
389 10 1
390 1 2
390 2 2
390 5 2
391 1 2
391 4 2
391 6 2
391 7 2
391 8 1
391 10 2
392 1 1
392 2 1
392 3 1
392 4 2
392 7 1
392 10 1
393 1 1
393 7 1
393 10 1
394 2 2
394 4 1
394 10 2
395 1 2
395 4 1
395 6 2
395 10 2
396 1 1
396 3 1
396 4 2
396 7 2
396 8 2
397 1 2
397 6 2
397 7 1
397 8 2
397 10 2
398 7 2
398 10 2
399 1 2
399 9 2
399 10 2
400 1 1
400 2 1
400 10 2
401 1 2
401 8 1
402 1 1
402 4 1
402 6 1
402 10 1
403 1 2
403 2 2
403 4 2
403 6 2
403 7 2
403 8 1
403 10 1
404 4 2
404 5 1
404 6 1
404 10 1
405 1 2
405 5 2
405 9 2
406 1 2
406 2 2
406 4 2
406 5 2
406 7 2
406 10 2
407 1 2
407 5 1
407 7 1
408 1 1
408 6 1
409 2 2
409 3 1
409 5 2
409 7 1
409 8 1
409 9 1
410 1 1
410 4 1
410 10 1
411 1 1
411 6 2
412 1 2
412 3 2
412 8 1
412 9 1
412 10 2
413 1 1
413 2 1
413 5 1
413 7 1
413 10 1
415 1 2
415 2 1
415 7 2
415 8 1
415 10 2
416 1 1
416 2 2
416 4 1
416 5 1
416 7 2
416 10 1
417 1 1
417 3 1
417 6 2
417 8 2
417 10 1
418 1 2
418 7 1
418 10 2
419 2 1
419 3 2
419 7 2
419 9 1
420 1 2
421 2 2
421 5 2
421 7 1
421 9 1
422 1 1
422 7 1
422 9 2
423 1 1
423 6 1
423 7 1
423 10 1
424 1 1
424 2 1
424 3 1
424 5 2
424 7 1
424 8 1
425 1 1
426 1 1
426 2 2
426 4 1
426 7 2
426 9 1
426 10 1
427 1 1
427 4 2
427 6 1
427 7 1
427 10 1
428 2 1
428 3 1
428 5 2
428 6 2
428 9 1
428 10 1
429 1 1
429 2 2
429 10 1
430 1 2
430 4 1
430 5 2
430 6 2
430 7 1
430 10 2
431 3 2
431 4 2
431 9 2
431 10 1
432 7 2
432 9 2
433 1 1
434 2 2
434 6 2
434 7 2
434 9 2
434 10 1
435 1 2
435 6 2
435 7 1
436 1 1
436 2 2
436 9 2
436 10 1
437 1 2
437 2 2
437 5 1
437 7 1
437 8 2
437 10 2
438 2 1
438 4 2
438 10 1
439 6 2
440 1 2
440 3 2
440 6 2
440 9 1
440 10 2
441 1 1
441 2 1
441 6 2
441 7 1
441 10 2
442 5 2
442 6 1
442 7 2
442 8 1
442 10 2
443 1 1
443 5 2
443 7 1
443 9 2
444 1 2
444 3 2
444 6 2
444 7 2
444 8 2
445 1 1
445 7 1
445 10 1
446 1 2
446 6 2
446 7 2
447 1 2
447 5 2
447 7 2
447 8 2
447 9 2
448 2 2
448 3 2
448 5 1
448 8 2
448 9 2
449 1 2
449 7 1
449 9 2
449 10 2
450 1 2
450 2 2
450 3 1
450 8 1
450 10 2
451 1 1
451 2 2
451 8 2
451 9 2
451 10 1
452 1 2
452 2 1
452 7 2
452 10 1
453 4 2
453 5 2
453 9 1
453 10 1
454 1 1
454 7 1
454 8 1
454 10 2
455 1 1
455 2 2
455 10 2
456 2 2
456 4 2
456 7 2
456 10 1
457 1 1
457 3 2
457 8 2
457 9 2
457 10 2
458 1 1
458 2 2
458 7 1
458 8 1
458 9 1
458 10 1
459 1 2
459 3 2
459 6 2
460 1 2
460 3 2
460 7 2
461 1 1
461 2 2
461 5 2
461 7 2
461 8 1
462 1 1
462 2 1
462 3 1
462 4 2
462 10 1
463 6 2
463 7 2
463 10 2
464 7 2
464 8 1
464 9 1
464 10 1
465 1 2
465 2 2
465 6 2
465 7 2
465 10 2
466 1 2
466 3 2
466 7 1
466 10 2
467 1 1
467 2 2
467 6 2
467 7 2
467 10 1
468 1 2
468 4 1
468 6 2
468 7 2
468 10 2
469 1 2
469 2 1
469 6 2
469 7 2
469 10 2
470 1 2
470 3 2
470 6 2
470 9 2
470 10 1
471 1 2
471 2 2
471 6 2
472 1 1
472 3 1
472 9 2
472 10 1
473 2 2
473 3 1
473 4 1
473 6 2
473 7 2
473 8 2
474 6 1
474 10 2
475 2 1
475 3 2
475 4 2
475 10 2
476 1 2
476 2 2
476 7 2
476 9 1
477 1 2
477 3 2
477 5 2
477 7 2
477 8 1
477 10 2
478 2 1
478 5 1
478 8 2
478 10 1
479 1 1
479 3 1
479 7 2
479 9 1
479 10 1
480 2 1
480 3 2
480 5 2
480 8 1
480 9 2
481 1 2
481 6 2
481 8 1
481 10 2
482 8 2
482 10 1
483 1 1
483 5 1
483 6 1
483 7 1
483 10 2
484 1 2
484 6 2
484 7 1
484 9 2
485 2 1
485 6 2
485 7 1
485 9 2
486 1 2
486 2 2
486 4 1
486 10 1
487 1 1
487 2 1
487 4 1
487 7 2
487 8 1
487 9 1
487 10 1
488 7 1
488 10 1
489 3 2
489 8 1
489 10 1
490 1 2
490 8 2
490 10 2
491 1 2
491 5 2
491 10 1
492 1 2
492 5 1
492 6 2
492 10 2
493 1 1
493 7 2
493 10 2
494 1 2
494 2 1
494 7 1
494 8 2
494 10 1
495 1 1
495 5 1
495 6 2
495 7 1
495 10 1
496 1 2
496 7 2
497 8 1
497 9 2
497 10 2
498 5 2
498 7 1
498 10 2
499 1 1
499 6 2
499 7 1
500 1 1
500 2 2
500 7 1
500 10 2
501 2 1
501 6 1
501 9 1
501 10 1
502 1 2
502 2 1
502 5 1
502 7 1
502 8 2
502 10 1
503 1 1
503 2 1
503 4 1
503 7 2
503 9 1
503 10 1
504 1 1
504 2 1
504 3 1
504 6 2
504 9 2
504 10 1
505 7 2
505 10 2
506 1 2
506 2 2
506 7 2
507 1 2
507 2 1
507 8 2
508 1 2
508 5 2
508 7 1
508 10 2
509 1 2
509 2 2
509 3 2
509 4 1
509 7 1
509 9 2
509 10 1
510 1 2
510 2 2
511 3 1
511 5 2
511 10 2
512 1 1
512 2 2
512 3 1
512 10 1
513 3 2
513 4 2
513 7 1
514 7 2
514 9 1
514 10 2
515 1 1
515 4 1
515 6 2
515 10 1
516 7 2
517 1 1
517 2 2
517 3 1
518 1 1
518 5 2
518 6 2
518 8 1
518 9 1
519 1 2
519 2 2
519 4 1
519 6 2
519 8 1
519 10 2
520 1 2
520 2 2
520 3 2
520 7 2
520 8 2
520 9 2
521 2 1
521 6 2
521 7 2
521 8 1
521 10 2
522 1 1
522 4 1
522 6 2
522 7 1
522 10 2
523 1 1
523 2 1
523 7 1
523 9 1
523 10 1
524 1 2
524 4 1
524 10 1
525 1 1
525 2 2
525 4 1
525 7 2
525 9 2
525 10 2
526 4 1
526 10 2
527 7 1
528 1 1
528 2 2
528 3 1
528 4 1
528 6 1
528 7 1
529 1 1
529 4 2
529 6 1
529 7 2
530 2 1
530 7 2
530 10 2
531 1 2
531 2 2
531 4 2
531 9 1
532 4 2
532 7 1
532 10 1
533 1 1
533 2 2
533 4 1
533 6 1
533 7 2
533 10 2
534 1 2
534 6 2
534 7 1
534 10 2
535 8 1
535 9 1
535 10 1
536 2 2
536 3 2
536 4 2
536 5 2
536 7 2
536 9 2
536 10 2
537 1 1
537 2 2
537 4 2
537 6 2
537 8 1
537 9 2
537 10 2
538 2 2
538 5 2
538 9 2
539 2 2
539 3 2
539 4 1
539 9 1
539 10 2
540 1 2
540 7 2
540 8 2
540 10 2
541 2 2
541 4 1
541 10 2
542 1 1
542 2 1
542 3 2
542 6 2
542 9 1
542 10 1
543 1 2
543 2 2
543 4 1
543 5 1
544 1 1
544 2 2
544 3 2
544 5 1
544 6 1
544 7 2
545 1 2
545 2 2
545 7 2
545 9 1
545 10 1
546 1 1
546 6 1
546 7 1
546 8 1
546 9 1
547 7 2
547 10 1
548 1 1
548 10 1
549 3 2
549 5 2
549 6 1
549 7 2
549 10 1
550 1 1
550 6 2
550 7 1
551 1 1
551 3 2
551 8 1
551 10 1
552 1 1
552 4 2
552 7 1
552 9 2
553 5 2
553 10 1
554 1 1
554 2 1
554 3 1
554 8 2
555 1 2
555 2 2
555 10 2
556 1 2
556 6 2
556 7 2
556 10 2
557 1 1
557 6 1
557 7 1
557 10 1
558 1 1
558 2 2
558 6 2
558 7 2
558 10 2
559 6 1
559 10 2
560 3 1
560 5 2
560 7 1
560 8 2
560 9 1
560 10 1
561 1 2
561 7 2
561 10 2
562 1 2
562 2 1
562 6 2
562 7 2
562 8 1
562 10 1
563 4 2
563 7 1
563 10 1
564 1 2
564 2 2
564 4 1
564 8 2
565 1 1
565 2 2
565 6 2
565 10 2
566 6 1
566 7 1
566 10 2
567 1 1
567 2 2
567 7 1
567 9 2
567 10 2
568 2 2
568 6 2
568 7 2
569 1 2
569 10 1
570 1 1
570 2 2
570 4 2
570 6 1
570 9 2
571 1 2
571 3 2
571 6 2
571 7 1
572 1 1
572 5 2
573 1 2
573 5 1
573 10 2
574 1 2
574 10 2
575 1 1
575 2 2
575 10 1
576 1 1
576 2 1
576 7 1
576 10 2
577 1 2
577 2 2
577 7 1
577 9 2
577 10 2
578 1 1
578 2 2
578 6 1
578 7 2
578 8 2
578 9 2
578 10 1
579 1 2
579 8 1
579 9 2
579 10 1
580 4 2
580 6 1
580 7 2
580 10 1
581 2 2
581 3 1
581 4 1
581 5 2
581 6 2
581 8 2
581 9 1
581 10 2
582 1 2
582 2 2
582 10 2
583 1 1
583 4 2
583 7 2
583 8 2
583 10 1
584 1 2
584 2 1
584 5 1
584 10 2
585 1 1
585 2 2
585 4 2
585 7 1
585 10 1
586 4 2
586 5 2
586 7 2
587 1 1
587 4 1
587 5 2
587 10 2
588 2 2
588 4 2
588 10 2
589 1 1
589 6 2
590 1 2
590 5 1
590 7 1
590 8 2
591 1 1
591 2 1
591 3 1
591 7 1
591 10 2
592 1 2
592 2 2
592 3 1
592 6 2
592 7 2
592 9 2
593 1 2
593 4 2
593 5 2
593 7 1
593 10 2
594 1 1
594 6 2
594 10 2
595 2 2
595 3 2
595 6 2
595 8 2
596 2 1
596 3 1
596 7 1
596 9 1
596 10 2
597 4 2
597 5 2
597 10 2
598 1 2
598 2 1
598 5 1
598 7 1
598 8 2
598 9 2
598 10 2
599 1 1
599 4 1
599 6 1
599 9 2
599 10 2
600 2 1
600 3 1
600 7 1
600 9 1
600 10 2
601 1 1
601 6 1
602 1 1
602 4 2
602 5 1
602 10 2
603 1 1
603 4 2
603 6 1
603 7 1
603 8 1
604 5 2
605 6 2
605 10 1
606 1 1
606 2 1
606 3 1
606 9 1
606 10 1
607 1 1
607 6 1
607 9 1
607 10 1
608 1 1
608 3 1
608 4 2
608 7 1
609 1 2
609 2 1
609 7 1
610 1 2
610 3 2
611 1 1
611 7 1
611 8 1
611 10 2
612 1 1
612 5 1
612 9 2
613 1 1
613 5 1
613 6 1
613 8 2
614 1 2
614 2 2
614 3 2
614 8 2
614 10 2
615 1 1
615 6 1
615 7 2
615 8 2
615 10 1
616 1 1
616 3 1
616 6 2
616 7 1
617 1 2
617 4 1
617 8 1
618 1 1
618 3 1
618 4 1
618 6 2
618 7 2
618 10 1
619 1 1
619 2 2
619 3 1
619 6 1
619 10 2
620 1 1
620 2 1
620 7 1
620 9 1
621 2 1
621 7 2
622 1 2
622 10 2
623 3 1
623 4 2
623 7 1
623 8 2
623 10 1
624 1 1
624 5 1
624 7 2
624 8 2
625 7 2
625 8 1
626 1 2
626 2 1
626 3 1
626 7 1
626 10 2
627 1 2
627 3 2
627 6 2
627 7 2
627 8 2
627 9 2
627 10 2
628 1 1
628 3 1
628 7 1
629 3 2
629 5 1
629 10 2
630 1 2
630 6 2
630 9 2
631 1 2
631 6 2
631 8 1
631 9 1
631 10 2
632 1 2
632 2 2
632 5 2
632 6 2
632 9 2
632 10 2
633 1 1
633 3 1
633 7 1
633 10 1
634 1 1
634 2 2
634 7 2
634 10 1
635 1 2
635 7 2
635 10 2
636 1 2
636 2 1
636 8 2
636 10 2
637 1 2
637 7 2
637 9 1
638 1 1
638 2 2
638 7 1
638 10 1
639 1 1
639 2 1
639 5 2
639 7 2
639 10 1
640 2 2
640 3 2
640 4 1
640 5 2
640 10 2
641 1 2
641 2 2
641 10 2
642 1 2
642 9 2
642 10 2
643 10 2
644 1 2
644 2 1
644 6 2
645 1 2
645 2 2
645 7 2
645 9 2
645 10 2
646 1 1
646 2 1
646 3 1
646 4 1
646 7 1
647 1 1
647 6 1
647 8 1
648 1 1
648 2 2
648 3 1
648 6 1
648 7 1
649 1 2
649 2 1
649 4 2
649 6 2
650 1 1
650 4 1
650 5 2
650 7 1
650 9 2
651 1 1
651 2 1
651 4 2
651 5 2
651 7 1
651 8 2
652 1 1
652 4 2
652 5 1
652 9 1
653 1 1
653 6 2
653 7 2
653 10 1
654 6 2
654 8 2
654 10 2
655 1 1
655 2 2
655 4 2
655 7 1
655 9 1
656 1 1
656 2 1
656 3 1
656 5 1
656 9 1
656 10 1
657 2 2
657 3 2
657 4 2
658 1 1
658 3 1
658 4 1
658 6 1
658 7 1
658 10 1
659 1 1
659 2 2
659 10 2
660 1 1
660 3 2
660 6 1
660 7 1
660 10 1
661 1 1
661 2 2
661 3 1
661 6 1
661 8 1
661 10 1
662 1 1
662 2 2
662 4 1
662 10 2
663 1 1
663 2 1
663 7 1
664 1 2
664 2 2
664 6 1
664 10 2
665 10 2
666 4 2
666 10 1
667 2 2
667 9 1
667 10 1
668 1 1
668 5 1
668 7 1
669 1 2
669 6 2
669 7 1
670 1 2
670 2 2
670 6 2
670 7 2
670 10 2
671 2 1
671 3 2
671 4 2
671 7 1
671 9 2
671 10 1
672 1 1
672 3 1
673 2 2
673 6 2
673 10 1
674 1 2
674 7 2
674 9 1
675 2 2
675 7 2
675 10 1
676 7 1
676 10 1
677 1 2
677 10 2
678 1 1
678 2 2
678 7 2
679 1 2
679 2 2
679 7 1
679 9 2
679 10 2
680 1 2
680 2 2
680 3 2
680 6 2
680 7 2
681 1 2
681 2 1
681 9 2
682 5 2
682 6 2
682 7 2
682 9 2
682 10 2
683 4 1
683 5 2
683 10 2
684 1 2
684 3 2
684 6 2
684 10 1
685 1 1
685 2 2
685 5 2
686 1 2
686 2 1
686 7 1
686 10 1
687 1 1
687 7 1
688 1 1
688 2 2
688 4 1
688 8 1
688 9 1
688 10 2
689 2 1
689 7 1
689 10 2
690 1 1
691 1 2
691 2 2
691 5 1
691 7 1
692 1 1
692 6 1
692 9 2
692 10 2
693 1 1
693 2 2
693 3 1
693 5 1
693 6 2
693 9 1
693 10 1
694 1 1
694 4 1
694 5 2
695 1 1
695 4 1
695 10 1
696 1 1
696 4 1
696 10 1
697 1 2
697 2 1
697 3 2
697 4 1
697 5 2
697 7 1
697 8 2
698 1 2
698 2 2
698 7 2
698 8 1
699 1 1
699 7 1
699 8 1
699 10 1
700 1 2
700 3 2
700 4 1
701 1 1
701 2 2
701 8 1
701 9 1
701 10 1
702 1 2
702 2 2
702 4 1
702 6 2
703 1 1
703 2 1
703 10 2
704 7 2
704 8 2
704 10 1
705 1 2
705 2 2
705 4 1
706 1 2
706 2 2
706 3 2
706 7 2
706 9 1
706 10 2
707 1 2
707 3 2
707 4 2
707 6 2
707 7 2
707 8 2
708 1 1
708 4 1
708 5 2
708 7 1
708 10 2
709 1 1
709 2 1
709 3 1
709 10 2
710 5 2
710 6 1
710 7 1
710 8 2
711 1 2
711 7 2
711 9 1
711 10 2
712 1 1
712 4 1
712 6 2
712 8 1
713 2 2
713 9 1
714 1 2
714 7 1
714 9 2
714 10 2
715 3 2
715 8 2
715 9 2
716 10 2
717 1 2
717 2 1
717 4 1
717 8 2
717 9 1
718 2 1
718 10 1
719 1 1
720 1 2
720 2 2
720 6 2
720 10 2
721 1 1
721 7 1
721 8 1
721 10 1
722 1 2
722 7 2
722 9 2
723 3 1
723 4 2
723 7 1
723 9 2
723 10 1
724 3 2
724 9 2
724 10 2
725 1 1
725 6 2
725 10 1
726 1 1
726 2 1
726 5 2
726 7 1
726 8 2
726 10 1
727 1 2
727 4 1
727 6 2
727 9 2
728 3 2
728 7 2
728 10 2
729 1 1
729 7 1
729 9 1
729 10 2
730 1 1
730 6 1
730 7 1
730 10 1
731 8 2
731 9 2
731 10 1
732 1 1
732 2 2
732 7 1
732 9 1
732 10 2
733 4 2
733 7 2
733 8 2
734 1 1
734 6 1
734 9 1
734 10 2
735 1 2
735 6 2
735 7 2
735 8 2
735 10 2
736 1 2
736 2 1
736 4 1
736 6 2
736 7 2
737 1 2
737 2 2
737 5 2
737 7 2
737 8 2
737 10 1
738 1 1
738 3 2
738 5 2
738 6 2
739 1 1
739 2 1
739 5 1
739 7 1
740 1 1
740 2 2
740 7 1
740 8 2
740 9 2
741 1 2
741 2 1
741 3 2
741 6 2
741 7 1
741 8 2
741 9 2
742 1 2
742 7 2
742 9 1
742 10 2
743 1 1
743 2 2
743 9 2
743 10 2
744 1 2
744 5 2
744 6 2
744 7 1
744 9 1
745 3 2
745 5 2
745 8 2
745 9 2
746 1 1
746 5 1
746 7 1
747 1 1
747 3 2
747 4 1
747 8 1
747 9 2
748 1 1
748 3 1
748 4 1
749 1 2
749 7 1
750 2 2
750 3 2
750 6 2
750 8 2
750 10 1
751 1 2
751 2 1
751 7 2
751 10 2
752 1 2
752 2 2
752 6 2
752 9 2
752 10 2
753 1 2
753 3 1
753 6 2
753 8 1
753 10 2
754 1 2
754 2 2
754 3 2
754 10 2
755 1 2
755 6 2
755 8 1
755 9 2
755 10 2
756 1 2
756 6 2
756 7 2
756 9 2
756 10 1
757 1 2
757 6 2
757 7 2
758 1 1
758 6 2
758 10 1
759 1 1
759 2 2
760 1 1
760 2 2
760 8 1
760 9 2
760 10 1
761 1 1
761 5 1
761 10 1
762 1 2
762 2 2
762 4 1
762 9 2
762 10 2
763 1 2
763 2 2
763 3 2
763 4 1
763 9 1
763 10 2
764 7 1
765 2 1
765 3 2
765 4 2
765 6 2
765 8 1
765 9 2
765 10 1
766 10 2
767 1 1
767 2 1
767 6 1
767 10 1
768 6 1
768 10 1
769 1 2
769 2 1
769 4 2
769 5 2
769 7 2
769 9 2
769 10 2
770 2 2
770 8 1
770 10 1
771 1 1
771 2 2
771 4 2
771 7 1
771 8 1
771 9 2
771 10 1
772 10 2
773 1 2
773 2 2
773 3 2
773 7 2
773 9 2
773 10 1
774 1 2
774 2 2
774 6 2
774 7 2
774 8 1
774 10 1
775 1 1
775 3 1
775 7 2
776 1 1
776 2 2
776 7 1
776 8 1
776 10 1
777 2 2
777 5 2
777 6 1
777 10 2
778 1 1
778 9 1
779 1 2
779 2 2
779 7 1
779 9 2
779 10 2
780 1 1
780 3 1
780 4 2
780 6 2
780 8 2
781 1 2
781 2 2
781 3 2
781 9 1
781 10 2
782 3 2
782 8 1
782 10 1
783 2 2
783 6 2
783 10 2
784 3 2
784 4 1
784 7 2
784 9 1
785 2 2
785 4 1
785 6 1
786 1 1
786 4 1
786 5 2
786 10 2
787 1 2
787 2 1
787 4 2
787 7 2
787 10 2
788 1 2
788 6 2
788 8 2
789 1 1
789 2 2
789 4 1
789 7 2
789 10 1
790 1 1
790 2 2
790 5 2
790 10 1
791 1 2
791 3 2
791 4 1
791 7 2
791 8 1
791 10 2
792 1 2
792 6 1
793 1 1
793 2 2
793 10 1
794 1 1
794 2 2
795 1 1
795 2 2
795 4 1
795 6 1
795 7 1
795 9 1
795 10 2
796 7 1
797 2 2
797 3 1
797 8 2
797 10 1
798 1 1
798 7 1
798 8 1
798 9 1
798 10 1
799 1 1
799 2 2
799 4 2
799 9 2
800 1 1
800 8 1
800 10 2
801 1 2
801 2 1
801 5 1
801 10 1
802 1 1
802 8 2
802 10 2
803 1 1
803 5 2
803 6 1
803 7 1
803 8 1
804 2 2
804 4 1
804 7 1
805 1 2
805 3 1
805 4 1
805 6 2
805 8 1
805 10 2
806 1 1
806 6 2
806 7 2
806 10 1
807 1 1
807 3 1
807 4 2
808 1 2
808 3 2
808 5 2
808 7 2
808 8 2
808 9 2
808 10 2
809 1 1
809 7 1
809 8 2
810 1 1
810 4 2
810 8 2
810 10 2
811 1 2
811 3 2
811 5 1
811 6 2
811 8 2
811 10 2
812 1 2
812 5 1
812 10 1
813 1 1
813 3 1
813 7 1
813 10 1
814 1 1
814 2 2
814 4 1
814 7 1
814 8 1
814 9 2
815 1 2
815 2 2
815 4 1
815 9 2
815 10 2
816 2 2
816 7 2
817 1 1
817 2 1
817 9 2
817 10 1
818 1 2
818 4 2
818 6 2
818 7 1
818 9 2
818 10 2
819 1 1
819 5 2
819 6 1
819 9 1
819 10 2
820 1 1
820 3 1
820 4 2
820 7 1
821 1 1
821 2 2
821 6 1
821 8 2
821 10 2
822 1 1
822 4 2
822 6 1
822 10 1
823 1 1
823 3 1
823 4 2
823 6 2
823 10 1
824 1 1
824 6 2
824 7 1
824 10 2
825 1 1
825 4 1
825 5 2
825 10 2
826 1 1
826 6 2
826 7 2
826 8 1
826 10 1
827 1 2
827 2 2
827 5 1
827 6 1
827 8 1
827 9 2
828 1 2
828 2 1
828 3 2
828 6 2
828 7 2
828 10 1
829 1 1
829 4 1
829 6 1
829 7 1
830 1 1
830 6 2
830 7 1
830 10 2
831 1 2
831 2 2
831 4 1
832 1 2
832 2 2
832 3 2
832 4 1
832 5 1
832 7 2
832 8 2
832 10 2
833 1 1
833 2 1
833 3 1
833 5 2
833 6 1
833 7 1
833 8 1
833 9 1
834 1 2
834 2 1
834 7 2
834 10 2
835 1 1
835 4 1
835 6 2
835 7 2
835 9 2
836 1 1
836 2 1
836 7 2
837 1 1
837 2 1
837 3 1
837 10 2
838 4 2
838 6 2
838 10 2
839 4 1
839 10 1
840 2 2
840 6 2
840 9 1
841 1 2
841 2 1
842 1 1
842 2 2
842 4 2
842 8 1
842 9 2
843 1 1
843 2 2
843 7 1
843 8 2
844 1 1
844 2 2
844 9 1
844 10 1
845 4 1
845 6 2
845 9 1
845 10 1
846 1 1
846 2 2
846 10 1
847 1 2
847 4 1
847 7 2
847 9 1
847 10 2
848 1 2
848 2 2
848 6 1
848 7 2
848 9 1
849 1 2
849 2 2
849 3 2
849 5 1
849 6 2
849 10 2
850 1 1
850 3 1
850 7 1
851 1 1
851 7 2
852 1 1
852 7 1
852 8 2
852 10 2
853 1 2
853 3 2
853 7 1
854 1 2
854 5 2
854 6 2
855 1 1
855 3 1
855 5 2
855 8 1
855 10 2
856 2 2
856 7 2
856 8 2
856 9 1
857 1 1
857 2 2
857 3 1
857 5 1
857 8 1
858 1 2
858 4 1
858 10 2
859 1 2
859 2 2
859 3 2
859 7 2
860 1 2
860 10 2
861 1 1
861 2 1
861 3 1
861 6 1
861 8 1
862 1 2
862 6 2
862 9 2
863 7 1
863 10 2
864 2 2
864 9 1
864 10 2
865 2 1
865 5 1
865 6 2
865 7 2
866 1 1
866 2 2
866 10 2
867 1 2
867 2 2
867 6 2
867 10 2
868 2 2
868 3 2
868 6 2
868 10 2
869 1 2
869 3 2
869 7 2
869 8 1
869 10 2
870 6 2
870 10 1
871 1 2
871 4 2
871 6 2
871 8 2
872 1 2
872 2 2
872 3 2
872 6 1
872 10 2
873 2 1
873 6 2
873 7 1
873 8 2
873 9 1
874 3 1
874 4 1
874 5 1
874 10 2
875 1 1
875 6 1
875 7 2
875 10 2
877 1 1
877 2 2
877 4 1
877 6 2
877 7 1
878 1 2
878 2 1
878 3 2
878 4 2
878 5 1
879 1 1
879 2 1
879 6 1
879 8 1
880 1 2
880 4 2
880 6 2
880 8 2
880 10 2
881 1 2
881 2 2
881 3 2
881 10 2
882 1 2
882 2 1
882 4 2
882 9 2
883 1 1
883 2 2
883 4 1
883 7 1
883 9 1
884 1 2
884 2 2
884 6 2
884 9 1
885 1 1
885 10 1
886 1 1
886 2 2
886 4 1
886 6 2
886 7 1
886 10 1
887 1 1
887 8 2
887 10 2
888 1 1
888 5 2
888 10 1
889 1 1
889 4 2
889 10 1
890 1 1
890 10 2
891 1 2
891 2 1
891 3 2
891 6 2
892 3 1
892 6 1
892 9 1
892 10 2
893 1 1
893 8 2
894 3 1
894 4 1
894 10 2
895 1 1
895 4 2
895 6 1
895 10 1
896 1 2
896 2 1
896 8 1
896 9 2
897 1 1
897 4 2
897 6 2
897 8 2
897 9 1
897 10 1
898 1 1
898 7 2
898 9 2
899 4 1
899 10 2
900 1 2
900 3 2
900 7 1
900 9 1
900 10 2
901 1 1
901 5 1
901 9 1
901 10 1
902 1 2
902 2 1
902 5 2
902 7 2
903 1 1
903 10 1
904 1 2
904 2 1
904 3 1
904 4 2
904 8 2
904 10 1
905 1 1
905 4 1
905 7 1
905 9 2
906 1 2
906 4 1
906 7 2
907 1 1
907 6 2
907 7 2
908 1 2
908 4 2
908 8 1
909 1 2
909 4 2
909 7 2
909 8 1
909 10 2
910 1 2
910 6 1
910 10 1
911 1 1
911 3 2
911 8 1
912 1 1
912 4 2
912 5 2
912 7 2
912 8 1
912 10 2
913 1 2
913 2 1
913 5 2
913 9 1
913 10 2
914 1 1
914 8 1
914 10 1
915 1 2
915 4 2
915 5 2
915 7 2
915 10 2
916 1 2
916 6 2
916 7 1
916 10 2
917 1 2
917 4 2
917 9 2
918 1 1
918 4 1
918 7 1
919 1 2
919 2 2
919 5 1
919 8 2
919 10 2
920 1 2
920 5 1
920 7 2
920 10 2
921 1 1
921 2 1
921 3 1
921 4 1
921 6 2
921 10 1
922 1 1
922 6 2
922 7 2
922 8 2
922 10 1
923 2 2
923 6 2
923 7 1
923 8 2
923 10 1
924 1 1
924 6 2
924 7 1
924 8 1
925 2 1
925 6 1
925 8 1
925 10 1
926 1 2
926 4 2
926 6 2
926 7 1
926 8 1
926 9 2
926 10 2
927 1 2
927 3 2
927 8 2
927 10 2
928 1 1
928 2 2
928 3 1
928 8 1
928 10 1
929 1 1
929 2 1
929 4 1
929 6 1
929 7 1
930 1 2
930 7 1
931 1 2
931 5 2
931 6 2
931 8 2
932 1 2
932 2 1
932 7 1
932 10 2
933 1 2
933 3 2
933 6 2
933 7 1
933 9 1
933 10 1
934 1 2
934 7 1
934 10 2
935 1 1
935 2 2
935 5 1
935 7 2
936 1 2
936 2 1
936 4 2
936 5 2
936 10 2
937 1 2
937 4 1
937 7 1
937 8 2
937 10 1
938 1 2
938 3 2
938 7 2
938 9 1
938 10 2
939 1 1
939 2 2
939 7 1
939 9 1
940 1 1
940 2 2
940 6 2
940 7 2
941 1 2
941 5 2
941 7 2
941 8 2
941 10 2
942 1 1
942 2 2
942 3 1
942 4 1
942 5 2
942 7 1
942 10 1
943 1 2
943 4 1
943 6 1
943 7 2
943 8 1
943 10 2
944 1 2
944 2 1
944 10 2
945 1 1
945 7 2
945 8 2
946 1 2
946 3 2
946 6 2
946 10 2
947 1 2
947 2 1
947 7 1
947 9 2
948 7 2
948 8 2
948 10 2
949 1 2
949 8 1
949 9 2
949 10 2
950 1 1
950 2 1
950 3 1
950 6 2
950 7 2
950 10 1
951 10 1
952 1 2
952 7 1
952 10 1
953 1 2
953 3 2
953 4 2
953 10 2
954 1 1
954 2 2
955 1 2
955 8 1
956 1 2
956 3 1
956 4 2
956 6 2
956 10 2
957 1 1
957 4 1
957 5 1
957 8 2
957 9 2
957 10 1
958 1 1
958 2 1
958 7 1
958 8 2
959 1 2
959 3 1
959 7 2
959 8 2
960 4 1
960 6 1
961 1 2
961 2 2
961 4 2
961 5 1
961 8 1
962 1 2
962 7 2
962 10 2
963 1 1
963 4 1
964 7 1
964 10 1
965 1 2
965 3 2
965 4 1
965 6 2
965 7 2
965 10 2
966 1 2
966 2 2
966 4 1
966 10 2
967 1 2
967 2 1
967 6 2
967 8 2
968 2 1
968 3 1
968 5 1
968 6 1
968 7 1
968 10 1
969 2 1
969 4 1
969 6 1
969 8 1
969 9 1
970 7 1
970 8 2
970 9 1
970 10 2
971 1 2
971 2 2
971 10 2
972 1 2
972 2 2
972 3 2
972 4 2
972 7 2
972 9 2
972 10 1
973 1 2
973 2 2
973 7 1
973 10 2
974 1 1
974 3 1
974 4 2
974 10 1
975 1 1
975 8 1
975 10 2
976 1 2
976 6 2
976 7 2
977 7 1
977 8 1
977 9 2
977 10 1
978 6 2
978 8 2
979 2 2
979 3 2
979 10 2
980 2 1
980 5 1
980 8 2
980 10 2
981 2 1
981 6 1
981 7 1
982 1 1
982 2 2
982 6 2
983 1 1
983 2 1
983 6 2
983 7 2
984 1 2
984 4 1
984 7 1
985 1 1
985 10 1
986 1 1
986 8 2
987 1 2
987 2 1
987 7 1
988 1 1
988 5 2
988 6 1
988 9 1
988 10 1
989 2 1
989 3 1
989 10 2
990 1 1
990 10 1
991 1 2
991 5 2
991 6 1
991 8 1
992 2 2
992 8 2
993 1 1
993 2 2
993 4 2
993 10 2
994 1 2
994 2 1
994 4 2
994 7 2
994 8 1
994 9 1
994 10 1
995 1 1
995 5 1
995 9 2
996 1 2
996 8 2
997 1 1
997 2 2
997 4 1
997 7 1
997 8 1
998 1 1
998 2 2
998 8 1
998 10 2
999 2 1
999 9 1
999 10 1
1000 1 1
1000 2 2
1000 3 1
1000 6 1
1000 8 2
1001 1 2
1001 6 1
1001 10 2
1002 1 2
1002 4 2
1002 7 2
1002 10 2
1003 1 2
1003 7 1
1003 10 2
1004 1 2
1004 8 2
1005 1 2
1005 7 1
1005 9 2
1006 1 1
1006 2 2
1006 3 1
1006 4 2
1006 6 2
1006 7 2
1006 10 1
1007 1 1
1007 7 1
1007 8 1
1008 1 1
1008 2 1
1008 3 1
1008 4 2
1008 10 1
1009 1 2
1009 3 2
1009 7 1
1009 10 2
1010 1 2
1010 3 2
1010 7 2
1010 8 2
1010 10 1
1011 1 2
1011 3 2
1011 6 2
1011 7 2
1012 1 2
1012 2 2
1012 6 2
1012 8 1
1013 1 1
1013 3 1
1013 5 2
1013 7 2
1014 1 1
1014 2 1
1014 5 1
1014 7 1
1014 8 1
1014 9 2
1015 1 2
1015 3 2
1015 9 2
1015 10 2
1016 2 2
1016 6 2
1016 7 1
1016 10 1
1017 1 1
1017 6 2
1017 7 1
1017 8 1
1017 10 1
1018 1 1
1018 2 1
1018 3 1
1018 4 2
1018 8 2
1019 1 1
1019 9 1
1019 10 1
1020 3 1
1020 7 2
1020 8 2
1020 10 1
1021 1 1
1021 6 1
1021 8 2
1021 9 1
1021 10 1
1022 10 1
1023 2 2
1023 10 2
1024 1 2
1024 7 1
1024 8 1
1025 1 2
1025 2 1
1025 3 2
1025 7 1
1026 1 1
1026 5 1
1026 6 1
1026 9 2
1027 1 1
1027 3 1
1027 6 1
1028 1 1
1028 2 2
1028 10 2
1029 1 2
1029 4 1
1029 10 2
1030 1 1
1030 2 1
1030 7 1
1031 1 1
1031 2 1
1031 7 1
1031 9 1
1032 1 1
1032 4 1
1032 10 2
1033 2 1
1033 3 1
1033 5 1
1033 6 2
1033 8 2
1033 10 1
1034 1 1
1034 9 1
1034 10 1
1035 2 2
1035 7 1
1035 8 2
1035 10 1
1036 1 1
1036 2 2
1036 4 2
1036 5 2
1036 6 1
1036 10 1
1037 1 1
1038 1 1
1038 5 2
1038 8 1
1039 1 1
1039 2 1
1039 4 2
1039 7 1
1039 8 2
1039 10 1
1040 1 2
1040 5 2
1040 6 2
1040 7 2
1040 8 2
1041 1 2
1041 2 1
1041 4 2
1041 9 1
1042 1 1
1042 2 1
1042 7 2
1042 8 2
1042 10 1
1043 8 2
1043 10 1
1044 1 1
1044 2 1
1044 4 1
1044 7 2
1044 9 1
1044 10 2
1045 1 2
1045 2 2
1045 7 1
1045 10 2
1046 2 2
1046 3 1
1046 7 1
1046 8 2
1046 9 1
1046 10 1
1047 1 1
1047 7 1
1047 9 1
1047 10 1
1048 1 2
1048 2 2
1048 9 1
1048 10 1
1049 1 2
1049 3 2
1049 4 1
1049 6 2
1049 9 2
1049 10 2
1050 1 1
1050 2 1
1050 7 1
1050 8 1
1051 2 2
1051 3 2
1051 4 2
1051 6 2
1051 10 1
1052 1 2
1052 7 1
1052 8 2
1053 1 1
1053 4 1
1053 7 2
1053 10 1
1054 1 1
1054 2 1
1054 3 1
1054 8 1
1054 10 2
1055 1 2
1055 2 2
1055 10 2
1056 1 1
1056 2 1
1056 4 1
1056 8 2
1056 9 2
1056 10 1
1057 1 2
1057 2 2
1057 5 1
1057 7 2
1058 1 2
1058 3 2
1058 5 2
1058 10 1
1059 1 1
1059 5 1
1059 7 1
1059 10 1
1060 1 1
1060 3 1
1060 4 2
1060 8 1
1060 10 2
1061 2 1
1061 6 1
1061 7 1
1061 8 1
1061 9 2
1061 10 2
1062 1 2
1062 2 2
1062 3 2
1062 10 2
1063 1 2
1063 2 2
1063 7 1
1063 8 1
1064 1 2
1064 2 2
1064 3 1
1064 4 1
1064 7 2
1064 10 2
1065 1 2
1065 7 1
1065 9 2
1065 10 2
1066 1 2
1066 2 1
1066 7 1
1067 2 1
1067 3 2
1067 4 2
1067 6 2
1068 1 1
1068 6 1
1068 7 1
1068 10 1
1069 1 1
1069 2 2
1069 3 1
1069 8 2
1069 10 2
1070 1 1
1070 3 1
1070 7 1
1070 8 1
1071 1 2
1071 2 1
1071 8 2
1072 3 2
1072 4 1
1073 1 2
1073 6 2
1073 9 2
1073 10 2
1074 2 2
1074 3 2
1074 6 1
1075 1 2
1075 2 2
1075 6 1
1075 7 2
1075 8 2
1075 10 2
1076 1 1
1076 2 2
1076 3 1
1076 4 1
1076 10 2
1077 1 2
1077 2 1
1077 6 2
1077 7 1
1077 8 2
1078 1 2
1078 10 2
1079 1 1
1079 8 1
1080 1 1
1080 2 1
1080 3 1
1080 8 2
1080 9 1
1080 10 1
1081 1 2
1081 2 2
1081 3 2
1081 7 1
1081 8 2
1081 9 2
1081 10 2
1082 1 2
1082 6 2
1082 7 1
1082 10 2
1083 2 2
1083 9 2
1083 10 2
1084 1 1
1084 2 2
1084 5 2
1084 6 1
1084 7 1
1085 1 2
1085 3 2
1085 5 2
1085 10 2
1086 2 2
1086 3 1
1086 6 2
1086 8 1
1086 9 1
1087 1 1
1087 2 2
1087 3 1
1087 4 2
1087 7 1
1088 1 2
1088 2 2
1088 9 2
1089 1 1
1089 2 1
1089 4 2
1089 7 2
1089 10 1
1090 1 1
1090 2 2
1090 3 2
1090 4 2
1090 10 1
1091 1 2
1091 2 2
1091 3 2
1091 5 2
1091 6 2
1091 10 2
1092 1 2
1092 7 2
1092 10 2
1093 1 2
1093 7 2
1093 8 2
1093 9 1
1093 10 1
1094 1 1
1094 9 1
1094 10 2
1095 1 1
1095 7 1
1095 10 1
1096 1 2
1096 2 1
1096 3 2
1096 6 2
1096 10 2
1097 2 2
1097 4 2
1097 5 1
1097 10 2
1098 1 1
1098 3 1
1098 6 1
1099 1 2
1099 3 2
1099 5 2
1099 7 2
1099 9 1
1099 10 2
1100 1 2
1100 6 2
1100 8 2
1100 9 2
1101 1 1
1101 2 1
1101 3 1
1101 9 2
1102 4 1
1102 5 1
1102 6 1
1102 9 2
1102 10 1
1103 1 2
1103 3 2
1103 6 1
1103 7 2
1104 4 2
1104 10 2
1105 1 2
1105 7 2
1105 10 2
1106 2 2
1106 6 2
1106 7 1
1106 10 2
1107 1 1
1107 5 1
1107 6 1
1108 1 1
1108 7 1
1108 10 1
1109 1 1
1109 2 2
1109 4 2
1109 6 1
1109 10 1
1110 1 2
1110 4 2
1110 10 2
1111 2 2
1111 6 1
1111 9 2
1111 10 1
1112 1 2
1112 6 2
1112 7 1
1112 10 1
1113 1 1
1113 3 1
1114 2 2
1114 5 1
1114 7 1
1115 1 1
1115 7 2
1115 8 1
1115 10 1
1116 1 1
1116 2 2
1116 4 1
1116 7 2
1116 8 1
1116 10 2
1117 3 1
1117 10 1
1118 2 2
1118 5 2
1118 7 2
1119 1 2
1119 3 2
1119 6 2
1119 10 1
1120 1 2
1120 3 1
1120 5 2
1120 6 2
1120 7 2
1121 1 1
1121 4 1
1121 10 2
1122 1 1
1122 2 2
1122 5 2
1122 8 2
1122 10 1
1123 1 1
1123 4 1
1123 7 2
1123 10 1
1124 1 1
1124 2 2
1124 3 1
1124 7 1
1124 10 2
1125 1 1
1125 2 1
1125 6 2
1125 7 2
1125 8 1
1125 9 1
1125 10 1
1126 1 1
1126 6 2
1127 1 2
1127 2 2
1127 4 2
1127 6 2
1127 7 2
1127 8 2
1128 1 1
1128 3 1
1128 6 2
1128 8 2
1128 10 2
1129 1 1
1129 7 2
1129 9 1
1129 10 1
1130 1 1
1130 2 2
1130 4 1
1131 1 2
1131 6 2
1131 7 1
1131 10 2
1132 1 2
1132 4 1
1132 7 1
1132 8 2
1132 10 2
1133 7 1
1133 10 1
1134 1 1
1134 5 2
1135 1 2
1135 4 2
1135 7 2
1135 9 2
1136 1 1
1136 2 2
1137 1 1
1137 2 1
1137 3 2
1137 7 1
1137 9 2
1137 10 2
1138 1 1
1138 7 2
1138 9 1
1138 10 1
1139 1 1
1139 3 1
1139 6 2
1139 7 1
1139 9 2
1139 10 2
1140 1 1
1140 3 2
1140 4 1
1140 5 2
1140 8 1
1140 10 2
1141 1 1
1141 6 1
1141 7 1
1141 10 2
1142 1 1
1142 2 1
1142 4 2
1142 6 2
1142 8 1
1142 10 1
1143 1 2
1143 2 2
1143 4 1
1143 7 2
1143 10 2
1144 1 1
1144 2 1
1144 4 2
1144 6 2
1144 9 1
1144 10 1
1145 2 1
1145 3 1
1145 4 2
1145 8 1
1146 1 2
1146 4 1
1146 10 2
1147 1 2
1147 7 2
1147 10 2
1148 2 2
1148 6 2
1148 7 2
1148 10 2
1149 1 1
1149 2 2
1149 6 2
1149 8 1
1150 8 2
1150 10 2
1151 1 2
1151 2 1
1151 3 1
1151 7 2
1151 10 2
1152 1 1
1152 6 2
1152 7 1
1152 9 1
1152 10 1
1153 1 2
1153 2 1
1153 7 2
1153 10 2
1154 1 2
1154 6 2
1154 7 1
1154 8 2
1154 9 2
1154 10 1
1155 1 1
1155 2 2
1155 3 1
1155 7 1
1155 10 2
1156 1 2
1156 2 1
1156 3 2
1156 8 2
1156 10 2
1157 1 1
1157 2 2
1157 9 1
1157 10 2
1158 2 2
1158 3 2
1158 4 2
1158 10 2
1159 1 1
1159 2 1
1159 3 1
1159 10 1
1160 1 1
1160 3 2
1160 4 1
1160 7 1
1161 1 1
1161 10 2
1162 1 1
1162 7 1
1163 1 1
1163 2 2
1163 3 1
1163 4 2
1163 6 2
1163 10 1
1164 1 1
1164 4 2
1164 5 2
1164 10 2
1165 1 1
1165 3 1
1165 6 2
1165 7 2
1165 10 2
1166 2 2
1166 6 2
1166 7 2
1166 9 2
1166 10 2
1167 1 1
1167 2 1
1167 3 1
1167 4 2
1167 10 1
1168 6 2
1168 8 1
1168 10 2
1169 10 1
1170 2 2
1170 7 2
1170 9 1
1170 10 2
1171 1 2
1171 2 2
1171 4 1
1171 7 2
1171 10 1
1172 1 1
1172 2 1
1172 4 2
1172 8 1
1172 9 1
1172 10 1
1173 1 1
1173 7 2
1173 10 1
1174 1 2
1174 2 1
1174 7 1
1174 10 1
1175 1 1
1175 2 1
1175 3 1
1175 6 1
1175 7 1
1175 8 2
1175 10 2
1176 2 2
1176 4 1
1176 7 1
1176 8 2
1177 1 2
1177 10 2
1178 1 1
1178 2 1
1178 4 1
1178 6 2
1178 10 2
1179 1 2
1179 5 2
1180 1 1
1180 3 1
1181 4 2
1181 6 2
1181 8 2
1181 9 2
1181 10 2
1182 1 1
1182 9 1
1182 10 1
1183 1 1
1183 2 1
1183 4 1
1183 7 1
1184 1 2
1184 2 2
1184 6 2
1184 10 1
1185 3 1
1185 7 2
1185 9 1
1185 10 1
1186 1 1
1186 2 1
1186 6 2
1186 8 1
1186 10 2
1187 2 2
1187 6 2
1187 10 2
1188 1 2
1188 2 2
1188 3 2
1188 6 2
1188 7 2
1188 10 1
1189 1 2
1189 7 1
1189 10 1
1190 2 2
1190 4 1
1190 7 1
1191 1 2
1191 4 2
1191 7 2
1191 8 2
1191 9 2
1191 10 2
1192 1 1
1192 5 1
1192 6 1
1192 10 1
1193 1 2
1193 3 2
1193 8 2
1193 9 2
1194 1 1
1194 10 1
1195 2 1
1195 8 2
1195 10 2
1196 1 2
1196 8 2
1197 2 2
1197 3 2
1197 7 1
1197 8 1
1197 9 1
1197 10 1
1198 1 1
1198 9 2
1198 10 1
1199 1 1
1199 2 1
1199 3 1
1200 1 2
1200 2 2
1200 9 2
1200 10 2
1201 1 1
1201 2 2
1201 6 1
1201 7 1
1201 9 1
1202 2 2
1202 4 1
1202 10 2
1203 7 2
1204 1 2
1204 2 2
1204 7 2
1204 8 2
1204 10 2
1205 1 2
1205 8 2
1206 1 1
1206 6 2
1206 7 1
1206 9 2
1206 10 1
1207 1 1
1207 6 1
1207 7 2
1207 9 1
1207 10 1
1208 7 1
1208 10 2
1209 1 1
1209 6 2
1209 9 2
1209 10 2
1210 1 2
1210 2 1
1210 4 2
1210 7 2
1210 10 2
1211 1 2
1211 2 2
1211 3 2
1211 5 2
1211 8 2
1211 10 1
1212 1 1
1212 4 2
1212 6 2
1212 7 1
1212 9 1
1212 10 1
1213 1 1
1214 1 1
1214 3 1
1214 5 1
1215 1 1
1215 2 2
1215 7 1
1215 10 1
1216 7 2
1217 1 2
1217 2 2
1217 4 1
1217 7 2
1217 9 1
1217 10 2
1218 1 1
1218 2 1
1218 3 1
1218 4 1
1218 7 2
1218 8 1
1219 4 2
1219 6 1
1219 7 2
1219 10 1
1220 1 2
1220 2 2
1221 6 1
1222 1 2
1222 3 2
1222 4 1
1222 9 1
1223 1 1
1223 2 1
1223 3 1
1223 4 1
1224 1 1
1224 6 1
1224 7 2
1224 10 2
1225 1 1
1225 5 2
1225 6 1
1225 7 1
1226 1 1
1226 2 1
1226 5 2
1226 6 1
1226 7 2
1226 9 2
1227 1 2
1227 6 2
1227 7 2
1227 9 2
1227 10 2
1228 1 1
1228 9 1
1228 10 1
1229 1 2
1229 3 2
1229 6 2
1229 8 2
1229 9 1
1230 7 1
1231 1 2
1231 3 2
1231 7 2
1231 8 2
1231 10 2
1232 1 2
1232 2 1
1232 7 2
1232 8 1
1232 10 2
1233 1 1
1233 2 2
1233 4 1
1233 10 2
1234 2 1
1234 6 1
1234 8 1
1235 1 1
1235 2 1
1235 3 2
1235 6 1
1235 7 1
1235 8 2
1235 10 2
1236 2 2
1236 4 1
1237 1 1
1237 2 2
1237 4 1
1237 6 2
1237 8 1
1237 9 1
1237 10 1
1238 1 1
1238 2 1
1238 7 1
1239 7 2
1239 8 1
1239 10 1
1240 6 2
1240 7 2
1241 1 1
1241 2 2
1241 9 1
1242 1 2
1242 2 2
1242 5 2
1242 7 2
1243 1 1
1243 2 2
1243 7 1
1243 8 2
1243 10 1
1244 2 1
1244 5 1
1244 8 1
1244 9 1
1245 1 1
1245 2 1
1245 4 1
1246 1 1
1246 4 1
1246 6 2
1247 1 1
1247 7 1
1247 8 1
1247 10 1
1248 1 2
1248 2 2
1248 3 2
1248 5 2
1248 7 1
1248 10 2
1249 8 2
1250 1 1
1250 2 2
1250 4 1
1250 9 1
1250 10 1
1251 3 2
1251 4 1
1251 7 1
1251 9 1
1251 10 1
1252 1 2
1252 9 1
1252 10 2
1253 1 2
1253 2 2
1253 3 2
1253 6 2
1253 8 2
1253 10 2
1254 1 2
1255 1 2
1255 2 2
1255 4 2
1255 9 2
1255 10 2
1256 1 2
1256 2 2
1256 3 2
1256 7 2
1256 10 2
1257 1 1
1257 4 1
1257 5 1
1258 1 2
1258 7 1
1258 8 2
1258 10 2
1259 3 1
1261 1 2
1261 6 2
1261 7 1
1261 9 2
1261 10 2
1262 1 2
1262 3 2
1262 4 2
1262 10 2
1263 1 1
1263 4 2
1263 9 1
1264 4 1
1264 5 2
1264 6 2
1264 7 1
1264 8 2
1265 1 1
1265 2 1
1265 5 2
1265 10 1
1266 1 2
1266 2 1
1266 8 2
1266 9 1
1266 10 2
1267 2 2
1267 7 2
1267 10 2
1268 1 2
1268 2 1
1268 5 2
1268 6 2
1268 10 2
1269 2 2
1269 6 1
1269 10 2
1270 1 2
1270 4 2
1270 5 2
1270 8 2
1271 5 2
1272 1 2
1272 4 1
1272 8 1
1272 9 2
1272 10 2
1273 1 2
1273 6 2
1273 10 2
1274 1 2
1274 2 2
1274 3 2
1274 10 2
1275 3 1
1275 5 2
1275 7 1
1275 9 1
1275 10 1
1276 1 2
1276 2 2
1276 6 2
1276 10 2
1277 2 2
1277 3 2
1277 5 2
1277 7 2
1277 8 2
1277 10 2
1278 1 1
1278 5 2
1278 10 1
1279 1 1
1279 2 2
1279 7 1
1279 10 2
1280 2 2
1280 6 2
1280 10 2
1281 1 2
1281 6 2
1281 7 2
1281 10 2
1282 1 1
1282 2 2
1282 7 1
1282 10 2
1283 1 2
1283 2 1
1283 6 2
1283 7 2
1284 2 1
1284 4 2
1284 6 1
1284 7 1
1284 8 1
1284 9 1
1285 1 1
1285 4 2
1285 5 2
1285 7 2
1285 10 1
1286 1 2
1286 7 2
1286 10 1
1287 1 1
1287 2 2
1287 4 2
1287 7 2
1287 10 2
1288 1 1
1288 2 2
1288 7 1
1288 10 1
1289 1 1
1289 3 1
1289 6 2
1289 8 2
1290 1 2
1291 1 1
1291 4 1
1291 7 2
1291 8 1
1292 1 2
1292 2 2
1293 1 1
1293 2 2
1293 3 2
1293 8 1
1294 1 2
1294 3 2
1294 4 1
1294 6 2
1294 7 2
1295 1 1
1295 7 2
1296 1 1
1296 6 2
1296 7 1
1296 8 2
1296 9 2
1296 10 1
1297 1 2
1297 2 2
1297 10 2
1298 1 1
1298 2 1
1298 6 1
1299 1 1
1299 2 1
1299 3 1
1299 4 2
1299 8 1
1299 10 2
1300 1 2
1300 2 2
1300 4 2
1301 2 1
1301 5 2
1301 10 2
1302 1 1
1302 2 2
1302 4 2
1302 9 1
1302 10 2
1303 1 1
1303 6 2
1303 9 1
1304 7 2
1304 8 2
1304 10 2
1305 1 2
1305 3 2
1305 10 1
1306 1 1
1306 3 1
1306 6 2
1306 7 1
1307 1 1
1307 2 1
1307 5 2
1307 7 2
1307 8 2
1307 9 2
1307 10 1
1308 1 2
1308 2 2
1308 9 2
1308 10 2
1309 2 1
1309 6 1
1309 7 1
1309 8 1
1309 9 2
1309 10 2
1310 1 1
1310 6 2
1310 10 1
1311 1 2
1311 2 1
1311 7 2
1311 8 2
1312 1 2
1312 2 2
1312 6 2
1312 7 1
1313 1 1
1313 3 1
1313 4 2
1313 6 1
1313 7 1
1314 1 2
1314 2 1
1314 3 2
1314 8 2
1314 9 2
1314 10 2
1315 1 1
1315 6 2
1315 7 1
1315 9 2
1315 10 1
1316 1 1
1316 10 2
1317 1 1
1317 5 2
1317 8 2
1317 10 1
1318 1 1
1318 4 2
1318 6 2
1318 7 1
1318 8 1
1318 10 1
1319 10 2
1320 3 1
1320 6 1
1320 8 2
1320 9 2
1320 10 1
1321 1 1
1321 2 2
1321 8 2
1321 10 1
1322 1 1
1322 3 1
1322 6 2
1322 8 2
1322 10 2
1323 1 1
1323 8 1
1323 10 1
1324 1 1
1324 4 2
1324 7 1
1325 1 2
1325 2 1
1325 5 1
1325 6 2
1325 10 2
1326 1 2
1326 6 1
1326 7 2
1326 9 2
1327 1 2
1327 5 2
1327 6 2
1327 7 2
1327 9 2
1327 10 2
1328 1 1
1328 4 1
1329 1 2
1329 2 1
1329 3 1
1329 6 2
1329 8 1
1330 1 2
1330 3 2
1330 5 1
1330 7 1
1330 8 2
1331 1 1
1331 2 2
1331 5 1
1331 7 2
1331 8 2
1331 10 2
1332 1 1
1332 2 2
1332 7 1
1332 8 1
1332 9 1
1333 1 2
1333 2 1
1334 1 1
1334 3 1
1335 3 1
1335 4 1
1335 8 1
1336 2 1
1336 8 2
1336 10 1
1337 1 2
1337 2 2
1337 3 2
1337 4 2
1337 7 2
1337 8 2
1337 10 2
1338 1 2
1338 5 1
1338 7 1
1338 8 1
1338 9 2
1338 10 2
1339 1 2
1339 2 2
1339 3 2
1339 7 1
1339 8 2
1339 10 1
1340 1 2
1340 2 2
1340 3 2
1340 4 1
1341 1 1
1341 2 1
1341 3 1
1341 5 1
1341 6 1
1341 8 2
1341 10 1
1342 1 2
1342 2 1
1342 7 2
1343 6 2
1343 10 1
1344 1 1
1344 2 2
1344 4 1
1344 6 1
1345 1 1
1345 3 1
1345 7 2
1345 8 1
1346 1 2
1346 2 1
1346 10 1
1347 1 1
1347 6 1
1347 7 1
1347 10 1
1348 6 2
1348 10 2
1349 2 1
1349 7 2
1350 1 2
1350 2 1
1350 7 2
1350 8 1
1350 9 1
1350 10 1
1351 1 2
1351 5 2
1351 6 1
1351 7 2
1351 9 2
1352 1 1
1352 3 1
1352 4 1
1352 6 1
1352 7 2
1352 8 2
1353 1 1
1353 2 2
1353 6 1
1353 8 2
1353 10 2
1354 1 2
1354 3 1
1354 7 2
1354 9 2
1355 4 2
1355 10 1
1356 1 1
1356 2 1
1356 3 2
1356 5 2
1356 8 2
1357 1 2
1357 2 1
1357 6 2
1357 7 2
1358 1 1
1358 2 2
1358 8 1
1359 1 2
1359 2 2
1359 6 1
1359 8 2
1359 10 2
1360 1 2
1360 2 1
1360 4 2
1360 5 2
1360 7 2
1360 10 2
1361 1 2
1361 3 2
1361 7 2
1361 10 2
1362 1 2
1362 2 1
1362 6 2
1362 7 2
1362 8 2
1362 9 2
1363 7 2
1363 8 1
1363 10 1
1364 1 1
1364 4 2
1364 6 2
1364 7 1
1364 9 1
1365 1 1
1365 3 1
1365 4 1
1365 5 1
1365 7 1
1365 8 1
1365 9 1
1365 10 1
1366 1 2
1366 2 1
1366 3 1
1366 7 2
1366 8 2
1366 10 2
1367 1 1
1367 5 2
1367 6 2
1367 9 1
1368 1 1
1369 1 1
1369 6 2
1369 8 1
1369 9 1
1369 10 1
1370 1 2
1370 2 2
1370 4 2
1370 6 2
1370 7 2
1370 10 2
1371 1 2
1371 2 2
1371 10 2
1372 1 1
1372 2 1
1372 4 2
1372 7 1
1372 10 2
1373 1 1
1373 2 2
1373 3 1
1374 1 2
1374 4 2
1374 5 2
1374 7 2
1374 10 2
1375 2 2
1375 7 1
1375 10 2
1376 1 1
1376 10 1
1377 1 2
1377 4 2
1377 6 2
1377 8 2
1378 1 2
1378 10 2
1379 1 1
1379 7 2
1380 1 1
1380 7 2
1380 8 2
1381 1 2
1381 2 2
1381 4 1
1381 9 2
1381 10 2
1382 1 2
1382 3 1
1382 6 2
1382 7 2
1382 10 2
1383 1 1
1383 10 1
1384 1 1
1384 6 1
1385 1 1
1385 3 1
1385 4 1
1385 7 2
1385 10 2
1386 1 1
1386 2 1
1386 7 2
1386 10 1
1387 1 2
1387 7 1
1388 1 2
1388 2 2
1388 4 2
1388 7 2
1388 9 2
1388 10 2
1389 1 2
1389 2 2
1389 5 2
1389 7 2
1389 8 1
1389 10 2
1390 1 2
1390 2 2
1390 5 2
1390 7 1
1390 8 2
1390 10 1
1391 1 2
1391 2 2
1391 5 1
1391 6 2
1392 1 1
1392 2 2
1392 10 2
1393 1 2
1393 2 2
1393 7 1
1393 9 2
1393 10 2
1394 1 2
1394 5 1
1394 6 2
1394 7 1
1394 8 1
1394 10 2
1395 1 2
1395 2 1
1395 8 2
1395 10 2
1396 1 2
1396 2 2
1396 3 2
1396 4 1
1396 10 1
1397 1 2
1397 3 2
1397 5 1
1397 10 2
1398 1 1
1398 2 1
1398 3 1
1398 6 1
1398 7 1
1398 9 1
1398 10 1
1399 2 1
1399 3 2
1399 10 2
1400 1 2
1400 2 1
1400 5 1
1400 7 1
1400 8 2
1400 9 1
1401 1 1
1401 2 2
1401 4 1
1401 6 1
1401 7 2
1401 8 1
1401 10 1
1402 1 2
1402 2 1
1402 6 2
1402 7 1
1402 8 1
1402 10 2
1403 2 2
1403 5 2
1403 8 2
1403 10 2
1404 1 1
1404 3 1
1404 5 1
1404 9 1
1405 1 2
1405 3 2
1405 10 1
1406 1 2
1406 2 1
1406 6 2
1406 7 1
1407 1 1
1407 6 1
1407 8 2
1407 10 2
1408 1 2
1408 2 2
1408 8 1
1408 10 1
1409 1 1
1409 9 1
1409 10 1
1410 1 1
1410 7 2
1410 9 1
1410 10 2
1411 1 2
1411 8 2
1411 10 2
1412 2 2
1412 3 1
1412 7 1
1412 10 2
1413 1 1
1413 3 1
1413 9 1
1414 1 1
1414 4 1
1414 5 1
1414 7 1
1414 10 2
1415 1 2
1415 3 1
1415 7 1
1415 10 1
1416 1 1
1416 7 1
1416 10 2
1417 1 2
1417 4 2
1418 1 2
1418 4 1
1418 5 2
1418 6 2
1418 7 1
1419 1 1
1419 3 1
1419 7 2
1419 10 1
1420 9 1
1421 1 1
1421 7 2
1421 8 2
1421 9 1
1422 1 1
1422 2 2
1422 3 1
1422 6 1
1422 7 2
1422 10 1
1423 2 1
1423 3 1
1423 9 1
1423 10 1
1424 1 2
1425 1 1
1425 2 2
1425 3 1
1425 10 1
1426 8 1
1427 4 2
1427 7 2
1427 10 2
1428 2 1
1428 5 1
1428 10 1
1429 1 1
1429 4 1
1429 6 1
1429 7 1
1429 9 1
1429 10 1
1430 1 1
1430 2 2
1430 4 1
1430 6 2
1430 7 1
1430 9 1
1430 10 1
1431 1 1
1431 2 1
1431 9 2
1431 10 2
1432 1 2
1432 2 2
1432 9 2
1433 1 1
1433 2 2
1433 3 1
1433 10 2
1434 1 1
1434 7 1
1434 10 1
1435 1 1
1435 7 1
1435 9 1
1435 10 2
1436 1 2
1436 2 2
1436 4 2
1437 1 1
1437 2 1
1437 3 1
1437 5 2
1438 1 2
1438 5 2
1438 7 1
1438 8 2
1439 1 2
1439 3 2
1439 4 2
1439 7 1
1440 1 1
1440 2 2
1440 6 2
1440 8 1
1440 10 1
1441 1 1
1441 3 1
1441 6 1
1441 8 1
1441 10 1
1442 1 1
1442 3 1
1442 4 1
1442 5 2
1443 1 2
1443 2 1
1443 4 1
1443 6 2
1443 7 1
1443 10 2
1444 1 2
1444 6 2
1444 9 1
1444 10 2
1445 1 1
1445 2 1
1445 3 1
1445 8 2
1446 1 1
1446 2 1
1446 4 1
1446 7 1
1446 10 1
1447 1 1
1447 2 1
1447 5 1
1447 7 1
1448 1 2
1448 2 2
1448 7 1
1448 10 2
1449 1 1
1449 2 1
1449 3 2
1449 4 1
1449 6 1
1449 7 2
1449 10 1
1450 1 2
1450 3 2
1450 6 2
1450 7 1
1450 8 2
1450 10 2
1451 1 2
1451 2 2
1451 7 2
1452 1 2
1452 6 2
1452 7 2
1452 9 2
1452 10 2
1453 1 1
1453 6 1
1453 7 2
1454 1 1
1454 3 1
1454 4 2
1454 7 2
1455 1 2
1455 2 2
1455 7 2
1456 7 2
1457 3 1
1457 7 1
1457 8 2
1457 9 2
1457 10 2
1458 1 2
1458 2 2
1458 4 1
1458 8 1
1458 10 1
1459 1 2
1459 3 1
1459 6 1
1459 7 1
1459 10 1
1460 1 2
1460 4 1
1460 6 2
1460 7 1
1460 8 1
1460 9 1
1460 10 1
1461 1 1
1461 10 2
1462 1 2
1462 2 1
1462 6 2
1462 10 1
1463 1 1
1463 2 1
1463 5 2
1464 2 1
1464 3 2
1464 6 2
1465 1 1
1465 6 1
1465 7 1
1465 8 1
1465 10 1
1466 1 2
1466 3 2
1466 4 1
1466 7 1
1466 10 2
1467 1 2
1467 2 1
1467 6 2
1467 9 2
1468 1 1
1468 2 1
1468 6 2
1468 7 1
1468 8 1
1468 10 2
1469 1 1
1469 2 2
1469 10 2
1470 1 1
1470 2 2
1470 8 2
1471 1 1
1471 7 1
1471 8 1
1471 10 2
1472 1 1
1472 3 1
1472 10 2
1473 1 1
1473 7 1
1473 10 2
1474 1 1
1474 7 1
1474 10 1
1475 1 1
1475 4 1
1475 6 2
1475 7 1
1475 9 1
1475 10 1
1476 6 1
1476 7 2
1476 8 1
1476 9 2
1476 10 1
1477 1 2
1477 7 1
1477 8 2
1477 10 2
1478 1 1
1478 2 1
1478 7 2
1478 8 1
1479 1 2
1479 2 2
1479 6 2
1479 9 1
1479 10 2
1480 1 2
1480 2 2
1480 7 1
1481 1 1
1481 3 1
1481 8 1
1482 1 1
1482 2 2
1482 6 2
1482 7 1
1483 1 2
1483 10 2
1484 2 2
1484 7 1
1484 10 2
1485 1 1
1485 7 1
1486 1 1
1486 2 1
1486 6 2
1486 7 1
1486 8 2
1487 4 2
1487 6 1
1487 10 1
1488 1 2
1488 2 2
1488 6 2
1488 8 2
1490 1 2
1490 2 2
1490 7 2
1490 9 2
1491 1 2
1491 7 1
1492 1 2
1492 2 1
1492 10 2
1493 1 1
1493 3 2
1493 4 1
1493 6 2
1494 1 1
1494 3 2
1494 4 1
1494 7 1
1494 10 1
1495 1 1
1495 5 2
1495 6 2
1495 7 1
1496 1 1
1496 5 2
1496 6 1
1496 8 2
1496 9 2
1496 10 2
1497 1 2
1497 2 1
1497 6 2
1497 7 1
1498 1 1
1498 2 1
1498 3 1
1498 8 2
1499 1 1
1499 4 1
1499 7 1
1499 9 1
1499 10 1
1500 1 1
1500 9 2
