1 1
2 1
3 1
4 1
5 1
6 1
7 2
8 2
9 2
10 1
11 1
12 2
13 1
14 1
15 1
16 1
17 2
18 2
19 1
20 2
21 1
22 1
23 2
24 2
25 1
26 2
27 2
28 1
29 1
30 1
31 2
32 2
33 1
34 1
35 1
36 1
37 1
38 1
39 2
40 2
41 2
42 2
43 1
44 2
45 1
46 2
47 1
48 1
49 1
50 2
51 1
52 2
53 2
54 2
55 1
56 2
57 2
58 1
59 2
60 1
61 1
62 2
63 2
64 1
65 2
66 1
67 2
68 1
69 2
70 2
71 2
72 2
73 1
74 1
75 2
76 1
77 1
78 1
79 2
80 2
81 2
82 2
83 2
84 2
85 2
86 2
87 2
88 1
89 1
90 2
91 1
92 1
93 1
94 2
95 1
96 2
97 2
98 1
99 1
100 2
101 2
102 1
103 2
104 2
105 1
106 1
107 2
108 2
109 2
110 2
111 2
112 2
113 1
114 2
115 1
116 1
117 2
118 1
119 2
120 2
121 1
122 2
123 1
124 1
125 2
126 1
127 2
128 1
129 1
130 1
131 2
132 1
133 1
134 2
135 2
136 1
137 2
138 1
139 1
140 1
141 1
142 2
143 2
144 2
145 2
146 1
147 2
148 2
149 2
150 1
151 2
152 1
153 1
154 1
155 1
156 2
157 2
158 2
159 1
160 2
161 1
162 1
163 2
164 1
165 1
166 2
167 2
168 2
169 2
170 1
171 1
172 2
173 2
174 2
175 2
176 1
177 1
178 2
179 1
180 1
181 1
182 1
183 1
184 1
185 1
186 2
187 2
188 1
189 1
190 1
191 2
192 1
193 1
194 1
195 2
196 1
197 2
198 2
199 2
200 1
201 2
202 2
203 1
204 1
205 2
206 2
207 1
208 2
209 2
210 1
211 1
212 1
213 1
214 1
215 2
216 1
217 2
218 1
219 2
220 1
221 1
222 1
223 2
224 1
225 1
226 2
227 1
228 2
229 2
230 2
231 1
232 1
233 2
234 1
235 2
236 2
237 1
238 1
239 1
240 1
241 2
242 1
243 1
244 2
245 2
246 1
247 2
248 2
249 1
250 1
251 1
252 1
253 2
254 1
255 2
256 1
257 1
258 1
259 1
260 1
261 1
262 2
263 1
264 2
265 1
266 1
267 1
268 1
269 1
270 2
271 2
272 1
273 2
274 2
275 2
276 2
277 2
278 2
279 1
280 2
281 2
282 1
283 2
284 1
285 1
286 1
287 2
288 1
289 1
290 1
291 2
292 1
293 2
294 2
295 2
296 2
297 1
298 2
299 1
300 2
301 1
302 1
303 2
304 1
305 1
306 1
307 1
308 2
309 1
310 1
311 2
312 2
313 1
314 1
315 1
316 2
317 2
318 1
319 2
320 1
321 1
322 2
323 1
324 1
325 2
326 1
327 1
328 2
329 1
330 2
331 1
332 1
333 1
334 2
335 2
336 2
337 2
338 2
339 1
340 2
341 2
342 2
343 1
344 1
345 1
346 2
347 1
348 1
349 1
350 1
351 2
352 2
353 1
354 1
355 2
356 1
357 1
358 2
359 2
360 2
361 1
362 2
363 2
364 2
365 1
366 2
367 2
368 2
369 2
370 1
371 1
372 2
373 1
374 1
375 2
376 2
377 2
378 2
379 1
380 2
381 2
382 2
383 1
384 1
385 2
386 2
387 1
388 2
389 1
390 2
391 2
392 1
393 1
394 1
395 2
396 2
397 2
398 2
399 2
400 1
401 2
402 1
403 2
404 1
405 2
406 2
407 2
408 1
409 1
410 1
411 2
412 2
413 1
414 2
415 2
416 1
417 1
418 2
419 1
420 2
421 1
422 1
423 1
424 1
425 1
426 1
427 1
428 1
429 1
430 2
431 1
432 2
433 1
434 2
435 2
436 1
437 2
438 1
439 2
440 2
441 1
442 1
443 1
444 2
445 1
446 2
447 2
448 2
449 2
450 2
451 2
452 2
453 1
454 1
455 1
456 2
457 2
458 1
459 2
460 2
461 1
462 1
463 2
464 1
465 2
466 2
467 2
468 2
469 2
470 2
471 2
472 1
473 2
474 1
475 2
476 2
477 2
478 1
479 1
480 2
481 2
482 1
483 1
484 2
485 2
486 2
487 1
488 1
489 2
490 2
491 2
492 2
493 2
494 2
495 1
496 2
497 1
498 2
499 1
500 1
501 1
502 2
503 1
504 1
505 1
506 2
507 2
508 2
509 2
510 2
511 2
512 1
513 2
514 1
515 1
516 2
517 1
518 2
519 2
520 2
521 2
522 1
523 1
524 2
525 1
526 1
527 1
528 1
529 1
530 1
531 2
532 1
533 1
534 2
535 2
536 2
537 1
538 2
539 2
540 2
541 2
542 2
543 2
544 1
545 2
546 1
547 1
548 1
549 1
550 1
551 1
552 1
553 1
554 1
555 2
556 2
557 1
558 1
559 1
560 1
561 2
562 2
563 1
564 2
565 2
566 1
567 1
568 2
569 2
570 1
571 2
572 1
573 2
574 2
575 1
576 1
577 2
578 1
579 2
580 1
581 1
582 2
583 1
584 2
585 1
586 2
587 1
588 1
589 2
590 1
591 1
592 2
593 2
594 1
595 2
596 1
597 2
598 2
599 1
600 1
601 1
602 2
603 2
604 1
605 2
606 1
607 1
608 1
609 2
610 2
611 1
612 1
613 1
614 2
615 1
616 1
617 1
618 1
619 1
620 1
621 1
622 2
623 2
624 1
625 1
626 2
627 2
628 1
629 2
630 2
631 2
632 2
633 1
634 1
635 2
636 2
637 2
638 1
639 1
640 2
641 2
642 2
643 2
644 2
645 2
646 1
647 1
648 1
649 2
650 1
651 1
652 2
653 1
654 2
655 1
656 1
657 2
658 1
659 1
660 1
661 1
662 1
663 1
664 2
665 2
666 1
667 1
668 1
669 2
670 2
671 2
672 1
673 1
674 2
675 1
676 1
677 2
678 2
679 2
680 2
681 2
682 2
683 2
684 2
685 2
686 2
687 1
688 1
689 2
690 1
691 2
692 1
693 1
694 1
695 1
696 1
697 2
698 2
699 1
700 2
701 1
702 2
703 2
704 1
705 2
706 2
707 2
708 1
709 1
710 1
711 2
712 1
713 1
714 2
715 2
716 2
717 1
718 1
719 2
720 2
721 2
722 2
723 1
724 2
725 1
726 1
727 2
728 2
729 1
730 1
731 1
732 1
733 2
734 1
735 2
736 2
737 2
738 2
739 1
740 2
741 2
742 2
743 2
744 2
745 2
746 1
747 2
748 1
749 1
750 2
751 2
752 2
753 2
754 2
755 2
756 2
757 2
758 1
759 1
760 1
761 1
762 2
763 2
764 2
765 2
766 2
767 1
768 1
769 2
770 1
771 1
772 1
773 2
774 2
775 1
776 1
777 1
778 1
779 2
780 2
781 2
782 1
783 2
784 2
785 1
786 1
787 2
788 2
789 1
790 1
791 2
792 2
793 1
794 1
795 1
796 1
797 1
798 1
799 1
800 1
801 2
802 1
803 1
804 1
805 2
806 1
807 1
808 2
809 1
810 2
811 2
812 2
813 1
814 1
815 2
816 2
817 1
818 2
819 1
820 1
821 1
822 1
823 1
824 1
825 1
826 1
827 1
828 2
829 1
830 2
831 2
832 2
833 1
834 2
835 1
836 1
837 1
838 2
839 1
840 2
841 2
842 1
843 1
844 2
845 1
846 1
847 2
848 2
849 2
850 1
851 1
852 1
853 2
854 2
855 1
856 1
857 1
858 2
859 2
860 2
861 1
862 2
863 2
864 1
865 2
866 2
867 2
868 2
869 2
870 1
871 2
872 2
873 2
874 2
875 1
876 1
877 2
878 2
879 1
880 2
881 2
882 2
883 1
884 2
885 1
886 1
887 2
888 1
889 1
890 2
891 2
892 1
893 1
894 1
895 1
896 1
897 1
898 1
899 1
900 2
901 1
902 2
903 1
904 1
905 1
906 2
907 1
908 2
909 2
910 2
911 2
912 2
913 2
914 1
915 2
916 2
917 2
918 1
919 2
920 2
921 1
922 1
923 2
924 1
925 1
926 2
927 2
928 1
929 1
930 1
931 2
932 2
933 2
934 2
935 1
936 2
937 2
938 2
939 1
940 1
941 2
942 1
943 2
944 2
945 1
946 2
947 2
948 2
949 2
950 1
951 1
952 2
953 2
954 1
955 2
956 1
957 1
958 1
959 2
960 1
961 2
962 2
963 1
964 2
965 2
966 2
967 2
968 1
969 1
970 1
971 2
972 2
973 2
974 1
975 1
976 2
977 1
978 2
979 2
980 2
981 1
982 1
983 2
984 2
985 1
986 1
987 2
988 1
989 2
990 1
991 2
992 2
993 1
994 2
995 1
996 2
997 2
998 2
999 1
1000 1
1001 2
1002 2
1003 2
1004 2
1005 2
1006 1
1007 1
1008 1
1009 2
1010 2
1011 2
1012 2
1013 1
1014 1
1015 2
1016 1
1017 1
1018 1
1019 1
1020 1
1021 1
1022 1
1023 2
1024 2
1025 2
1026 1
1027 1
1028 1
1029 2
1030 1
1031 1
1032 1
1033 1
1034 1
1035 1
1036 1
1037 1
1038 1
1039 1
1040 2
1041 2
1042 1
1043 1
1044 1
1045 2
1046 1
1047 1
1048 2
1049 2
1050 1
1051 2
1052 2
1053 1
1054 1
1055 2
1056 1
1057 2
1058 2
1059 1
1060 1
1061 1
1062 2
1063 2
1064 2
1065 2
1066 2
1067 2
1068 1
1069 1
1070 1
1071 2
1072 2
1073 2
1074 2
1075 2
1076 1
1077 2
1078 2
1079 1
1080 1
1081 2
1082 2
1083 1
1084 1
1085 2
1086 1
1087 1
1088 2
1089 1
1090 2
1091 2
1092 2
1093 2
1094 1
1095 1
1096 2
1097 1
1098 1
1099 2
1100 2
1101 1
1102 1
1103 2
1104 2
1105 2
1106 2
1107 1
1108 1
1109 1
1110 2
1111 1
1112 2
1113 1
1114 1
1115 1
1116 1
1117 1
1118 2
1119 2
1120 2
1121 2
1122 1
1123 1
1124 1
1125 1
1126 1
1127 2
1128 2
1129 1
1130 1
1131 2
1132 2
1133 1
1134 1
1135 2
1136 1
1137 2
1138 1
1139 1
1140 2
1141 1
1142 1
1143 2
1144 1
1145 1
1146 2
1147 2
1148 2
1149 1
1150 2
1151 2
1152 1
1153 2
1154 2
1155 1
1156 2
1157 1
1158 2
1159 1
1160 2
1161 1
1162 1
1163 1
1164 2
1165 1
1166 1
1167 1
1168 2
1169 1
1170 2
1171 2
1172 1
1173 2
1174 2
1175 1
1176 1
1177 2
1178 1
1179 2
1180 1
1181 2
1182 1
1183 1
1184 2
1185 1
1186 1
1187 2
1188 2
1189 2
1190 1
1191 2
1192 1
1193 2
1194 1
1195 1
1196 2
1197 1
1198 1
1199 1
1200 2
1201 1
1202 2
1203 2
1204 2
1205 2
1206 2
1207 1
1208 2
1209 2
1210 2
1211 2
1212 1
1213 1
1214 1
1215 1
1216 2
1217 2
1218 1
1219 1
1220 2
1221 1
1222 2
1223 1
1224 1
1225 1
1226 1
1227 2
1228 1
1229 2
1230 1
1231 2
1232 2
1233 1
1234 1
1235 1
1236 2
1237 1
1238 1
1239 1
1240 2
1241 1
1242 2
1243 1
1244 1
1245 1
1246 2
1247 1
1248 2
1249 1
1250 2
1251 2
1252 2
1253 2
1254 2
1255 2
1256 2
1257 1
1258 2
1259 1
1260 1
1261 2
1262 2
1263 1
1264 2
1265 1
1266 2
1267 2
1268 2
1269 1
1270 2
1271 1
1272 2
1273 2
1274 2
1275 1
1276 2
1277 2
1278 1
1279 2
1280 2
1281 2
1282 1
1283 2
1284 1
1285 1
1286 2
1287 1
1288 1
1289 2
1290 2
1291 2
1292 2
1293 2
1294 2
1295 1
1296 1
1297 2
1298 1
1299 1
1300 2
1301 2
1302 1
1303 1
1304 2
1305 2
1306 1
1307 1
1308 2
1309 1
1310 1
1311 2
1312 2
1313 1
1314 2
1315 2
1316 1
1317 1
1318 1
1319 2
1320 1
1321 1
1322 1
1323 1
1324 1
1325 2
1326 2
1327 2
1328 1
1329 2
1330 2
1331 2
1332 1
1333 2
1334 1
1335 1
1336 1
1337 2
1338 1
1339 2
1340 2
1341 1
1342 2
1343 1
1344 1
1345 1
1346 2
1347 1
1348 1
1349 2
1350 1
1351 2
1352 1
1353 1
1354 2
1355 1
1356 2
1357 2
1358 1
1359 2
1360 2
1361 2
1362 2
1363 1
1364 1
1365 1
1366 2
1367 1
1368 1
1369 1
1370 2
1371 2
1372 1
1373 1
1374 2
1375 2
1376 1
1377 2
1378 2
1379 1
1380 2
1381 2
1382 2
1383 2
1384 1
1385 2
1386 1
1387 2
1388 2
1389 2
1390 2
1391 2
1392 2
1393 2
1394 2
1395 2
1396 2
1397 2
1398 1
1399 2
1400 2
1401 1
1402 2
1403 2
1404 1
1405 2
1406 2
1407 1
1408 2
1409 1
1410 1
1411 2
1412 1
1413 1
1414 2
1415 2
1416 1
1417 2
1418 2
1419 1
1420 2
1421 2
1422 1
1423 1
1424 2
1425 1
1426 2
1427 2
1428 1
1429 1
1430 1
1431 1
1432 2
1433 1
1434 1
1435 1
1436 2
1437 1
1438 2
1439 2
1440 1
1441 1
1442 1
1443 2
1444 2
1445 1
1446 1
1447 1
1448 2
1449 1
1450 2
1451 2
1452 2
1453 1
1454 1
1455 2
1456 2
1457 2
1458 2
1459 1
1460 2
1461 1
1462 2
1463 1
1464 1
1465 1
1466 2
1467 2
1468 1
1469 1
1470 1
1471 1
1472 1
1473 1
1474 1
1475 1
1476 1
1477 2
1478 2
1479 2
1480 2
1481 1
1482 1
1483 2
1484 1
1485 1
1486 1
1487 1
1488 2
1489 2
1490 2
1491 2
1492 2
1493 2
1494 1
1495 1
1496 1
1497 2
1498 1
1499 1
1500 2
