1 3 1
1 9 1
1 10 1
2 1 1
2 3 1
2 4 2
2 5 1
2 9 2
3 3 1
3 4 1
3 9 2
3 10 1
4 3 2
4 5 2
4 8 1
5 4 1
5 6 2
5 10 2
6 2 2
6 3 2
6 5 2
6 9 2
6 10 2
7 1 2
7 2 2
7 3 2
7 4 2
7 5 2
7 6 2
7 9 2
9 3 2
9 4 1
9 6 2
9 8 2
10 1 1
10 4 1
10 6 2
10 9 1
11 1 1
11 3 1
11 4 1
12 1 1
12 3 1
13 3 2
13 4 2
13 5 2
13 8 2
13 9 1
14 3 2
14 8 2
14 10 2
15 5 1
15 6 1
15 9 1
16 1 1
16 4 1
16 5 1
16 6 1
17 3 2
17 9 2
17 10 2
18 3 2
18 5 2
18 6 1
18 9 2
18 10 2
19 3 1
19 6 1
19 9 1
20 4 2
20 6 1
20 10 2
21 1 2
21 2 1
21 3 2
21 4 2
21 10 2
22 4 1
22 6 2
22 9 2
22 10 2
23 5 1
23 6 2
23 9 2
23 10 2
24 3 2
24 5 2
24 8 2
25 3 1
25 4 2
25 5 1
25 10 1
26 3 1
26 6 1
26 8 1
26 9 2
27 4 2
27 9 1
27 10 2
28 3 1
28 4 2
28 5 1
28 6 2
28 9 2
28 10 1
29 3 1
29 4 2
29 10 1
30 4 1
30 5 1
30 8 1
30 10 1
31 2 2
31 3 2
31 4 1
31 6 1
31 10 2
32 4 1
32 5 2
32 9 1
33 4 1
33 5 2
34 3 2
34 6 2
34 9 2
35 1 1
35 2 2
35 4 1
35 5 2
35 6 1
36 3 1
36 4 2
36 10 1
37 1 2
37 3 1
37 4 2
37 6 1
39 3 1
39 4 1
39 6 1
39 9 1
39 10 1
40 3 2
40 4 1
40 5 2
40 10 1
41 3 2
41 4 2
41 6 2
41 8 2
41 10 1
42 1 2
42 3 1
42 4 1
42 5 1
42 8 1
42 9 1
42 10 2
43 3 2
43 4 1
43 6 2
43 9 2
43 10 2
44 3 2
44 4 1
44 6 1
44 9 1
45 3 1
45 5 1
45 9 1
45 10 1
46 2 2
46 3 2
46 4 1
46 9 1
46 10 1
47 4 1
47 5 2
47 6 2
47 7 2
47 8 2
47 10 2
48 2 2
48 5 2
48 6 2
49 2 1
49 3 1
49 4 2
49 10 2
50 3 1
50 4 2
50 5 2
50 10 2
51 3 2
51 4 2
51 5 2
51 8 2
51 9 1
52 2 1
52 3 1
52 9 2
52 10 1
53 5 2
53 6 1
53 9 2
53 10 2
54 1 1
54 3 1
54 4 1
54 5 1
54 8 1
54 10 1
55 3 1
55 8 1
55 9 1
56 4 1
56 5 1
56 8 2
56 10 1
57 3 2
57 4 2
57 5 2
57 10 2
58 1 1
58 2 1
58 3 1
58 4 2
58 5 1
58 10 2
59 2 1
59 4 1
59 5 1
59 9 2
59 10 1
60 1 2
60 3 1
60 4 2
61 5 2
61 10 2
62 1 2
62 4 2
62 6 1
62 9 2
62 10 1
63 6 2
63 10 1
64 1 2
64 2 1
64 3 1
64 4 2
64 5 1
64 6 2
64 9 1
64 10 2
65 3 2
65 4 2
65 9 1
65 10 2
66 3 1
66 4 1
66 6 1
66 8 1
66 9 1
66 10 1
67 3 1
67 6 1
67 9 1
68 2 1
68 3 2
68 4 2
68 5 2
68 6 1
68 9 1
68 10 2
69 4 1
69 5 1
69 9 1
70 2 1
70 3 1
70 6 2
70 10 1
71 3 1
71 5 1
71 6 1
71 7 2
72 3 1
72 5 1
72 6 1
72 7 1
73 2 2
73 5 2
73 9 2
74 1 2
74 3 2
74 9 2
74 10 2
75 1 1
75 3 2
75 5 2
75 6 2
75 10 2
76 3 2
76 4 1
76 9 2
77 5 1
77 6 2
77 9 1
77 10 1
78 4 1
78 6 2
78 10 2
79 3 2
79 7 1
79 9 1
80 4 1
80 6 1
80 10 1
81 1 1
81 3 1
81 4 1
81 10 1
82 2 1
82 3 1
82 4 1
82 5 1
82 9 2
83 3 1
83 4 1
83 6 1
84 3 1
84 4 1
84 5 1
84 9 1
84 10 1
85 1 2
85 5 2
85 9 2
86 1 2
86 4 1
86 5 2
86 9 2
87 3 2
87 6 2
87 9 2
87 10 2
88 2 1
88 4 1
88 5 1
88 6 1
89 2 2
89 3 2
89 4 2
89 7 1
89 10 1
90 9 1
90 10 1
91 1 2
91 3 2
92 4 1
92 5 1
92 9 1
93 4 2
93 5 2
93 6 2
93 10 1
94 3 2
94 4 2
94 6 2
94 8 2
94 10 1
95 3 1
96 1 2
96 4 1
96 8 1
96 9 2
96 10 1
97 3 2
97 5 2
97 10 2
98 1 2
98 3 1
98 4 2
98 6 1
98 10 1
99 1 2
99 3 2
99 9 2
99 10 2
100 1 2
100 3 2
100 5 2
100 8 1
101 3 1
101 4 1
101 5 1
101 6 1
102 4 1
102 5 2
102 9 2
102 10 2
103 3 1
103 4 2
103 9 1
103 10 2
104 2 1
104 5 1
104 8 2
104 9 1
104 10 2
105 6 2
105 8 1
105 9 1
105 10 1
106 2 1
106 3 1
106 4 1
106 9 1
106 10 1
107 2 1
107 3 1
107 4 1
107 9 1
107 10 1
108 8 1
108 9 1
108 10 1
109 3 1
109 5 1
109 8 1
109 10 1
111 2 1
111 3 2
111 4 2
111 5 1
111 6 1
111 9 1
111 10 2
112 2 1
112 3 1
112 5 1
112 6 1
113 3 1
113 4 1
113 6 1
113 10 1
114 2 1
114 4 1
114 9 1
114 10 1
115 1 1
115 4 2
115 5 1
115 10 1
116 2 2
116 3 2
116 4 2
116 5 2
116 8 2
117 3 1
117 4 2
117 5 2
117 6 1
117 9 2
118 1 2
118 2 2
118 3 2
118 4 2
119 3 1
119 5 2
119 7 2
119 10 1
120 5 1
120 6 1
120 8 2
120 9 2
120 10 1
121 3 1
121 4 1
121 9 1
122 3 1
122 5 1
122 10 1
123 2 2
123 3 1
123 5 1
123 6 2
123 8 2
123 10 1
124 4 1
125 1 1
125 2 1
125 8 2
125 9 2
126 1 2
126 3 2
126 10 2
127 3 2
127 5 2
127 10 2
128 3 2
128 4 2
128 6 2
129 1 2
129 3 2
129 4 2
129 9 1
130 1 1
130 5 2
130 6 2
130 10 2
131 3 1
131 8 1
131 10 1
132 3 2
132 4 1
132 5 2
132 8 2
132 10 2
133 1 1
133 3 1
133 4 1
133 9 2
133 10 2
134 3 1
134 9 1
134 10 1
135 3 1
135 4 1
135 5 1
135 10 2
136 3 2
136 8 2
136 9 2
136 10 2
137 3 2
137 4 2
137 6 1
137 8 2
137 9 2
138 3 1
138 4 1
138 5 1
138 9 2
138 10 1
139 2 2
139 3 2
139 9 1
140 2 1
140 3 2
140 6 1
140 9 2
140 10 2
141 3 2
141 4 1
141 5 2
141 6 2
141 10 1
142 1 2
142 3 2
142 6 2
143 1 2
143 3 1
143 4 1
143 7 1
143 10 1
144 1 1
144 2 1
144 3 1
144 4 1
144 5 1
144 8 1
144 10 1
145 1 2
145 4 1
145 5 2
145 6 1
145 10 2
146 1 1
146 3 1
146 6 1
146 9 1
146 10 1
147 1 2
147 3 2
147 5 2
148 2 1
148 4 1
148 5 1
148 8 1
148 9 1
148 10 2
149 3 1
149 5 1
149 8 2
149 9 2
150 3 2
150 4 2
150 8 2
150 10 2
151 2 2
151 3 2
151 4 1
151 5 2
151 6 2
152 4 2
152 5 2
152 9 2
152 10 2
153 3 1
153 5 2
153 8 2
153 9 2
154 2 2
154 5 1
154 8 1
154 10 1
155 3 2
155 6 2
156 3 1
156 4 2
156 5 1
156 6 2
156 10 1
157 4 1
157 5 1
157 6 2
157 7 1
157 9 1
157 10 1
158 3 1
158 10 2
159 1 1
159 6 1
159 8 2
160 2 1
160 3 1
160 4 1
162 4 1
162 6 2
162 8 1
162 10 1
163 7 2
163 10 2
164 1 1
164 2 1
164 3 1
164 4 1
164 5 1
164 7 2
164 8 2
165 5 1
165 6 1
165 8 1
165 9 1
165 10 1
166 2 1
166 3 1
166 4 1
166 5 1
166 9 1
166 10 1
167 3 2
167 4 1
167 6 1
167 8 2
167 9 2
167 10 2
168 3 2
168 5 2
169 3 2
169 5 2
169 6 1
169 10 2
170 3 2
170 5 2
170 9 2
171 4 2
171 10 1
172 2 2
172 3 1
172 10 2
173 2 1
173 3 1
173 4 1
173 5 1
173 6 1
173 9 2
174 3 1
174 4 1
174 5 1
174 9 2
174 10 2
175 2 2
175 3 1
175 9 1
175 10 2
176 3 1
176 4 1
176 5 1
176 6 1
177 4 1
177 6 1
177 9 2
177 10 1
178 1 1
178 3 1
178 4 1
178 8 1
179 3 1
179 4 1
179 9 2
179 10 2
180 3 1
180 5 1
181 1 2
181 2 2
181 3 2
181 6 2
181 10 2
182 1 2
182 3 1
182 5 1
182 9 1
183 3 2
183 4 2
183 6 1
183 10 2
184 2 2
184 3 2
184 5 2
184 8 2
184 10 2
185 3 2
185 4 1
185 9 1
185 10 1
186 4 1
186 10 2
187 2 2
187 4 1
187 9 1
187 10 1
188 3 2
188 4 1
188 5 2
188 6 2
189 3 2
189 8 1
189 10 2
190 4 2
190 10 2
191 10 1
192 9 2
192 10 2
193 2 2
193 4 2
193 5 2
193 6 2
194 2 2
194 3 2
194 5 2
195 1 1
195 2 1
195 3 1
195 6 1
195 10 1
196 3 1
196 4 1
196 5 1
196 6 1
196 10 2
197 4 1
197 5 1
197 6 1
197 8 2
197 9 1
197 10 1
198 3 2
198 4 2
198 5 2
198 6 1
199 3 1
199 4 1
199 5 1
200 2 2
200 3 1
200 4 1
201 1 2
201 6 2
201 9 1
202 5 1
202 8 1
203 3 2
203 4 1
203 5 2
203 7 2
203 8 2
203 9 2
203 10 2
204 1 1
204 3 1
204 5 1
204 8 1
204 9 2
205 1 1
205 3 1
205 4 1
205 7 1
205 8 1
205 9 2
205 10 1
206 4 1
206 5 1
206 6 2
206 8 1
206 9 2
206 10 1
207 1 2
207 4 2
207 9 2
207 10 1
208 9 2
208 10 1
209 3 1
209 5 2
210 3 2
210 4 2
210 6 2
210 8 2
210 9 1
211 1 2
211 3 2
211 5 2
211 6 2
211 9 1
212 3 1
212 4 1
212 6 2
212 8 1
212 9 1
212 10 2
213 4 1
213 5 1
213 6 2
214 2 2
214 6 2
214 9 1
215 1 2
215 3 2
215 4 1
215 9 2
215 10 2
216 3 1
216 4 1
216 5 1
216 9 2
217 1 1
217 2 1
217 3 1
217 4 1
218 9 1
218 10 1
219 1 2
219 3 2
219 4 2
219 6 2
219 7 1
219 9 1
219 10 1
220 4 2
220 5 2
220 6 1
220 8 2
222 3 1
222 4 1
222 5 1
222 6 1
222 9 1
223 4 1
223 9 2
224 4 1
224 5 2
224 9 1
225 2 2
225 4 2
225 5 2
225 6 1
225 9 2
225 10 2
226 3 2
226 4 1
226 5 1
226 9 2
226 10 2
227 2 2
227 5 1
228 1 2
228 4 1
228 5 2
228 10 2
229 1 1
229 3 1
229 4 1
229 8 2
229 9 2
230 9 2
231 1 2
231 2 2
231 3 2
231 5 2
231 9 1
231 10 2
232 3 1
232 5 1
232 10 2
233 3 2
233 5 2
233 6 2
233 9 2
234 3 1
234 6 2
234 9 2
234 10 2
235 2 1
235 5 1
235 6 1
236 3 2
236 5 2
236 9 1
236 10 1
237 3 2
237 8 2
237 10 2
238 3 2
238 4 1
238 5 2
238 7 2
238 9 1
239 4 2
240 1 1
240 2 1
240 3 1
240 4 1
240 5 1
240 10 1
241 1 1
241 3 2
241 4 2
241 9 2
241 10 1
242 4 2
242 5 1
242 9 1
242 10 1
243 3 1
243 4 1
243 5 1
243 7 2
243 9 2
243 10 2
244 2 2
244 3 2
244 5 2
244 8 1
244 9 1
244 10 2
245 3 2
245 6 2
245 9 1
245 10 2
246 1 2
246 3 2
246 4 1
246 5 2
246 6 2
246 9 2
247 2 1
247 4 1
247 9 2
247 10 2
248 3 1
249 1 2
249 3 2
249 4 1
250 4 2
250 5 2
250 8 2
250 9 2
251 4 1
251 5 1
251 10 2
252 3 2
252 4 1
252 6 2
252 9 2
252 10 2
253 3 1
253 6 1
253 10 1
254 2 2
254 3 1
254 6 1
254 8 2
255 3 1
255 4 1
255 5 1
255 10 1
256 1 2
256 4 1
256 9 2
257 1 2
257 3 2
257 4 2
257 5 2
257 9 2
258 1 2
258 2 2
258 4 2
258 5 2
258 9 2
258 10 2
259 2 1
259 4 1
260 3 1
260 4 1
260 6 2
260 9 1
260 10 1
261 3 2
261 4 2
261 5 2
261 6 1
261 8 2
261 9 1
262 3 1
262 4 2
262 5 2
262 8 2
262 9 2
263 1 2
263 3 2
263 4 2
263 9 2
263 10 2
264 1 2
264 4 1
264 5 1
264 6 2
264 10 2
265 2 1
265 4 1
265 5 1
265 7 1
265 10 1
266 1 2
266 3 2
266 5 2
266 10 1
267 10 1
268 1 2
268 6 1
268 9 2
268 10 1
269 4 1
269 6 1
269 10 1
270 3 2
270 9 2
270 10 1
271 4 1
271 6 2
271 8 1
271 9 2
271 10 1
272 1 1
272 2 1
273 1 2
273 9 1
273 10 2
274 3 2
274 4 1
274 5 2
274 6 2
275 3 1
275 5 1
275 9 2
275 10 1
276 2 2
276 3 2
276 5 2
277 3 2
277 8 2
277 10 2
278 2 1
278 4 1
278 9 1
278 10 2
279 4 1
279 5 1
279 6 1
279 9 2
280 3 2
280 5 2
280 9 2
281 3 1
281 5 1
281 8 1
281 10 2
282 1 1
282 3 1
282 4 1
282 5 1
282 9 2
283 3 2
283 4 2
284 3 2
284 9 1
284 10 2
285 3 1
285 4 1
285 6 1
285 7 1
285 9 2
286 1 2
286 3 1
286 4 2
286 10 1
287 1 2
287 5 2
287 8 1
287 9 2
287 10 2
288 3 2
288 4 2
288 5 2
288 6 2
288 10 2
289 1 1
289 2 2
289 8 2
289 9 2
290 3 1
290 8 1
290 9 2
290 10 1
291 3 2
291 4 2
291 6 1
291 9 1
291 10 2
292 1 2
292 3 2
292 9 2
292 10 2
293 1 1
293 3 1
293 4 1
293 6 1
293 8 1
293 9 2
294 9 1
294 10 2
295 1 2
295 2 2
295 3 2
295 10 2
296 3 1
296 5 1
296 6 1
296 10 2
297 3 2
297 4 1
297 5 2
297 6 1
297 9 1
298 6 2
298 9 1
299 3 1
299 4 1
299 6 2
299 10 1
300 1 2
300 3 2
300 4 2
300 9 1
300 10 2
301 3 2
301 4 2
301 5 2
301 8 2
301 9 2
301 10 2
302 2 1
302 3 1
302 4 2
302 5 2
302 9 2
302 10 1
303 3 1
303 4 1
303 6 2
303 8 2
303 9 2
304 3 1
304 4 1
304 6 1
305 3 2
305 4 1
305 5 2
305 9 1
306 1 1
306 2 1
306 3 1
306 4 2
306 9 2
307 4 2
308 3 1
309 1 2
309 3 1
309 5 1
309 9 2
309 10 1
310 3 2
310 4 1
310 5 2
310 10 2
311 5 2
311 6 2
311 8 1
311 10 2
312 3 2
312 8 2
312 9 1
313 3 2
313 5 2
313 6 2
314 3 1
314 4 2
314 5 1
314 9 2
314 10 1
315 4 1
315 6 1
315 8 1
315 9 1
315 10 1
316 5 2
316 6 1
316 7 2
316 10 1
317 5 1
317 9 2
317 10 1
318 1 2
318 3 1
318 4 1
319 2 1
319 3 1
319 9 1
320 1 2
320 3 2
321 1 2
321 3 2
321 4 1
321 6 2
321 8 2
321 9 1
322 3 2
322 4 2
323 2 2
323 3 2
323 5 2
323 6 2
323 9 2
323 10 2
324 1 2
324 3 2
324 6 2
325 1 2
325 4 1
325 10 2
326 1 1
326 3 1
326 4 2
326 5 1
326 10 2
327 3 1
327 4 2
327 5 1
327 6 1
327 10 1
328 3 2
328 4 2
328 5 2
328 6 2
328 7 2
328 10 2
329 3 2
329 4 1
329 5 1
329 9 1
330 1 1
330 3 2
330 5 2
330 6 1
330 8 2
330 9 2
330 10 1
331 1 2
331 3 2
331 4 2
331 5 2
331 9 2
332 3 2
332 4 1
332 10 2
333 1 1
333 3 1
333 4 1
333 6 2
333 9 2
333 10 1
334 3 2
334 4 2
334 6 1
335 4 1
335 6 1
335 8 2
335 10 1
336 4 2
336 5 2
337 3 1
337 4 1
337 6 1
337 10 2
338 3 1
338 4 2
338 5 1
338 6 1
339 10 2
340 3 1
341 1 1
341 3 2
341 4 2
341 5 2
341 9 1
341 10 2
342 3 2
342 4 2
342 5 2
342 6 2
342 9 1
343 2 2
343 3 2
343 6 2
343 9 2
344 1 1
344 3 1
344 9 2
345 1 1
345 3 1
345 6 1
345 9 2
345 10 1
346 3 2
346 4 1
346 5 2
346 7 2
346 10 2
347 2 2
347 4 1
347 5 2
347 6 2
347 8 2
347 9 1
347 10 2
348 5 1
348 6 1
348 9 1
349 3 1
349 5 1
349 6 2
350 1 2
350 3 2
350 9 1
350 10 2
351 6 1
351 10 2
352 3 2
352 4 2
352 5 2
352 6 2
352 9 2
352 10 2
353 1 2
353 5 1
353 6 1
354 3 1
354 5 1
354 6 1
354 8 1
354 10 1
355 1 2
355 4 2
355 5 1
355 6 1
355 9 1
355 10 1
356 1 2
356 3 2
356 5 2
356 6 1
356 9 2
357 3 2
357 5 2
357 8 2
357 9 1
358 1 1
358 3 2
358 4 1
359 3 1
359 4 2
359 5 2
359 9 2
359 10 1
360 1 2
360 9 1
361 3 2
361 4 2
361 5 2
361 6 1
361 7 2
361 10 2
362 2 1
362 5 2
362 6 2
362 9 2
362 10 2
363 3 2
363 4 2
363 9 1
363 10 2
364 2 2
364 3 1
364 6 2
364 8 1
364 10 1
365 3 2
365 4 2
365 5 2
365 6 1
365 8 1
365 10 2
366 1 2
366 3 2
366 4 2
366 5 2
366 8 1
366 9 2
367 3 2
367 9 2
367 10 1
368 5 1
368 6 1
368 9 1
368 10 1
369 4 1
369 6 2
369 7 1
369 9 2
369 10 2
370 3 2
370 4 2
370 6 1
370 8 2
370 10 2
371 2 1
371 3 2
371 5 2
372 4 2
372 5 1
373 3 2
373 9 1
374 1 1
374 3 1
374 4 1
374 5 1
374 9 1
374 10 1
375 3 2
375 6 2
375 8 2
375 9 1
375 10 1
376 1 2
376 4 2
376 6 1
376 10 2
377 3 2
377 4 1
377 6 2
377 9 2
377 10 1
378 1 2
378 4 1
378 5 1
378 6 1
378 9 2
378 10 1
379 1 2
379 3 2
379 4 2
379 9 2
379 10 2
380 3 2
380 8 1
381 2 2
381 3 1
381 5 1
381 10 1
382 3 2
382 4 2
382 9 1
382 10 2
383 1 1
383 3 1
383 4 1
383 5 1
383 8 1
383 9 2
384 3 1
384 4 2
384 5 1
385 4 2
385 5 2
385 8 2
386 1 2
386 3 1
386 4 1
386 5 1
386 8 1
386 9 2
387 3 2
387 9 2
388 3 1
388 5 1
388 9 2
389 2 2
389 9 1
389 10 2
390 4 1
390 6 2
390 9 2
391 1 2
391 3 1
391 4 1
391 5 1
391 9 2
392 4 1
392 10 1
393 3 1
393 4 2
393 6 1
393 9 1
393 10 1
394 3 1
394 10 1
395 1 2
395 3 1
395 4 2
395 10 1
396 3 1
396 5 1
396 6 1
396 8 1
396 10 2
397 5 1
397 6 2
398 3 2
398 4 1
398 5 2
398 10 1
399 4 1
399 5 1
399 7 2
399 10 1
400 3 2
400 4 1
400 10 1
401 2 1
401 10 2
402 4 1
402 9 1
403 5 1
403 6 2
403 9 1
404 1 2
404 3 2
404 4 2
404 5 2
404 10 2
405 4 2
405 5 1
405 6 2
405 9 1
406 1 1
406 4 1
406 5 1
406 6 1
406 10 2
407 3 1
407 4 1
407 8 1
407 10 2
408 2 2
408 8 2
408 9 2
408 10 1
409 4 1
409 5 2
409 10 2
410 3 1
410 5 2
410 8 2
410 9 2
410 10 2
411 3 1
411 4 2
411 9 2
412 3 2
412 5 2
412 10 1
413 4 2
413 6 2
413 10 2
414 1 2
414 2 1
414 3 1
414 4 1
414 5 1
415 3 2
415 4 1
415 9 2
415 10 1
416 4 2
416 10 1
417 1 2
417 2 2
417 3 2
417 4 1
417 10 2
418 2 1
418 3 2
418 4 1
418 8 2
418 9 2
418 10 2
419 3 2
419 4 1
419 5 2
419 10 2
420 3 1
420 10 2
421 3 2
421 4 2
421 6 1
421 10 2
422 3 2
422 4 1
423 1 1
423 5 1
424 4 1
424 5 1
424 8 2
424 9 2
424 10 1
425 3 1
425 5 1
425 6 1
425 10 1
426 3 1
426 9 2
426 10 2
427 2 2
427 6 1
427 9 2
427 10 2
428 3 1
428 4 1
428 5 2
428 6 2
428 9 2
429 4 1
429 5 1
430 2 1
430 4 2
430 5 1
430 6 1
431 3 1
431 4 1
431 9 1
431 10 1
432 3 1
432 4 1
432 9 1
432 10 1
433 3 1
433 4 1
433 6 1
433 8 2
433 10 1
434 2 1
434 4 1
434 6 1
434 9 1
434 10 1
435 2 2
435 3 2
435 4 1
435 6 2
435 10 1
436 2 2
436 4 2
436 5 2
436 10 2
437 3 2
437 4 2
437 6 2
437 9 2
438 4 2
438 6 2
438 10 1
439 3 2
439 4 2
439 6 2
439 10 2
440 1 2
440 3 2
440 4 1
440 8 2
440 9 2
441 5 1
441 6 2
441 10 2
442 3 2
442 4 1
442 5 2
442 10 2
443 5 1
443 9 1
444 3 2
444 6 2
444 7 2
444 8 2
444 9 2
444 10 2
445 3 1
445 9 1
445 10 1
446 3 2
446 6 1
446 10 2
447 1 2
447 3 2
447 4 1
447 5 1
447 6 1
447 10 2
448 3 2
448 4 1
448 9 1
449 3 2
449 4 2
449 6 2
449 8 2
449 10 1
450 10 1
451 3 2
451 4 2
451 6 1
451 9 1
451 10 1
452 1 1
452 6 2
452 8 2
452 10 1
453 2 2
453 3 2
453 4 1
453 6 2
453 8 1
454 3 1
454 4 2
454 5 1
454 6 1
454 9 1
455 3 2
455 9 1
456 3 2
456 4 2
456 9 2
456 10 2
457 1 2
457 3 1
457 4 1
457 8 1
457 9 2
457 10 2
458 9 2
458 10 1
459 4 1
459 5 1
460 2 2
460 3 2
460 4 2
460 5 2
460 6 2
460 9 2
461 3 1
461 4 1
461 8 1
462 3 1
462 5 1
462 7 1
462 9 1
463 3 2
463 4 2
463 5 2
463 6 1
463 10 1
464 3 1
464 6 2
465 1 2
465 4 1
465 5 1
465 10 1
466 1 2
466 4 1
467 3 1
467 4 1
468 2 1
468 4 1
468 6 1
468 9 2
468 10 2
469 1 1
469 2 1
469 3 1
469 4 1
469 5 1
470 1 2
470 4 2
470 6 2
470 9 2
471 3 1
471 5 1
472 1 2
472 3 2
472 4 1
473 1 2
473 3 2
473 4 1
473 5 2
474 1 2
474 4 2
474 6 2
474 8 1
474 9 2
475 3 2
475 5 2
475 8 2
475 9 1
476 3 2
476 5 2
476 6 2
476 8 1
476 10 2
477 10 1
478 1 2
478 3 2
478 4 2
478 5 2
479 3 1
479 4 2
479 5 2
479 6 2
479 9 2
479 10 2
480 1 2
480 3 1
480 8 1
480 9 2
480 10 1
481 3 1
481 4 2
481 6 1
481 7 1
481 9 2
482 1 2
482 3 1
482 6 1
483 3 2
483 4 2
483 9 2
483 10 2
484 2 2
484 3 2
484 5 2
484 8 2
484 10 2
485 3 2
485 4 1
485 6 1
486 1 2
486 3 2
486 5 2
486 6 2
486 9 2
486 10 1
487 4 2
487 6 2
487 7 2
487 9 1
487 10 2
488 3 2
488 4 2
488 5 2
488 9 2
488 10 2
489 5 2
489 6 1
489 10 1
490 2 2
490 3 2
490 4 2
490 5 2
490 9 2
491 1 2
491 2 1
491 3 1
491 5 1
492 5 2
492 6 1
492 9 1
493 3 1
493 5 2
493 10 2
494 1 1
494 3 1
494 4 1
494 6 1
494 9 2
494 10 1
495 3 1
495 5 1
495 6 2
496 2 2
496 4 2
496 5 2
496 6 2
496 8 2
496 9 1
497 2 1
497 3 1
497 4 2
497 6 1
497 9 1
497 10 1
498 3 1
498 8 2
498 9 1
498 10 1
499 2 1
499 3 1
499 4 1
499 5 2
499 6 2
499 9 1
500 2 2
500 3 1
500 4 1
500 5 1
500 6 1
501 3 1
501 5 1
501 9 1
502 1 2
502 3 2
502 4 1
502 5 2
502 6 2
502 8 2
502 9 2
502 10 1
503 2 1
503 5 1
503 6 1
503 9 2
503 10 2
504 1 2
504 3 2
504 4 2
504 5 2
504 9 1
504 10 2
505 1 1
505 2 1
505 3 1
505 4 1
505 5 1
505 6 1
505 9 2
505 10 2
506 6 2
507 3 1
507 4 1
507 6 2
507 7 2
507 8 1
507 9 2
507 10 1
508 3 2
508 5 2
508 8 2
508 9 2
508 10 1
509 1 1
509 3 1
509 4 1
509 5 1
509 6 1
509 8 2
509 10 2
510 3 1
510 5 1
510 6 2
510 9 2
510 10 1
511 1 2
511 3 2
511 9 1
511 10 2
512 4 1
512 6 1
512 8 2
513 3 2
513 4 2
513 5 2
513 6 2
513 9 2
513 10 2
514 3 1
514 4 2
514 5 1
514 6 1
514 9 1
514 10 1
515 3 1
515 4 1
515 8 2
515 10 1
516 2 2
516 3 2
516 4 2
516 5 2
516 6 2
517 2 2
517 4 2
517 6 2
517 9 2
517 10 2
518 10 2
519 5 1
519 8 1
520 1 2
520 2 2
520 9 1
520 10 1
521 1 1
521 3 1
521 10 1
522 4 2
523 5 2
523 9 2
523 10 2
524 2 1
524 3 1
524 4 2
524 5 1
524 9 1
524 10 2
525 1 2
525 5 2
525 6 1
526 3 1
526 4 1
526 6 1
526 9 2
527 3 1
527 4 1
527 6 1
527 10 1
528 3 1
528 4 1
528 5 1
528 6 1
529 3 2
529 4 1
529 10 2
530 1 2
530 3 1
530 4 1
531 3 2
531 4 1
531 9 2
531 10 2
532 2 2
532 4 1
532 9 2
533 3 2
533 4 1
533 5 2
533 6 2
533 10 2
534 2 2
534 4 1
535 4 2
535 5 2
535 9 1
535 10 1
536 3 2
536 5 2
536 7 2
536 9 2
537 3 2
537 4 2
537 6 2
537 9 1
538 1 2
538 2 2
538 3 2
538 6 1
539 1 2
539 9 2
540 4 1
540 5 2
540 10 2
541 4 1
541 5 1
541 8 2
542 1 2
542 3 2
542 4 2
542 10 1
543 3 2
543 4 2
543 5 2
543 8 1
544 3 1
544 4 2
544 8 1
544 9 2
544 10 2
545 3 2
546 4 1
546 5 1
546 9 1
547 5 2
547 10 2
548 3 2
548 4 1
548 10 1
549 1 2
549 2 2
549 4 1
549 8 2
549 9 2
550 3 1
550 4 2
550 8 2
550 10 1
551 3 1
551 4 2
551 6 2
552 1 1
552 9 2
552 10 1
553 1 2
553 6 2
553 8 2
553 10 2
554 3 1
554 5 1
554 6 1
555 4 2
555 6 2
555 8 2
555 9 2
555 10 1
556 4 1
556 5 1
556 9 1
556 10 2
557 3 2
557 9 2
557 10 2
558 1 1
558 3 1
558 4 2
558 6 2
558 8 2
558 9 2
559 6 1
559 8 1
559 10 2
560 3 2
560 4 1
560 9 2
560 10 2
561 3 2
561 8 2
561 10 2
562 1 2
562 3 1
562 4 1
562 7 1
562 9 1
562 10 1
563 2 1
563 3 2
563 4 1
563 10 1
564 1 1
564 3 1
564 4 2
564 5 1
564 6 1
564 9 1
564 10 2
565 4 1
565 5 1
565 8 2
565 9 1
566 3 2
566 4 1
566 6 1
566 10 1
567 3 1
567 7 1
567 9 1
568 3 2
568 4 1
568 9 1
569 2 1
569 5 2
569 6 1
569 9 1
569 10 2
570 5 1
570 7 1
570 9 2
570 10 1
571 3 1
572 3 1
572 5 1
572 9 1
573 1 2
573 3 2
573 5 2
573 9 1
574 3 2
574 4 2
575 3 2
575 7 2
575 9 2
576 3 1
576 4 1
576 5 1
576 6 1
577 3 2
577 4 2
577 5 2
577 6 2
577 9 1
577 10 2
578 3 1
578 4 1
578 5 1
578 6 2
578 9 1
578 10 2
579 3 2
579 4 2
579 5 2
579 9 1
579 10 1
580 1 1
580 2 1
580 3 1
580 4 1
580 6 2
580 10 1
581 3 2
581 4 2
581 5 2
581 7 1
582 3 2
583 1 2
583 3 2
583 5 2
583 9 1
583 10 2
584 3 1
584 4 2
584 5 1
585 3 2
585 4 1
585 6 1
586 3 1
586 4 1
586 5 1
586 7 1
586 10 1
587 3 1
587 4 1
587 10 1
588 1 2
588 4 1
588 7 1
588 8 1
588 10 1
589 3 2
589 5 2
589 6 1
589 8 2
589 9 2
589 10 2
590 1 1
590 3 2
590 4 1
590 5 1
590 10 1
591 3 1
591 8 2
592 1 2
592 4 2
592 5 2
592 9 2
593 3 2
593 4 2
593 5 2
593 7 1
593 8 1
593 10 2
594 3 1
594 6 1
594 9 1
595 3 1
595 4 1
595 5 1
595 10 2
596 6 1
596 10 1
597 1 2
597 4 2
597 6 1
597 10 1
599 3 1
599 6 1
599 9 2
600 4 1
600 9 1
600 10 1
601 1 2
601 6 1
601 9 2
601 10 2
602 4 1
602 10 2
603 1 2
603 3 2
603 4 2
603 5 2
603 7 1
603 8 2
604 3 1
604 4 2
604 9 1
604 10 1
605 6 1
606 9 1
606 10 2
607 3 1
607 4 1
607 6 1
607 8 1
607 9 1
607 10 2
608 3 1
608 6 1
608 8 2
608 9 2
608 10 1
609 4 1
609 8 1
609 10 2
610 3 2
610 4 1
610 5 2
610 6 1
610 7 2
611 3 1
611 4 2
611 6 1
611 8 1
611 10 1
612 1 2
612 3 2
612 4 1
612 5 2
612 6 2
612 9 2
612 10 2
613 1 1
613 3 1
613 4 1
613 6 2
613 10 2
614 3 1
614 5 1
614 6 1
614 9 1
615 3 2
615 4 1
615 6 2
615 9 2
615 10 2
616 4 1
616 5 2
616 9 2
617 1 2
617 3 2
617 6 2
617 9 2
618 4 1
618 6 1
619 5 1
619 9 2
620 1 1
620 5 2
620 8 2
620 10 2
621 1 2
621 3 1
621 4 1
621 7 1
622 3 2
622 4 2
622 5 2
622 7 2
622 10 2
623 3 1
623 6 2
623 9 2
624 3 2
624 4 1
624 9 1
625 1 2
625 5 2
625 7 2
626 1 2
627 1 2
627 4 2
627 9 2
627 10 2
628 4 2
629 3 2
629 8 2
629 10 1
630 4 2
630 7 1
630 8 2
630 9 1
631 3 1
631 4 1
631 5 2
632 4 2
632 5 2
632 6 2
632 10 1
633 3 1
633 4 1
633 5 1
633 8 1
633 9 2
634 5 2
634 9 2
635 5 2
635 8 2
635 9 2
636 4 2
636 5 2
636 9 2
637 2 2
637 4 2
637 6 2
637 8 1
637 9 1
638 3 1
638 5 1
638 10 1
639 3 2
639 4 1
639 5 2
639 6 2
640 3 2
640 5 2
640 8 2
641 5 1
641 9 1
641 10 1
642 5 2
642 6 1
643 3 1
643 4 1
643 5 1
643 6 1
643 9 1
643 10 1
644 3 2
644 4 2
644 5 2
645 4 2
645 5 2
646 4 2
646 6 1
646 8 2
646 10 2
647 2 1
647 4 1
647 9 2
648 3 2
648 5 1
648 6 1
648 9 1
649 1 2
649 3 2
649 4 1
649 10 2
650 3 2
650 4 1
650 6 2
651 3 2
651 4 2
651 5 2
651 6 2
651 9 2
652 2 2
652 3 2
652 4 1
652 5 2
652 10 2
653 3 2
654 1 1
654 3 1
654 6 2
654 8 2
654 9 1
654 10 2
655 3 1
655 4 1
655 9 2
655 10 1
656 4 1
656 9 2
657 1 1
657 3 1
657 4 1
657 5 1
657 9 1
658 1 1
658 3 1
658 4 1
658 5 1
658 6 1
658 7 1
658 9 2
659 4 1
659 5 2
660 1 2
660 4 2
660 5 2
660 6 2
660 10 2
661 1 2
661 7 2
661 9 1
662 3 2
662 4 2
662 6 2
662 10 1
663 2 2
663 3 2
663 4 2
663 5 2
663 9 2
664 1 2
664 4 1
664 5 2
664 9 2
664 10 2
665 3 2
665 4 2
665 9 2
665 10 2
666 3 2
666 4 2
666 5 2
666 6 1
666 7 2
666 10 1
667 1 2
667 2 2
667 3 2
667 4 2
668 1 2
668 3 1
668 5 2
668 7 2
668 10 2
669 1 2
669 4 1
669 10 2
670 3 2
670 4 2
670 6 1
670 9 1
670 10 1
671 3 1
671 4 1
671 5 1
671 8 1
671 9 1
672 3 1
672 4 1
672 9 1
672 10 1
673 3 2
673 4 1
673 5 2
673 9 1
673 10 2
674 2 2
674 3 2
674 4 1
674 5 2
674 10 1
675 1 2
675 4 2
675 5 2
675 8 2
675 9 2
676 3 1
676 5 1
676 9 2
677 3 1
677 5 1
677 10 1
678 3 1
678 9 2
678 10 1
679 3 1
679 4 1
679 5 1
679 10 1
680 1 2
680 4 2
680 5 1
680 6 2
680 8 2
680 10 1
681 3 1
681 4 1
681 9 2
681 10 1
682 1 2
682 4 2
682 9 1
682 10 1
683 3 2
683 5 2
683 8 1
684 1 1
684 3 1
684 4 1
684 8 2
684 9 1
684 10 1
685 4 1
685 5 2
685 10 2
686 3 1
686 10 1
687 2 1
687 3 1
687 4 1
687 8 1
687 10 1
688 3 1
688 5 2
688 9 1
689 1 2
689 2 1
689 3 1
689 4 1
689 5 2
689 6 1
689 8 2
689 10 1
690 1 1
690 3 1
690 10 2
691 3 1
691 9 1
692 1 2
692 3 2
692 4 1
692 9 1
693 3 2
693 5 2
693 10 2
694 3 2
694 4 2
694 5 2
694 9 2
695 3 2
695 4 1
695 6 1
695 9 1
696 3 1
696 4 1
696 5 1
696 6 2
696 8 2
696 9 1
697 3 1
697 6 2
697 9 2
697 10 2
698 3 1
698 8 1
698 10 1
699 1 2
699 2 2
699 3 1
699 4 1
699 6 2
699 9 2
700 1 2
700 2 2
700 3 1
700 5 1
700 6 1
700 7 1
700 8 1
700 9 1
700 10 2
701 3 2
701 4 1
701 6 2
701 10 2
702 3 1
702 4 1
702 10 2
703 2 2
703 4 1
703 5 2
703 8 2
703 10 2
704 1 1
704 3 2
704 4 2
704 5 1
704 9 2
705 4 2
705 5 1
705 6 1
705 9 2
706 3 1
706 5 1
706 6 1
707 3 2
707 4 2
708 3 1
708 4 2
708 5 1
708 8 2
708 10 1
709 4 1
709 5 1
709 9 2
709 10 1
710 1 1
710 3 1
710 4 1
710 5 1
710 8 1
711 3 1
711 4 1
711 6 1
711 8 1
711 9 1
712 3 2
712 4 2
712 6 1
712 9 2
712 10 2
713 3 1
713 5 1
713 6 1
714 2 2
714 3 2
714 4 2
714 8 2
714 10 2
715 1 1
715 4 1
715 5 1
715 10 1
716 3 1
716 4 2
716 5 1
716 8 1
716 10 1
717 3 1
717 6 1
717 9 2
718 1 2
718 3 2
718 5 2
718 6 1
718 9 1
718 10 2
719 3 2
719 4 2
719 5 2
719 6 1
719 9 2
719 10 2
720 3 1
720 4 1
720 5 2
720 6 1
720 9 1
720 10 2
721 4 1
721 5 1
722 3 2
722 4 1
722 5 1
722 9 2
723 1 1
723 4 2
723 6 1
723 8 2
723 9 1
724 3 1
724 5 1
724 10 1
725 3 1
725 5 1
725 7 1
726 4 2
726 6 1
726 10 1
727 1 1
727 3 1
727 10 1
728 1 2
728 3 2
728 4 2
728 5 2
728 6 2
728 10 1
729 3 2
729 4 2
729 5 2
729 6 1
729 8 2
729 10 2
730 1 1
730 2 1
730 3 1
730 4 1
730 5 1
730 6 2
730 7 1
730 10 1
731 3 1
731 6 1
731 9 1
731 10 1
732 1 2
732 2 2
732 4 1
732 5 2
732 6 1
732 10 2
733 4 1
733 5 1
733 9 2
733 10 2
734 3 1
734 4 2
734 6 1
734 10 2
735 1 2
735 2 2
735 6 1
736 3 1
736 4 2
736 5 1
736 9 1
736 10 2
737 1 2
737 3 2
737 5 2
738 1 1
738 3 2
738 4 1
738 5 2
739 1 2
739 3 2
739 10 2
740 3 2
740 6 1
740 9 1
740 10 1
741 4 1
741 10 2
742 5 2
743 1 2
743 3 1
743 4 2
743 5 2
743 6 2
743 9 1
743 10 2
744 3 1
744 5 1
744 6 1
744 8 1
745 2 1
745 4 2
745 5 1
746 3 2
746 4 2
746 5 2
746 10 2
747 1 2
747 3 2
747 4 1
747 5 2
747 6 1
748 3 2
748 9 2
749 3 1
749 4 1
749 5 1
749 6 1
749 8 1
749 9 2
749 10 1
750 4 1
750 5 1
751 3 1
751 4 1
751 10 1
752 3 1
752 6 1
753 5 1
753 10 1
754 2 2
754 3 1
754 4 1
754 6 2
754 8 2
754 9 2
755 3 1
755 6 1
755 10 1
756 4 2
756 5 1
756 6 1
756 10 2
757 1 2
757 3 2
757 4 2
757 5 2
757 8 2
757 9 2
757 10 1
758 4 2
758 8 1
758 10 2
759 1 1
759 3 1
759 4 1
759 5 1
759 10 1
760 3 2
760 4 1
760 5 2
760 6 1
761 1 2
761 3 2
761 5 2
761 10 1
762 3 2
762 4 1
762 6 2
762 9 2
763 3 1
763 4 1
763 6 1
763 7 1
763 9 1
764 3 1
764 4 1
764 5 1
764 8 2
764 9 2
765 2 2
765 4 1
765 5 1
765 8 1
765 10 2
766 8 2
767 1 2
767 3 1
767 5 1
767 6 1
767 8 2
767 9 1
768 4 1
768 6 1
768 10 1
769 3 1
769 4 1
769 6 2
769 8 1
769 9 1
769 10 2
770 3 1
770 4 1
770 5 1
770 10 1
771 1 2
771 3 1
771 5 1
771 9 1
772 3 1
772 4 2
772 5 1
772 7 1
772 9 1
772 10 1
773 3 1
773 4 2
773 6 2
773 8 1
773 9 1
773 10 2
774 2 2
774 3 1
774 5 1
774 6 1
774 8 1
774 10 1
775 3 1
775 6 1
775 10 1
776 2 2
776 3 2
776 4 1
776 5 2
776 9 2
777 1 2
777 3 2
777 4 1
777 5 2
777 6 1
777 7 2
777 10 2
778 3 2
778 4 2
778 5 2
778 10 1
779 2 1
779 3 1
779 5 1
779 6 2
779 9 2
780 3 1
780 4 2
780 9 1
780 10 2
781 4 1
781 5 1
781 6 1
781 9 2
781 10 1
782 1 1
782 5 1
782 8 1
782 10 2
783 6 1
783 8 1
783 10 1
784 3 2
784 4 2
784 5 2
784 6 1
784 9 2
784 10 2
785 4 1
785 9 2
786 1 1
786 5 1
786 9 1
787 3 1
787 4 2
787 5 2
787 6 1
787 9 2
788 3 2
788 6 1
788 8 2
789 1 2
789 3 2
789 5 2
789 10 2
791 1 1
791 3 1
791 5 1
792 1 2
792 3 2
793 4 1
793 8 1
794 3 1
794 4 2
794 5 2
794 8 2
794 9 2
795 1 2
795 3 2
795 4 2
795 6 1
795 9 2
796 3 2
796 9 1
797 1 2
797 3 2
797 4 2
797 6 1
797 9 1
797 10 1
798 1 2
798 3 2
798 4 2
798 5 2
798 6 2
798 9 2
798 10 1
799 3 1
799 5 1
799 9 1
799 10 1
800 3 1
800 4 1
801 4 2
801 5 1
801 10 1
802 4 2
802 5 2
802 9 2
803 4 1
803 5 1
803 8 2
803 10 2
804 2 1
804 3 1
804 4 1
804 8 1
804 9 1
804 10 2
805 1 2
805 3 1
805 4 2
805 9 2
806 2 2
806 3 1
806 5 1
806 9 1
806 10 1
807 1 2
807 2 1
807 3 2
807 9 2
808 3 2
808 5 2
808 8 1
808 10 1
809 1 2
809 3 2
809 4 1
809 5 2
809 10 2
810 3 2
810 4 2
810 5 2
811 2 2
811 3 2
811 4 2
811 5 2
811 6 2
811 9 2
811 10 2
812 4 1
812 8 2
812 9 2
812 10 1
813 3 2
813 4 2
813 7 2
814 5 1
814 6 2
814 8 1
814 10 1
815 1 2
815 3 1
815 9 1
815 10 1
816 4 2
816 5 2
816 6 1
816 8 2
816 9 2
817 4 1
817 5 1
817 9 2
817 10 2
818 1 2
818 4 2
818 6 1
819 2 2
819 6 1
819 9 2
819 10 1
820 3 2
820 4 2
820 5 2
820 6 2
820 8 2
820 10 2
821 3 1
821 4 1
821 6 1
821 9 1
822 4 1
822 8 1
822 9 2
823 1 2
823 3 1
823 6 1
823 9 2
824 1 1
824 3 1
824 4 1
824 5 1
824 10 2
825 2 1
825 5 1
825 9 2
825 10 1
826 3 1
826 8 1
826 10 2
827 1 2
827 3 2
827 5 2
827 8 1
827 10 1
828 2 2
828 3 2
828 6 1
828 10 2
829 3 1
829 4 1
829 9 1
829 10 1
830 3 2
830 4 1
830 6 2
830 9 2
831 2 2
831 3 2
831 4 2
831 5 2
831 10 2
832 2 2
832 3 2
832 4 2
832 6 2
832 10 2
833 3 1
833 4 1
833 5 1
833 10 1
834 1 1
834 4 2
834 6 1
834 9 2
835 4 1
835 5 1
835 8 1
835 9 1
836 3 1
836 4 1
836 5 1
836 8 1
836 10 2
837 2 1
837 3 1
838 1 2
838 2 2
838 4 2
838 5 2
838 6 2
838 9 1
838 10 2
839 10 1
840 4 1
840 8 1
841 2 2
841 4 1
841 6 1
841 9 2
841 10 2
842 4 2
843 3 2
843 4 1
843 9 1
844 3 2
844 4 1
844 5 2
844 9 1
845 1 2
845 3 1
845 4 1
845 5 1
845 6 1
845 10 1
846 3 1
846 4 2
846 6 1
847 2 1
847 4 1
847 6 1
848 3 1
848 4 1
848 5 1
848 6 2
848 9 2
849 3 1
849 5 1
849 6 2
849 10 1
850 5 1
850 7 2
850 10 2
851 1 1
851 4 2
852 4 2
852 5 2
852 8 2
852 10 1
853 5 1
853 9 2
853 10 1
854 3 2
854 4 1
854 9 2
855 2 1
855 3 1
855 4 1
855 9 1
855 10 2
856 3 1
856 4 1
856 8 2
856 10 1
857 4 2
857 5 2
857 8 1
857 9 2
858 2 1
858 3 2
858 4 2
858 6 1
858 8 2
858 10 2
859 3 1
859 4 1
859 5 1
859 9 1
859 10 1
860 3 1
860 5 1
860 9 1
860 10 2
861 3 2
861 4 1
861 5 1
861 6 2
861 9 1
861 10 1
862 1 2
862 3 2
862 8 2
863 3 1
863 4 1
863 5 1
863 9 2
863 10 1
864 2 2
864 3 2
864 4 2
864 5 2
864 6 2
864 9 1
865 1 2
865 3 2
865 5 2
865 8 1
865 9 2
865 10 1
866 4 1
866 6 2
866 9 2
867 2 2
867 3 1
867 4 1
867 9 2
867 10 1
868 1 2
868 2 2
868 4 1
868 8 2
868 10 2
869 2 2
869 3 2
869 5 2
869 9 1
869 10 2
870 2 1
870 3 1
870 5 1
870 6 2
870 10 1
871 1 2
871 3 2
871 4 1
871 5 2
871 6 2
871 10 1
872 1 2
872 3 2
872 4 2
872 5 2
872 6 2
872 9 1
872 10 1
873 3 2
873 4 2
873 5 2
873 6 2
873 8 2
873 9 2
873 10 2
874 3 2
874 5 2
874 6 2
874 8 2
874 9 1
874 10 1
875 1 1
875 2 1
875 3 1
875 4 2
875 5 1
875 6 1
875 9 1
875 10 2
876 8 1
876 9 1
877 1 2
877 3 2
877 4 2
877 5 2
877 9 2
878 4 2
878 6 2
878 8 1
878 10 2
879 3 1
879 8 2
879 10 2
880 3 1
880 6 1
881 3 1
881 4 1
881 9 1
882 3 2
882 4 1
882 5 2
882 9 2
882 10 2
883 2 2
883 4 1
883 8 2
883 10 1
884 1 2
884 2 2
884 4 2
884 5 1
884 6 1
884 10 1
885 10 1
886 4 1
886 9 1
886 10 1
887 2 2
887 4 2
887 9 2
887 10 1
888 1 2
888 3 1
888 6 1
888 8 1
888 9 2
888 10 2
889 4 1
889 5 2
890 3 1
891 1 2
891 9 2
891 10 2
892 3 2
892 4 1
892 5 2
893 1 2
893 3 2
893 5 2
893 6 1
893 9 2
893 10 1
894 3 2
894 10 2
895 3 2
895 4 2
895 5 2
896 1 2
896 3 2
896 10 2
897 1 1
897 3 1
897 4 1
897 5 1
897 10 1
898 3 1
898 4 1
898 5 1
898 9 2
899 3 1
899 4 2
900 1 2
900 3 1
900 4 1
900 5 2
900 10 2
901 2 2
901 3 2
901 5 2
902 2 2
902 3 2
902 4 2
902 6 2
902 9 1
903 1 1
903 3 1
903 4 1
903 9 2
903 10 2
904 1 1
904 4 1
904 8 1
904 9 2
904 10 2
905 1 1
905 10 2
906 2 1
906 4 1
906 6 1
907 5 1
907 9 1
908 2 1
908 3 1
908 6 2
908 9 2
908 10 2
909 3 2
909 4 2
909 6 2
910 3 1
910 4 1
910 5 1
910 6 1
910 7 1
910 8 2
910 9 2
910 10 1
911 3 2
911 4 2
911 9 1
912 1 1
912 2 1
912 3 1
912 4 1
912 5 1
912 10 1
913 1 2
913 3 1
913 4 2
913 5 1
913 6 1
913 7 2
913 8 1
913 10 1
914 1 2
914 3 2
914 6 1
914 10 2
915 1 1
915 3 1
915 6 1
915 8 2
916 1 2
916 3 1
916 4 1
916 6 1
916 9 1
917 3 2
917 10 2
918 3 2
918 4 1
918 5 2
918 6 1
918 8 2
918 9 1
918 10 2
919 1 2
919 2 1
919 3 1
919 4 1
919 9 2
919 10 2
920 3 2
920 4 1
920 6 2
920 8 2
921 3 1
921 4 2
921 5 1
921 6 1
921 10 1
922 1 2
922 4 2
922 5 2
923 3 1
923 4 1
923 5 1
923 8 1
923 10 1
924 2 2
924 3 2
924 4 2
924 5 2
924 10 2
925 1 2
925 2 1
925 3 1
925 4 2
926 3 1
926 4 1
926 5 1
926 10 1
927 1 1
927 2 2
927 3 1
927 6 1
927 8 2
927 9 1
927 10 1
928 4 1
928 8 2
928 9 1
928 10 1
929 1 2
929 3 2
929 10 1
930 1 2
930 3 2
930 4 2
930 10 1
931 2 1
931 4 1
931 5 2
931 8 2
932 3 2
932 4 1
932 5 2
933 3 1
933 5 1
933 10 1
934 4 1
934 5 1
934 10 1
935 1 2
935 3 1
935 4 1
935 5 1
935 10 1
936 1 2
936 3 1
936 4 1
936 6 1
937 4 1
937 5 2
937 8 2
937 10 2
938 4 2
938 5 2
938 6 2
938 9 1
939 7 2
939 8 2
939 10 2
940 3 1
940 4 1
940 8 2
941 3 2
941 5 2
941 6 2
941 10 2
942 1 1
942 3 1
942 4 2
942 5 1
942 6 1
942 9 2
943 3 1
943 4 2
943 10 1
944 1 2
944 2 1
944 3 1
944 4 1
944 10 1
945 3 1
945 5 1
945 9 1
946 4 1
946 9 1
947 2 2
947 3 2
947 5 2
947 10 2
948 3 2
948 4 1
948 5 2
948 6 1
949 1 2
949 5 2
949 8 1
949 10 1
950 4 1
950 6 1
951 2 2
951 3 2
951 4 2
951 10 2
952 4 1
952 8 1
952 9 1
952 10 1
953 2 2
953 5 2
953 9 1
954 2 2
954 4 1
954 5 2
954 6 1
955 3 1
955 7 2
955 10 1
956 3 2
956 5 2
956 6 1
956 9 2
957 1 2
957 3 1
957 10 2
958 1 1
958 5 1
958 6 1
959 3 1
959 5 1
959 8 1
959 10 2
960 1 2
960 7 2
960 9 2
961 1 2
961 3 2
961 8 2
961 9 1
962 1 2
962 2 2
962 3 2
962 4 1
962 5 2
962 6 2
962 9 2
963 1 2
963 4 2
963 9 1
964 2 1
964 3 1
964 4 2
964 5 2
964 6 1
964 8 2
964 9 2
965 3 2
965 5 2
965 7 1
966 3 2
966 6 1
966 10 2
967 3 1
967 4 1
967 8 1
967 9 2
967 10 2
968 9 2
968 10 2
969 3 2
969 4 1
969 9 1
969 10 2
970 4 2
970 6 2
970 9 1
971 3 1
971 4 1
972 4 1
972 9 1
972 10 1
973 3 1
973 4 1
973 6 1
973 10 1
974 3 1
974 5 1
974 6 1
974 7 1
974 9 1
975 3 1
975 5 2
975 6 2
975 10 2
976 3 1
976 6 1
976 9 1
977 3 2
977 9 1
978 3 1
978 4 2
979 3 1
979 4 1
979 5 1
979 6 2
979 9 2
979 10 1
980 3 2
980 4 1
980 5 1
980 6 1
980 8 1
981 3 2
981 5 2
981 6 2
981 8 1
981 10 2
982 5 1
982 8 1
982 10 1
983 1 2
983 4 1
983 9 1
983 10 2
984 3 2
984 4 2
984 8 1
984 9 1
985 3 2
985 4 2
985 5 2
985 6 2
985 8 2
985 9 1
986 1 1
986 3 1
986 4 1
986 5 1
986 9 1
986 10 1
987 9 2
987 10 1
988 5 2
988 10 2
989 3 1
989 5 1
989 6 1
989 9 2
989 10 2
990 9 1
990 10 1
991 1 1
991 2 2
991 4 1
991 5 1
991 9 1
991 10 1
992 3 1
993 3 1
993 5 1
993 6 1
993 8 2
993 9 1
994 5 2
994 6 2
994 10 2
995 1 2
995 3 2
995 4 1
995 6 1
995 10 1
996 5 2
997 1 1
997 2 2
997 3 1
997 4 2
997 5 1
997 8 1
997 9 2
997 10 1
998 2 1
998 3 1
998 4 1
998 5 1
998 6 1
998 9 1
998 10 1
999 3 2
999 4 1
999 10 2
1000 3 1
1000 5 1
1000 6 2
1000 9 2
1000 10 1
