1 1 1
1 2 1
1 3 1
1 7 2
1 9 1
1 10 2
2 1 1
2 2 1
2 3 2
2 4 2
2 5 2
2 6 1
2 7 1
2 10 1
3 1 1
3 2 1
3 5 1
3 6 1
3 7 1
3 8 1
3 10 1
4 1 2
4 2 1
4 4 2
4 5 2
4 6 2
4 7 2
4 8 2
5 1 2
5 3 2
5 4 2
5 5 2
5 6 2
5 7 2
5 9 2
6 1 2
6 2 2
6 4 1
6 5 2
6 6 1
6 7 1
6 9 1
7 1 2
7 2 2
7 3 1
7 4 2
7 5 2
7 6 1
7 9 2
7 10 1
8 1 2
8 7 2
8 8 2
9 1 1
9 2 2
9 3 1
9 5 1
9 6 2
9 8 2
10 2 1
10 3 1
10 5 2
10 6 2
10 7 1
10 9 1
10 10 1
11 1 2
11 7 1
12 1 2
12 3 1
12 4 1
12 6 2
12 7 2
12 8 1
13 2 1
13 5 1
13 6 1
13 7 2
13 8 1
13 10 1
14 2 2
14 3 1
14 4 2
14 5 2
14 6 2
14 7 2
15 1 1
15 2 1
15 4 2
15 5 1
15 6 1
15 7 1
15 9 1
15 10 1
16 1 1
16 2 1
16 4 2
16 6 1
16 7 1
16 10 1
17 1 2
17 2 2
17 4 2
17 5 2
17 6 2
17 8 1
17 9 2
17 10 2
18 1 2
18 2 1
18 3 1
18 4 1
18 5 1
18 6 2
18 7 1
19 1 2
19 2 1
19 4 2
19 6 2
19 7 2
19 8 1
19 9 1
19 10 2
20 1 2
20 2 1
20 3 1
20 5 1
20 6 1
20 7 1
20 9 2
20 10 1
21 1 1
21 2 2
21 3 1
21 4 1
21 6 1
21 7 1
21 9 1
22 1 1
22 4 2
22 6 1
23 1 2
23 2 2
23 4 2
23 5 2
23 6 2
23 7 2
23 8 2
23 9 1
23 10 1
24 1 2
24 4 1
24 6 1
24 7 1
24 10 1
25 1 2
25 2 2
25 3 1
25 4 2
25 6 2
26 2 1
26 4 2
26 7 1
26 8 1
26 9 1
27 1 2
27 3 2
27 4 2
27 5 2
27 6 1
27 10 2
28 1 2
28 2 2
28 4 2
28 5 1
28 10 2
29 1 2
29 2 2
29 5 1
29 6 2
29 7 1
29 10 1
30 1 2
30 3 2
30 5 2
30 6 2
30 7 2
30 9 2
31 1 2
31 2 2
31 5 1
31 6 2
31 7 1
31 8 1
31 9 1
32 1 1
32 2 1
32 3 2
32 4 2
32 5 1
32 6 1
33 1 2
33 2 1
33 3 2
33 5 2
34 1 2
34 2 1
34 3 2
34 4 2
34 6 2
34 7 2
34 8 2
35 1 2
35 2 1
35 4 2
35 5 2
35 7 2
35 9 1
35 10 2
36 1 2
36 2 1
36 4 1
36 5 2
36 6 2
36 7 2
36 8 1
36 9 1
36 10 1
37 1 2
37 2 1
37 3 2
37 7 2
37 8 1
37 9 1
38 1 1
38 3 1
38 4 1
38 5 2
38 6 1
38 8 1
38 9 1
39 1 2
39 2 2
39 3 2
39 4 2
39 5 1
39 6 2
39 8 1
40 1 1
40 2 2
40 4 2
40 6 1
40 8 2
41 1 2
41 3 2
41 4 1
41 9 1
41 10 1
42 1 2
42 3 1
42 4 2
42 5 1
42 6 2
42 7 2
42 8 1
42 10 1
43 1 2
43 3 2
43 4 2
43 6 1
43 8 1
43 10 1
44 1 2
44 2 2
44 3 2
44 4 2
44 6 2
44 7 2
45 1 1
45 4 1
45 5 1
45 6 2
45 7 1
45 8 1
45 10 1
46 1 1
46 2 1
46 5 1
46 6 2
46 7 1
46 8 1
47 1 2
47 2 2
47 3 1
47 5 1
47 6 2
47 7 2
47 9 2
47 10 1
48 1 1
48 5 2
48 6 2
49 1 2
49 3 1
49 6 2
49 7 2
49 9 1
49 10 2
50 1 2
50 3 1
50 4 1
50 6 1
50 7 1
50 8 1
50 10 1
51 1 2
51 2 1
51 3 1
51 4 2
51 10 1
52 1 1
52 2 1
52 4 2
52 5 2
52 7 2
52 9 1
52 10 2
53 1 1
53 2 2
53 6 2
53 8 1
53 9 1
53 10 1
54 1 2
54 3 1
54 4 2
54 5 1
54 6 1
55 1 1
55 2 1
55 3 2
55 5 1
55 6 2
55 7 1
55 8 1
55 10 1
56 1 1
56 2 1
56 4 2
56 5 1
56 6 1
56 7 1
56 8 1
56 10 1
57 1 1
58 1 2
58 2 2
58 4 2
58 5 2
58 6 2
58 7 2
58 10 1
59 1 1
59 2 2
59 3 2
59 4 2
59 5 1
59 6 2
59 7 2
59 8 2
59 9 2
59 10 1
60 2 1
60 3 2
60 6 1
60 7 1
60 10 1
61 1 1
61 2 2
61 3 1
61 5 2
61 6 2
61 7 2
61 8 2
62 1 1
62 5 2
62 6 2
62 7 2
62 10 1
63 1 2
63 4 2
63 5 1
63 6 2
63 7 2
63 8 1
63 10 2
64 1 1
64 2 2
64 4 1
64 5 1
64 7 1
64 8 1
64 10 1
65 1 2
65 3 1
65 5 2
65 6 2
65 7 2
65 10 1
66 1 1
66 2 2
66 4 1
66 5 1
66 7 2
66 10 2
67 1 2
67 2 2
67 5 1
67 6 2
67 7 2
68 1 2
68 2 1
68 3 2
68 5 2
68 6 2
68 7 2
69 1 2
69 2 2
69 5 1
69 6 2
69 7 2
69 8 2
69 10 2
70 1 2
70 3 1
70 4 1
70 6 1
70 7 1
70 10 1
71 1 2
71 7 2
72 1 1
72 2 1
72 4 2
72 5 1
72 6 2
72 7 2
72 8 2
73 1 1
73 2 2
73 3 1
73 4 2
73 6 2
73 7 2
73 8 1
74 1 2
74 2 1
74 4 1
74 6 1
74 7 1
75 1 2
75 2 2
75 3 2
75 4 2
75 5 2
75 6 2
75 7 2
76 1 1
76 2 2
76 3 2
76 5 1
76 6 2
76 8 1
77 1 2
77 2 2
77 3 1
77 4 1
77 5 2
77 6 2
77 7 1
77 8 2
77 9 1
77 10 1
78 1 2
78 3 2
78 4 2
78 5 2
78 6 2
79 1 2
79 2 2
79 3 1
79 4 1
79 6 1
79 10 1
80 1 1
80 4 2
80 5 1
80 6 1
80 7 2
80 8 1
80 10 1
81 1 2
81 2 2
81 3 2
81 4 2
81 7 2
81 9 2
82 1 2
82 5 2
82 6 1
82 7 1
82 8 1
82 10 1
83 1 1
83 2 1
83 3 1
83 4 1
83 6 2
83 7 1
84 1 2
84 2 1
84 5 1
84 6 2
84 7 2
84 8 2
85 1 2
85 3 2
85 4 2
85 7 2
86 1 1
86 3 2
86 4 2
86 7 2
86 8 2
86 9 2
87 1 2
87 2 1
87 3 1
87 4 1
87 6 1
87 7 1
87 10 1
88 2 2
88 4 2
88 5 2
88 6 2
89 1 2
89 3 1
89 4 1
89 6 1
89 7 1
89 8 1
89 10 1
90 1 2
90 2 2
90 3 1
90 4 2
90 5 1
90 6 2
90 7 1
90 9 2
90 10 1
91 1 2
91 2 1
91 4 2
91 6 2
91 7 2
92 1 1
92 2 1
92 3 1
92 4 1
92 7 1
92 9 1
92 10 1
93 1 2
93 3 1
93 4 2
93 5 1
93 8 2
93 9 2
94 1 1
94 2 1
94 3 2
94 5 2
94 6 2
94 7 1
94 9 2
95 1 1
95 2 1
95 3 2
95 4 2
95 5 2
95 6 1
95 7 1
95 8 2
96 1 2
96 3 1
96 4 2
96 5 2
96 6 2
96 7 2
96 9 1
97 1 2
97 4 2
97 6 2
97 7 2
97 10 2
98 1 1
98 2 1
98 3 1
98 4 2
98 6 1
98 7 1
98 9 1
99 1 2
99 2 2
99 3 1
99 4 2
99 5 2
99 6 1
99 7 2
99 10 2
100 1 1
100 2 2
100 3 2
100 5 1
100 6 2
100 8 1
100 9 2
101 1 1
101 2 1
101 4 1
101 5 1
101 7 2
101 9 1
102 1 2
102 2 2
102 5 2
102 6 1
102 8 2
102 9 2
102 10 2
103 1 1
103 2 1
103 3 2
103 6 2
103 7 2
103 10 2
104 1 2
104 2 2
104 3 2
104 7 2
104 10 2
105 1 2
105 2 1
105 3 2
105 4 2
105 7 2
105 9 2
105 10 1
106 1 1
106 2 2
106 6 2
106 7 2
106 9 2
107 1 2
107 2 2
107 3 2
107 6 2
107 9 2
108 1 2
108 2 2
108 3 1
108 8 2
108 10 2
109 1 2
109 2 2
109 4 1
109 6 1
110 1 1
110 2 1
110 3 1
110 4 1
110 5 1
110 6 2
110 7 1
111 1 2
111 2 2
111 3 2
111 4 2
111 6 2
111 10 2
112 1 2
112 2 2
112 4 2
112 6 2
112 7 2
112 10 2
113 1 2
113 2 1
113 3 2
113 4 2
113 5 2
113 6 2
113 7 2
113 8 2
113 9 1
114 1 1
114 2 1
114 3 1
114 6 2
114 7 1
114 9 2
114 10 1
115 3 2
115 4 2
115 5 2
115 6 2
115 7 2
115 10 2
116 1 1
116 3 2
116 5 1
116 6 1
116 7 1
116 10 1
117 1 2
117 4 1
117 5 2
117 6 1
117 7 1
117 8 1
117 10 1
118 1 1
118 3 1
118 4 2
118 5 1
118 6 2
119 2 2
119 4 2
119 5 1
119 6 1
119 7 1
119 10 1
120 1 2
120 4 2
120 5 2
120 6 2
120 9 2
120 10 2
121 1 1
121 2 1
121 3 1
121 4 1
121 5 2
121 6 2
121 7 1
121 9 2
122 1 1
122 4 2
122 6 2
122 7 1
122 8 2
122 10 1
123 1 1
123 2 1
123 4 1
123 5 1
123 6 1
123 10 1
124 1 1
124 2 1
124 3 1
124 4 2
124 6 1
124 7 2
124 8 2
124 10 1
125 1 2
125 5 1
125 6 2
125 7 2
125 8 1
125 10 2
126 1 1
126 2 1
126 3 1
126 4 1
126 7 1
126 10 1
127 1 2
127 4 1
127 5 1
127 8 1
128 2 2
128 4 2
128 6 1
128 9 1
129 1 1
129 2 1
129 4 2
129 5 2
129 6 1
129 7 1
129 8 1
129 10 1
130 1 2
130 2 2
130 5 1
130 6 1
131 1 1
131 2 1
131 3 2
131 4 2
131 5 2
131 6 1
131 8 1
131 9 1
132 1 2
132 2 1
132 3 2
132 4 2
132 6 2
132 7 2
132 10 1
133 1 1
133 2 2
133 3 1
133 4 1
133 6 1
133 7 1
133 10 1
134 1 2
134 2 1
134 5 1
134 7 2
135 3 1
135 5 1
135 7 1
135 10 1
136 1 2
136 4 2
136 5 2
136 6 2
136 7 1
137 1 1
137 2 1
137 4 2
137 5 2
137 6 2
137 7 2
137 10 2
138 1 2
138 2 2
138 3 2
138 4 2
138 7 2
139 1 2
139 2 1
139 4 1
140 1 2
140 2 2
140 3 1
140 4 2
140 5 1
140 6 2
140 7 2
140 10 2
141 1 2
141 2 2
141 4 2
141 5 1
141 6 1
141 10 2
142 1 2
142 3 1
142 4 2
142 5 1
142 6 1
142 7 2
142 8 2
142 9 2
142 10 2
143 1 1
143 2 1
143 3 2
143 4 2
143 5 2
143 6 2
144 1 2
144 2 1
144 3 1
144 5 1
144 6 1
144 7 1
144 9 2
144 10 1
145 1 2
145 2 2
145 4 2
145 5 2
145 6 2
145 7 2
145 8 2
145 9 2
146 1 2
146 4 2
146 6 2
146 7 2
146 10 2
147 1 2
147 2 1
147 4 2
148 1 2
148 3 2
148 4 1
148 6 2
148 7 2
148 8 2
148 10 1
149 1 1
149 2 2
149 4 2
149 5 2
149 6 1
149 7 2
149 10 2
150 1 1
150 5 2
150 10 1
151 1 2
151 2 1
151 4 1
151 6 2
151 7 2
151 10 1
152 1 1
152 2 1
152 3 1
152 4 1
152 5 1
152 6 1
152 9 1
152 10 1
153 1 2
153 2 2
153 4 2
153 5 1
153 6 2
153 8 2
153 9 2
153 10 1
154 1 2
154 4 1
154 6 2
154 7 2
154 8 1
154 10 1
155 1 2
155 2 2
155 4 2
155 6 2
155 7 2
155 10 2
156 1 2
156 2 2
156 3 1
156 5 1
156 8 1
156 9 1
157 1 2
157 2 1
157 3 1
157 4 1
157 6 2
157 7 1
157 10 1
158 1 2
158 2 2
158 4 2
158 5 1
158 6 2
159 1 2
159 2 2
159 3 1
159 4 2
159 5 2
159 6 2
159 7 2
159 8 2
160 1 2
160 2 2
160 4 1
160 5 1
160 6 2
160 7 1
160 10 1
161 1 1
161 3 1
161 4 2
161 5 1
161 6 2
162 1 2
162 2 2
162 4 2
162 5 2
162 6 1
163 1 1
163 2 1
163 7 2
163 10 1
164 2 1
164 3 1
164 6 2
164 7 2
164 10 1
165 1 2
165 3 1
165 4 2
165 5 2
165 6 2
165 7 2
165 8 2
165 9 2
165 10 2
166 1 1
166 2 1
166 3 1
166 4 1
166 6 1
166 9 1
167 1 2
167 2 2
167 3 2
167 4 2
167 5 2
167 6 1
167 7 2
168 1 2
168 3 1
168 6 1
168 7 2
168 8 1
168 9 2
169 1 2
169 2 1
169 3 1
169 4 2
169 5 2
169 6 2
169 7 1
170 2 2
170 3 1
170 5 1
170 6 1
170 7 2
170 9 2
171 2 1
171 3 1
171 4 1
171 5 1
171 6 1
171 7 2
172 1 2
172 3 2
172 4 1
172 6 1
172 10 1
173 1 2
173 2 1
173 3 1
173 6 1
173 7 1
173 9 2
174 1 2
174 2 1
174 3 2
174 5 2
174 6 2
174 7 1
174 9 2
175 1 1
175 3 2
175 4 1
175 6 1
175 8 1
175 10 1
176 1 2
176 2 2
176 4 2
176 5 1
176 6 1
176 7 1
176 8 1
177 1 2
177 2 2
177 3 1
177 4 1
177 5 1
177 6 1
178 1 1
178 3 2
178 4 1
178 6 2
178 8 2
178 10 1
179 1 2
179 3 1
179 4 1
179 6 2
179 7 1
180 1 2
180 3 1
180 4 2
180 5 2
180 6 2
180 7 2
180 8 1
180 9 2
180 10 1
181 1 2
181 2 1
181 3 2
181 4 2
181 5 1
181 7 2
181 10 2
182 1 1
182 2 1
182 3 2
182 6 1
182 7 2
182 8 1
182 10 2
183 1 2
183 2 2
183 4 2
183 5 1
183 6 2
183 8 2
184 1 1
184 4 2
184 5 2
184 7 1
184 8 1
184 10 1
185 1 1
185 2 2
185 5 2
185 6 2
185 7 2
185 10 2
186 1 2
186 3 2
186 4 2
186 5 1
186 6 2
186 7 2
186 8 2
187 1 2
187 2 2
187 5 2
187 6 1
187 7 1
188 1 2
188 2 1
188 6 2
188 7 2
188 10 2
189 1 2
189 3 2
189 4 2
189 5 2
189 6 2
189 10 2
190 1 1
190 4 2
190 5 2
190 6 1
190 7 2
190 8 1
190 9 1
190 10 1
191 1 1
191 2 1
192 1 2
192 2 1
192 3 1
192 5 1
192 7 1
192 8 1
192 10 1
193 1 2
193 5 1
193 6 2
193 10 2
194 1 2
194 2 1
194 4 1
194 5 1
194 6 1
194 7 2
194 8 1
195 1 1
195 2 2
195 3 2
195 4 2
195 5 2
195 8 1
196 1 2
196 2 2
196 4 2
196 5 2
197 1 2
197 2 2
197 4 2
197 5 2
197 6 2
197 7 2
197 8 1
198 1 2
198 3 2
198 4 2
198 6 2
198 7 2
198 8 2
198 10 2
199 1 1
199 3 1
199 4 1
199 5 1
199 6 1
199 7 1
199 9 1
200 1 2
200 2 1
200 3 1
200 5 1
200 6 1
200 8 1
200 10 1
201 1 2
201 2 1
201 3 2
201 4 2
201 6 2
201 7 2
201 10 2
202 1 1
202 2 1
202 3 1
202 4 2
202 5 2
202 6 2
202 7 2
202 9 2
203 1 2
203 2 2
203 3 2
203 5 2
203 6 2
203 7 2
203 9 1
203 10 2
204 1 2
204 3 2
204 4 2
204 6 1
204 7 2
204 8 2
204 10 2
205 1 2
205 3 2
205 4 2
205 10 1
206 1 2
206 2 1
206 4 2
206 5 1
206 6 2
206 7 2
207 1 1
207 2 2
207 3 2
207 5 2
207 6 2
207 7 2
208 1 2
208 2 2
208 4 2
208 5 2
208 6 2
208 7 2
208 8 2
208 9 1
208 10 2
209 4 2
209 5 2
209 6 1
209 8 1
210 1 2
210 2 2
210 3 1
210 4 1
210 7 2
210 8 2
211 1 2
211 4 1
211 6 1
211 7 1
211 9 1
212 1 2
212 2 2
212 5 2
212 6 2
212 10 2
213 1 1
213 2 1
213 6 1
213 7 2
213 8 1
213 9 1
214 1 2
214 2 2
214 3 2
214 4 1
214 6 2
214 9 2
214 10 1
215 1 2
215 2 2
215 4 2
215 6 1
215 7 2
216 1 2
216 2 2
216 6 2
216 7 2
217 1 2
217 2 1
217 5 1
217 7 2
217 10 1
218 1 1
218 3 1
218 4 1
218 6 1
218 7 1
219 1 2
219 2 1
219 3 2
219 5 1
219 6 2
219 7 2
220 1 2
220 2 2
220 7 2
220 10 2
221 1 1
221 3 2
221 6 2
221 7 2
221 10 1
222 1 1
222 2 1
222 3 2
222 4 2
222 6 2
222 8 2
222 10 2
223 1 2
223 2 1
223 4 2
223 5 2
223 7 2
224 1 2
224 2 1
224 3 1
224 5 1
224 6 1
224 7 1
224 9 1
224 10 1
225 1 2
225 3 1
225 4 2
225 5 2
225 6 2
225 7 1
225 8 1
226 1 2
226 2 2
226 4 2
226 6 1
226 7 2
226 8 2
227 1 1
227 2 1
227 3 1
227 7 1
227 8 1
228 1 2
228 2 1
228 3 1
228 4 1
228 5 1
228 6 2
228 7 1
228 9 1
228 10 2
229 1 1
229 2 2
229 3 1
229 5 1
229 6 2
230 1 2
230 2 1
230 4 2
230 5 1
230 8 1
231 1 1
231 2 1
231 4 1
231 5 1
231 6 1
231 7 1
231 10 1
232 1 1
232 3 2
232 5 1
232 6 1
232 7 1
232 9 1
233 1 2
233 2 1
233 3 2
233 5 1
233 6 2
233 7 2
233 8 2
234 1 1
234 3 2
234 4 2
234 6 1
234 7 2
234 8 1
234 10 1
235 1 2
235 2 2
235 4 2
235 5 1
235 7 2
235 10 2
236 1 1
236 2 2
237 1 2
237 2 1
237 3 1
237 4 2
237 6 1
238 1 2
238 2 1
238 4 2
238 7 1
238 8 2
238 10 1
239 1 1
239 2 2
239 3 2
239 6 1
240 1 2
240 2 1
240 3 2
240 6 2
240 7 2
240 9 2
240 10 2
241 1 2
241 3 1
241 4 2
241 5 1
241 6 2
241 7 1
242 2 2
242 3 1
242 5 1
242 6 2
242 7 2
242 10 2
243 1 2
243 2 2
243 3 2
243 4 2
243 6 2
243 7 2
243 10 2
244 1 2
244 3 1
244 4 2
244 5 1
244 6 1
245 1 1
245 3 2
245 4 2
245 6 2
245 7 2
245 9 1
245 10 1
246 1 1
246 2 2
246 4 2
246 5 1
246 6 1
246 10 1
247 1 1
247 2 2
247 3 2
247 4 2
247 5 1
247 6 1
248 1 1
248 2 1
248 4 2
248 5 1
248 6 2
248 7 2
248 10 2
249 1 2
249 2 2
249 3 2
249 4 1
249 8 2
250 1 1
250 2 1
250 3 1
250 4 1
250 6 2
250 7 1
251 1 1
251 6 2
251 7 2
251 8 1
251 9 2
251 10 1
252 4 2
252 5 1
252 8 1
252 9 2
252 10 1
253 1 2
253 2 1
253 3 2
253 5 1
253 6 1
253 7 1
253 8 1
253 10 1
254 1 2
254 3 2
254 6 1
254 10 2
255 1 2
255 4 1
255 5 1
255 6 2
255 9 1
256 2 1
256 4 1
256 5 2
256 6 1
256 7 2
257 1 1
257 2 2
257 3 1
257 7 1
258 1 2
258 2 1
258 3 2
258 4 2
258 7 2
258 8 2
258 10 2
259 1 1
259 2 1
259 3 1
259 4 2
259 5 1
259 6 2
259 7 1
259 10 1
260 1 2
260 3 2
260 6 2
260 7 1
260 8 2
260 10 1
261 1 2
261 2 2
261 3 2
261 4 2
261 6 1
261 7 2
262 1 2
262 2 2
262 3 2
262 4 2
262 5 1
262 6 2
262 7 2
262 8 2
262 9 2
262 10 2
263 1 2
263 2 1
263 4 2
263 5 1
263 6 2
263 9 2
263 10 2
264 2 2
264 3 2
264 4 2
264 5 2
264 6 2
264 8 1
264 9 1
264 10 2
265 1 1
265 2 1
265 6 1
265 7 1
265 9 1
265 10 1
266 1 2
266 2 1
266 3 1
266 4 2
266 5 1
266 7 1
267 1 1
267 2 1
267 5 1
267 6 1
267 7 2
267 10 2
268 1 2
268 2 1
268 3 2
268 4 2
268 7 2
268 8 1
268 9 2
268 10 2
269 1 1
269 2 1
269 4 2
269 6 2
269 7 2
270 2 1
270 3 2
270 6 2
271 1 1
271 2 1
271 3 2
271 4 2
271 6 2
271 7 2
272 1 2
272 2 2
272 3 2
272 6 2
272 9 2
272 10 2
273 1 1
273 3 1
273 5 1
273 6 2
273 9 2
274 1 2
274 2 2
274 4 2
274 5 1
274 6 2
274 7 2
274 8 2
275 1 2
275 2 2
275 3 1
275 4 2
275 6 2
275 7 1
275 8 1
276 1 1
276 4 2
276 5 2
276 6 2
276 8 2
277 1 2
277 2 1
277 3 1
277 4 2
277 6 1
277 7 1
277 8 1
278 2 2
278 3 1
278 4 2
278 5 2
278 7 2
279 1 1
279 6 2
279 7 2
279 8 1
279 10 2
280 1 2
280 2 2
280 3 2
280 4 2
280 5 2
280 6 2
280 9 2
280 10 2
281 1 2
281 2 2
281 6 2
281 7 2
282 1 2
282 2 2
282 4 2
282 5 1
282 6 1
282 7 2
282 8 2
282 10 2
283 1 1
283 2 1
283 3 1
283 5 1
283 6 1
283 7 1
283 9 1
283 10 1
284 1 1
284 2 2
284 3 1
284 5 1
284 6 2
284 7 2
284 9 1
284 10 2
285 1 2
285 2 1
285 4 1
285 6 2
285 7 1
285 8 1
286 1 2
286 2 1
286 3 1
286 6 2
286 9 2
287 1 2
287 3 1
287 4 2
287 6 1
287 7 2
288 1 2
288 2 2
288 3 2
288 4 2
288 7 2
288 8 2
289 1 2
289 2 2
289 4 2
289 5 1
289 8 2
289 9 1
290 1 2
290 3 1
290 6 2
290 7 2
290 8 1
291 1 2
291 2 2
291 6 2
291 7 2
291 10 2
292 1 1
292 2 1
292 5 1
292 6 2
293 1 2
293 2 2
293 4 2
293 6 2
293 7 2
293 10 2
294 1 2
294 2 1
294 4 1
294 5 2
294 6 2
294 7 1
295 1 1
295 2 1
295 4 1
295 5 1
295 6 1
295 7 1
295 8 1
295 10 1
296 1 2
296 2 2
296 5 1
296 6 1
296 7 1
296 8 2
296 10 1
297 1 1
297 3 1
297 4 2
297 5 2
297 6 2
297 7 1
298 1 2
298 2 2
298 4 1
298 6 1
298 10 1
299 1 1
299 2 2
299 4 2
299 6 2
299 7 2
299 8 2
299 10 2
300 1 1
300 2 1
300 3 1
300 4 1
300 5 2
300 6 2
300 7 1
300 8 1
300 10 1
301 1 2
301 2 1
301 6 1
301 7 1
301 8 1
301 9 1
301 10 1
302 1 2
302 2 1
302 3 2
302 5 2
302 6 2
302 7 1
303 1 1
303 2 2
303 3 2
303 4 2
303 5 1
303 6 2
303 10 2
304 1 2
304 2 2
304 4 2
304 5 2
304 6 1
304 7 2
304 8 1
304 10 2
305 1 2
305 2 1
305 6 2
305 7 2
306 1 1
306 2 2
306 4 2
306 5 1
306 6 1
306 7 1
306 8 1
306 10 1
307 1 1
307 3 1
307 4 2
307 6 1
307 10 1
308 1 2
308 4 2
308 5 2
308 7 2
308 9 1
309 1 2
309 2 2
309 3 1
309 4 2
309 6 1
309 7 2
309 9 2
309 10 2
310 3 1
310 4 1
310 5 1
310 7 1
310 8 1
310 9 1
310 10 1
311 2 2
311 4 2
311 6 2
311 8 2
311 9 1
312 1 1
312 4 1
312 7 1
312 10 1
313 1 2
313 2 1
313 3 1
313 4 2
313 5 1
313 6 2
313 10 1
314 1 2
314 3 2
314 5 1
314 8 1
314 10 2
315 1 2
315 2 1
315 3 1
315 4 1
315 5 2
315 6 1
315 7 1
315 8 1
315 10 1
316 1 1
316 3 1
316 4 2
316 5 2
316 10 1
317 1 1
317 4 2
317 5 2
317 7 2
317 9 1
317 10 2
318 1 2
318 3 1
318 5 1
318 6 2
318 7 2
318 10 1
319 1 2
319 3 2
319 4 2
319 5 2
319 6 2
319 7 1
319 10 2
320 1 2
320 2 1
320 3 2
320 4 2
320 6 2
320 7 2
320 8 2
320 9 1
320 10 2
321 1 1
321 2 2
321 3 1
321 4 2
321 7 2
322 1 1
322 2 2
322 5 1
322 7 2
322 10 2
323 1 2
323 2 2
323 3 2
323 5 2
323 6 1
323 8 2
323 10 2
324 1 1
324 2 1
324 3 1
324 4 1
324 5 2
324 6 2
324 7 1
324 8 1
324 10 1
325 1 2
325 2 2
325 4 2
325 6 2
325 9 1
325 10 1
326 2 1
326 4 2
326 5 2
326 6 1
326 7 1
326 9 1
326 10 1
327 2 1
327 3 2
327 5 1
327 10 2
328 1 1
328 2 2
328 4 1
328 7 1
328 10 1
329 1 1
329 2 1
329 3 2
329 6 2
329 7 2
329 8 2
330 2 2
330 4 1
330 5 1
330 6 1
330 7 1
331 1 2
331 3 1
331 6 2
331 8 2
332 2 2
332 4 1
332 6 2
332 7 2
333 1 1
333 2 1
333 3 2
333 5 1
333 6 2
333 7 2
334 2 2
334 3 2
334 4 2
334 5 2
334 6 2
334 7 2
334 8 2
335 1 2
335 2 2
335 4 2
335 6 1
335 7 2
335 10 2
336 1 2
336 3 1
336 4 2
336 6 1
337 1 2
337 2 1
337 3 1
337 4 2
337 8 1
337 9 1
338 1 2
338 3 2
338 6 2
338 7 2
338 10 2
339 1 1
339 2 1
339 3 2
339 5 2
339 6 2
339 7 2
340 1 1
340 2 2
340 3 2
340 4 1
340 6 2
340 10 2
341 1 2
341 2 1
341 3 1
341 4 2
341 5 1
341 6 2
341 7 2
341 8 1
341 10 1
342 1 1
342 2 1
342 3 1
342 4 2
342 6 2
343 1 1
343 2 2
343 4 1
343 7 2
343 8 1
343 9 1
343 10 1
344 1 2
344 2 2
344 3 1
344 4 2
344 7 2
344 10 2
345 2 2
345 4 2
345 5 2
345 7 2
345 8 2
346 2 2
346 4 2
346 6 2
346 7 2
346 8 2
346 9 2
346 10 2
347 1 1
347 3 2
347 5 1
347 6 1
347 8 2
347 9 2
347 10 2
348 1 2
348 2 2
348 3 2
348 4 2
348 5 1
348 6 2
348 8 1
349 1 1
349 2 2
349 4 2
349 5 2
349 6 1
349 7 2
349 8 2
349 9 2
349 10 2
350 1 1
350 2 2
350 8 2
350 9 1
351 1 2
351 4 1
351 5 1
351 6 2
351 7 2
351 8 1
351 9 1
352 1 1
352 4 2
352 5 1
352 7 2
352 10 1
353 1 1
353 2 1
353 4 2
353 5 2
353 6 1
353 7 2
353 9 1
353 10 1
354 1 2
354 5 2
354 6 2
354 7 2
354 8 1
354 9 2
354 10 1
355 1 2
355 2 2
355 3 2
355 4 2
355 5 1
355 6 2
355 8 2
355 10 2
356 1 2
356 3 1
356 4 2
356 5 2
356 9 1
357 1 1
357 2 1
357 3 2
357 4 2
357 5 1
357 7 2
357 10 1
358 1 2
358 3 2
358 4 1
358 5 1
358 6 2
358 9 1
358 10 1
359 1 1
359 2 1
359 4 1
359 6 2
359 8 1
359 10 1
360 1 1
360 3 2
360 5 1
360 6 1
360 7 1
360 8 1
361 1 2
361 2 2
361 3 2
361 4 2
361 5 1
361 6 1
361 7 2
361 10 2
362 1 2
362 2 2
362 3 1
362 6 1
362 7 2
362 9 2
363 1 2
363 2 2
363 3 1
363 5 1
363 6 1
363 10 2
364 4 2
364 7 2
364 8 1
364 10 2
365 1 1
365 2 1
365 4 1
365 7 1
365 8 1
365 10 1
366 1 1
366 2 1
366 3 2
366 4 1
366 5 2
366 6 1
366 7 2
366 8 1
366 10 1
367 1 1
367 4 2
367 5 2
367 6 1
367 7 2
367 10 2
368 1 2
368 2 1
368 4 2
368 5 1
368 6 1
368 8 1
369 1 1
369 2 2
369 4 2
369 5 2
369 6 2
369 7 2
369 10 2
370 1 1
370 2 1
370 4 1
370 6 1
370 10 1
371 1 2
371 2 1
371 4 1
371 7 1
371 8 2
371 10 1
372 1 1
372 3 2
372 5 2
372 7 1
372 8 2
373 1 1
373 2 1
373 5 1
373 6 2
373 10 1
374 1 2
374 2 2
374 4 2
374 5 2
374 6 2
374 7 2
375 1 1
375 2 2
375 3 1
375 4 1
375 5 2
375 6 2
375 7 1
375 8 1
376 1 2
376 2 2
376 3 2
376 4 2
376 6 2
377 1 2
377 2 2
377 5 1
377 6 1
377 7 2
377 9 2
377 10 1
378 1 1
378 2 1
378 3 1
378 4 1
378 7 1
379 1 1
379 2 2
379 3 1
379 4 2
379 6 2
379 7 2
379 8 2
380 1 2
380 2 1
380 3 1
380 6 2
380 7 1
380 9 1
381 1 2
381 2 1
381 3 1
381 6 2
381 7 2
381 8 1
382 1 1
382 2 2
382 3 2
382 4 2
382 7 2
382 9 2
383 1 1
383 2 1
383 3 1
383 4 1
383 5 2
383 6 1
383 7 1
383 8 1
383 10 1
384 1 2
384 3 1
384 4 2
384 5 1
384 6 2
384 8 1
384 10 1
385 1 2
385 2 1
385 4 2
385 5 1
385 6 2
385 7 2
385 9 2
385 10 2
386 1 2
386 2 2
386 3 1
386 4 2
386 5 2
386 6 2
386 7 2
386 8 2
387 1 2
387 2 1
387 4 2
387 5 1
387 6 2
387 7 2
388 1 1
388 4 1
388 5 1
388 7 2
389 1 1
389 2 1
389 3 1
389 4 1
389 5 1
389 6 1
389 7 1
389 8 1
389 9 1
389 10 1
390 1 1
390 4 1
390 6 2
390 7 1
390 8 1
390 10 1
391 1 2
391 4 1
391 5 1
391 6 1
391 7 1
391 9 2
392 1 2
392 2 2
392 3 2
392 4 2
392 5 1
392 6 2
392 7 2
392 8 2
392 10 2
393 1 2
393 2 2
393 4 2
393 5 2
393 7 1
393 8 1
393 9 2
394 1 2
394 2 1
394 3 1
394 5 1
394 7 1
394 10 1
395 1 2
395 2 1
395 3 2
395 4 2
395 6 1
395 7 2
395 10 1
396 1 1
396 4 2
396 6 2
396 7 2
397 1 1
397 2 1
397 3 1
397 5 2
397 6 1
397 7 1
397 8 1
397 9 1
398 1 2
398 2 1
398 3 1
398 4 2
398 6 2
398 7 1
398 9 1
399 1 2
399 3 2
399 7 2
399 9 2
399 10 1
400 1 2
400 3 2
400 7 2
401 1 1
401 2 1
401 3 1
401 4 2
401 6 2
402 1 1
402 2 1
402 4 2
402 5 1
402 6 2
402 7 2
402 10 1
403 1 2
403 2 2
403 3 2
403 5 2
403 6 2
404 1 2
404 3 1
404 4 2
404 5 2
404 7 1
404 10 1
405 1 2
405 2 2
405 3 2
405 4 1
405 5 2
405 6 1
405 7 2
405 10 1
406 1 1
406 2 1
406 3 2
406 4 2
406 6 2
407 1 2
407 4 1
407 6 1
407 7 1
407 8 2
407 10 1
408 1 1
408 2 1
408 3 1
408 4 1
408 6 1
408 7 2
408 8 1
409 1 2
409 2 1
409 3 2
409 5 2
409 6 2
409 7 1
409 9 2
409 10 1
410 1 2
410 2 2
410 4 1
410 5 2
410 6 2
410 7 1
410 8 1
411 1 2
411 4 2
411 5 2
411 7 2
411 8 1
411 10 2
412 1 2
412 3 2
412 4 2
412 6 2
412 10 2
413 1 2
413 3 2
413 4 2
413 5 2
413 7 1
413 10 1
414 1 2
414 2 2
414 4 1
414 5 2
414 6 1
414 7 2
414 10 1
415 1 2
415 3 2
415 4 2
415 5 2
415 6 1
416 1 2
416 2 1
416 3 2
416 4 2
416 6 1
416 7 2
416 10 2
417 1 2
417 5 1
417 6 1
417 10 1
418 1 1
418 2 1
418 3 1
418 4 2
418 5 2
418 6 1
418 7 2
418 10 1
419 1 1
419 3 1
419 4 2
419 7 2
419 8 1
419 10 1
420 1 1
420 2 2
420 4 1
420 6 1
420 7 1
421 1 2
421 2 2
421 3 1
421 4 2
421 6 2
421 7 1
421 9 1
422 1 2
422 2 2
422 4 2
422 5 1
422 6 1
422 7 2
422 8 1
422 9 2
423 1 1
423 2 1
423 5 2
423 10 2
424 1 1
424 5 2
424 6 2
424 7 2
424 8 2
424 9 1
425 1 1
425 2 1
425 4 2
425 6 1
425 7 1
426 5 1
426 7 2
426 8 1
427 3 2
427 4 2
427 5 1
427 6 2
427 7 2
428 1 1
428 4 2
428 6 2
428 7 2
428 10 2
429 1 2
429 2 1
429 4 2
429 5 2
429 6 2
430 1 1
430 2 2
430 4 2
430 7 2
431 1 1
431 4 2
431 6 2
431 7 2
431 9 1
431 10 2
432 1 1
432 2 2
432 6 1
432 7 2
432 8 1
432 10 1
433 1 2
433 3 2
433 4 2
433 6 2
433 7 1
433 10 2
434 1 2
434 2 1
434 3 1
434 4 2
434 7 2
434 9 2
435 1 2
435 4 2
435 5 2
435 6 1
435 8 2
435 9 1
435 10 2
436 1 2
436 2 2
436 3 1
436 6 2
436 7 1
436 9 1
436 10 1
437 1 2
437 2 1
437 3 1
437 4 1
437 5 1
437 6 2
437 7 1
438 1 2
438 4 1
438 6 1
438 7 1
438 10 1
439 1 2
439 2 1
439 3 1
439 4 1
439 5 1
439 6 1
439 7 1
440 1 1
440 3 2
440 4 2
440 6 1
440 7 2
440 9 2
440 10 2
441 1 2
441 4 2
441 5 2
441 8 1
441 9 2
441 10 1
442 1 1
442 3 1
442 6 2
442 10 1
443 1 1
443 3 1
443 4 2
443 6 2
443 8 2
444 1 2
444 2 2
444 4 2
444 5 2
444 6 2
444 7 2
444 9 1
444 10 1
445 1 1
445 2 2
445 3 2
445 5 2
445 7 1
445 8 1
445 10 1
446 1 2
446 2 1
446 4 1
446 5 1
446 7 1
446 8 1
446 10 1
447 1 2
447 3 1
447 4 2
447 6 2
447 7 2
447 10 2
448 1 1
448 2 2
448 4 1
448 6 1
448 7 1
449 1 1
449 2 2
449 4 1
449 5 1
449 6 1
449 7 1
449 8 1
449 9 2
449 10 1
450 1 1
450 2 1
450 4 2
450 5 1
450 6 1
451 1 2
451 2 1
451 3 2
451 5 2
451 6 2
451 7 2
451 8 2
451 9 1
451 10 2
452 1 2
452 2 2
452 3 1
452 5 1
452 6 1
452 8 1
453 1 2
453 2 2
453 3 2
453 5 2
453 6 2
453 7 1
453 8 2
454 1 2
454 3 1
454 4 2
454 6 2
454 7 2
454 10 2
455 1 2
455 2 1
455 4 1
455 7 1
456 1 1
456 3 1
456 4 2
456 6 1
456 7 2
456 8 2
457 1 1
457 2 1
457 3 1
457 5 2
457 6 1
457 7 1
457 9 2
458 1 1
458 4 2
458 6 2
458 7 2
459 2 2
459 3 1
459 4 2
459 6 2
459 7 2
459 8 1
460 1 2
460 2 1
460 3 2
460 4 2
460 5 1
460 6 2
460 8 2
460 10 2
461 1 2
461 3 2
461 4 2
461 5 2
461 6 2
461 7 2
461 9 1
462 1 2
462 2 1
462 3 1
462 4 1
462 6 1
462 7 1
462 8 1
462 10 1
463 1 2
463 2 1
463 3 1
463 4 2
463 5 1
463 6 1
463 7 1
463 10 1
464 1 2
464 2 2
464 4 2
464 5 1
464 6 2
464 7 2
464 9 2
465 1 1
465 2 2
465 4 1
465 5 1
465 6 1
465 7 2
465 10 1
466 1 1
466 2 1
466 4 1
466 6 1
466 10 2
467 1 2
467 3 1
467 5 1
467 6 2
467 7 1
468 1 1
468 2 1
468 3 2
468 4 2
468 7 1
468 8 1
468 9 2
468 10 1
469 1 1
469 2 2
469 3 2
469 4 2
469 6 1
469 7 2
469 9 1
470 1 1
470 4 2
470 5 2
470 6 2
470 7 2
470 8 1
470 9 1
471 1 1
471 2 1
471 3 2
471 4 2
471 7 2
472 1 1
472 2 1
472 5 1
472 6 1
472 7 1
472 10 1
473 1 1
473 2 1
473 4 2
473 6 2
473 8 2
474 1 2
474 2 2
474 3 1
474 5 2
474 6 1
474 10 1
475 1 2
475 3 1
475 4 1
475 6 1
475 7 2
476 1 1
476 2 1
476 3 1
476 4 1
476 6 1
476 7 2
477 1 2
477 3 2
477 4 2
477 5 1
477 6 1
477 7 2
477 10 2
478 1 2
478 2 1
478 4 1
478 5 1
478 6 2
478 7 2
478 10 1
479 1 1
479 2 2
479 4 2
479 6 2
479 8 1
479 9 2
479 10 2
480 1 2
480 2 2
480 3 1
480 4 2
480 5 1
480 6 2
480 7 2
480 8 1
481 1 2
481 3 1
481 4 1
481 9 1
481 10 1
482 1 2
482 2 1
482 4 1
482 5 1
482 6 1
482 7 2
482 8 1
483 1 1
483 4 2
483 6 2
483 7 2
483 10 2
484 1 2
484 2 2
484 3 2
484 4 2
484 6 2
484 7 2
484 8 2
484 9 1
484 10 2
485 1 2
485 2 1
485 3 1
485 4 1
485 5 2
485 6 1
485 7 1
485 10 1
486 1 1
486 3 1
486 4 2
486 5 1
486 6 1
486 8 1
486 10 1
487 1 1
487 2 2
487 4 1
487 6 2
487 7 1
487 10 1
488 1 1
488 2 2
488 4 2
488 5 2
488 6 2
488 9 2
489 1 2
489 2 2
489 3 1
489 4 1
489 6 2
489 7 1
489 10 1
490 1 1
490 2 2
490 5 1
490 6 2
490 7 2
491 1 2
491 3 1
491 4 2
491 7 2
491 10 2
492 1 1
492 2 2
492 4 2
492 6 2
492 7 2
492 8 1
492 9 2
492 10 2
493 1 1
493 2 2
493 3 1
493 7 1
493 8 1
493 10 1
494 1 2
494 2 2
494 3 1
494 6 1
494 7 1
494 10 1
495 1 1
495 3 1
495 4 1
495 8 1
496 1 2
496 3 2
496 5 2
496 6 2
496 10 2
497 1 2
497 2 1
497 3 2
497 4 2
497 5 2
497 7 1
497 10 1
498 1 1
498 2 2
498 3 1
498 4 1
498 6 2
498 8 1
499 1 2
499 2 1
499 3 2
499 4 2
499 5 2
499 6 2
499 8 2
499 9 2
500 1 2
500 2 2
500 6 1
500 7 1
500 9 1
