1 2
2 2
3 1
4 1
5 2
6 2
7 2
8 2
9 2
10 1
11 1
12 1
13 2
14 1
15 1
16 1
17 1
18 1
19 2
20 2
21 2
22 2
23 2
24 1
25 1
26 1
27 1
28 2
29 2
30 2
31 1
32 1
33 2
34 2
35 1
36 2
37 1
38 2
39 1
40 1
41 2
42 2
43 1
44 2
45 2
46 2
47 1
48 2
49 1
50 2
51 1
52 1
53 1
54 1
55 2
56 2
57 2
58 1
59 2
60 2
61 2
62 2
63 2
64 1
65 1
66 2
67 2
68 2
69 2
70 2
71 2
72 1
73 1
74 2
75 1
76 1
77 1
78 1
79 2
80 2
81 2
82 1
83 1
84 1
85 2
86 2
87 1
88 1
89 2
90 1
91 2
92 1
93 1
94 2
95 2
96 2
97 1
98 1
99 2
100 1
101 2
102 2
103 2
104 1
105 2
106 2
107 2
108 1
109 1
110 2
111 1
112 2
113 1
114 1
115 2
116 2
117 1
118 1
119 1
120 1
121 2
122 2
123 2
124 1
125 1
126 2
127 2
128 2
129 2
130 2
131 1
132 2
133 2
134 2
135 2
136 1
137 1
138 1
139 2
140 2
141 2
142 1
143 1
144 2
145 2
146 2
147 2
148 1
149 1
150 2
151 2
152 1
153 2
154 2
155 1
156 1
157 2
158 2
159 2
160 2
161 2
162 1
163 2
164 1
165 1
166 1
167 2
168 1
169 1
170 1
171 1
172 2
173 1
174 2
175 2
176 1
177 1
178 2
179 1
180 2
181 2
182 1
183 1
184 1
185 1
186 2
187 2
188 2
189 1
190 2
191 2
192 2
193 2
194 1
195 1
196 1
197 1
198 2
199 1
200 1
201 1
202 2
203 1
204 1
205 2
206 1
207 1
208 1
209 1
210 2
211 1
212 2
213 2
214 2
215 1
216 2
217 1
218 1
219 1
220 1
221 1
222 2
223 2
224 1
225 1
226 1
227 1
228 1
229 2
230 1
231 2
232 1
233 2
234 1
235 1
236 2
237 1
238 1
239 1
240 2
241 1
242 1
243 2
244 2
245 1
246 1
247 2
248 1
249 1
250 1
251 2
252 2
253 2
254 1
255 1
256 2
257 1
258 2
259 1
260 2
261 1
262 2
263 1
264 2
265 1
266 1
267 1
268 1
269 2
270 1
271 2
272 2
273 1
274 2
275 2
276 1
277 2
278 2
279 1
280 1
281 1
282 2
283 1
284 2
285 1
286 1
287 1
288 2
289 2
290 2
291 1
292 2
293 2
294 1
295 2
296 2
297 1
298 1
299 1
300 1
301 1
302 2
303 2
304 1
305 1
306 1
307 2
308 1
309 2
310 1
311 1
312 1
313 2
314 1
315 2
316 1
317 2
318 2
319 1
320 2
321 1
322 1
323 2
324 1
325 2
326 1
327 1
328 1
329 2
330 2
331 2
332 2
333 1
334 2
335 1
336 1
337 2
338 2
339 1
340 1
341 1
342 1
343 1
344 2
345 1
346 1
347 2
348 1
349 2
350 2
351 2
352 2
353 1
354 2
355 2
356 2
357 2
358 1
359 1
360 1
361 1
362 1
363 2
364 2
365 1
366 2
367 2
368 2
369 1
370 2
371 2
372 1
373 2
374 1
375 1
376 2
377 2
378 1
379 1
380 1
381 1
382 1
383 1
384 1
385 2
386 1
387 2
388 2
389 1
390 2
391 1
392 1
393 1
394 2
395 2
396 2
397 1
398 2
399 1
400 2
401 2
402 2
403 2
404 2
405 2
406 2
407 2
408 1
409 1
410 1
411 1
412 1
413 1
414 1
415 1
416 2
417 2
418 2
419 2
420 1
421 2
422 1
423 2
424 1
425 1
426 2
427 1
428 1
429 2
430 2
431 1
432 2
433 1
434 2
435 2
436 2
437 2
438 1
439 1
440 2
441 1
442 2
443 2
444 1
445 2
446 1
447 2
448 2
449 1
450 2
451 1
452 1
453 1
454 1
455 1
456 2
457 2
458 2
459 1
460 2
461 1
462 1
463 2
464 2
465 2
466 1
467 1
468 2
469 2
470 2
471 2
472 1
473 2
474 1
475 2
476 2
477 2
478 1
479 2
480 2
481 2
482 1
483 2
484 1
485 1
486 2
487 1
488 1
489 2
490 1
491 1
492 2
493 1
494 2
495 2
496 2
497 1
498 1
499 1
500 2
501 1
502 2
503 1
504 1
505 1
506 2
507 2
508 1
509 1
510 2
511 2
512 1
513 1
514 2
515 1
516 1
517 1
518 1
519 1
520 2
521 2
522 1
523 2
524 1
525 2
526 2
527 2
528 2
529 1
530 1
531 2
532 2
533 1
534 2
535 2
536 1
537 2
538 1
539 1
540 1
541 1
542 1
543 1
544 2
545 1
546 1
547 1
548 2
549 2
550 2
551 2
552 1
553 1
554 1
555 1
556 2
557 1
558 1
559 2
560 2
561 1
562 1
563 2
564 1
565 2
566 2
567 2
568 2
569 2
570 2
571 2
572 2
573 2
574 2
575 1
576 1
577 1
578 2
579 1
580 2
581 1
582 1
583 1
584 2
585 2
586 1
587 1
588 2
589 2
590 1
591 1
592 2
593 1
594 1
595 2
596 1
597 1
598 1
599 1
600 2
601 1
602 1
603 1
604 1
605 1
606 2
607 2
608 1
609 1
610 1
611 2
612 2
613 2
614 2
615 2
616 1
617 2
618 2
619 2
620 2
621 2
622 1
623 1
624 2
625 2
626 1
627 1
628 1
629 2
630 1
631 2
632 1
633 1
634 2
635 2
636 1
637 2
638 1
639 1
640 2
641 2
642 1
643 2
644 1
645 2
646 1
647 2
648 2
649 1
650 1
651 1
652 2
653 1
654 1
655 1
656 1
657 2
658 2
659 2
660 2
661 2
662 1
663 2
664 2
665 2
666 2
667 2
668 2
669 1
670 2
671 2
672 1
673 1
674 1
675 2
676 1
677 2
678 1
679 1
680 2
681 2
682 2
683 1
684 2
685 2
686 1
687 2
688 1
689 2
690 2
691 1
692 1
693 1
694 1
695 1
696 1
697 2
698 2
699 2
700 1
701 2
702 1
703 2
704 2
705 2
706 1
707 1
708 1
709 2
710 1
711 1
712 1
713 1
714 2
715 2
716 2
717 1
718 1
719 2
720 1
721 2
722 1
723 2
724 2
725 2
726 1
727 2
728 2
729 2
730 2
731 2
732 1
733 2
734 1
735 1
736 2
737 2
738 1
739 2
740 2
741 2
742 2
743 1
744 2
745 2
746 2
747 1
748 2
749 2
750 2
751 2
752 1
753 1
754 2
755 2
756 2
757 2
758 2
759 1
760 2
761 1
762 1
763 2
764 1
765 1
766 1
767 1
768 2
769 2
770 2
771 1
772 2
773 1
774 2
775 1
776 1
777 1
778 1
779 2
780 2
781 2
782 1
783 2
784 1
785 2
786 2
787 2
788 1
789 1
790 1
791 2
792 1
793 2
794 1
795 1
796 2
797 1
798 2
799 2
800 2
801 1
802 1
803 1
804 2
805 1
806 2
807 1
808 1
809 1
810 1
811 2
812 1
813 2
814 2
815 1
816 2
817 2
818 1
819 1
820 2
821 1
822 1
823 2
824 2
825 1
826 2
827 1
828 2
829 1
830 2
831 1
832 2
833 1
834 2
835 1
836 1
837 2
838 1
839 2
840 2
841 2
842 1
843 1
844 2
845 2
846 2
847 1
848 1
849 2
850 1
851 1
852 2
853 1
854 1
855 1
856 1
857 1
858 2
859 2
860 1
861 2
862 2
863 2
864 2
865 2
866 2
867 1
868 2
869 1
870 1
871 2
872 2
873 1
874 1
875 1
876 2
877 1
878 2
879 1
880 1
881 2
882 2
883 1
884 2
885 1
886 1
887 1
888 1
889 2
890 1
891 1
892 2
893 2
894 2
895 2
896 2
897 1
898 2
899 2
900 2
901 2
902 1
903 2
904 2
905 1
906 1
907 2
908 1
909 1
910 1
911 2
912 1
913 1
914 1
915 2
916 2
917 2
918 2
919 2
920 2
921 1
922 1
923 2
924 2
925 2
926 1
927 1
928 1
929 1
930 1
931 2
932 2
933 1
934 2
935 2
936 2
937 1
938 1
939 2
940 1
941 2
942 2
943 2
944 1
945 2
946 1
947 2
948 2
949 2
950 1
951 1
952 1
953 1
954 2
955 1
956 1
957 1
958 2
959 2
960 2
961 1
962 2
963 2
964 2
965 2
966 2
967 2
968 2
969 1
970 2
971 2
972 1
973 1
974 1
975 2
976 1
977 1
978 2
979 1
980 2
981 1
982 2
983 2
984 2
985 1
986 2
987 2
988 2
989 1
990 1
991 1
992 2
993 2
994 2
995 1
996 1
997 2
998 1
999 1
1000 1
1001 2
1002 2
1003 1
1004 1
1005 1
1006 1
1007 1
1008 2
1009 2
1010 2
1011 2
1012 2
1013 2
1014 1
1015 1
1016 1
1017 1
1018 1
1019 2
1020 2
1021 1
1022 1
1023 2
1024 1
1025 1
1026 1
1027 1
1028 1
1029 2
1030 1
1031 2
1032 1
1033 2
1034 2
1035 1
1036 2
1037 2
1038 1
1039 2
1040 2
1041 1
1042 2
1043 2
1044 1
1045 1
1046 2
1047 2
1048 1
1049 2
1050 1
1051 2
1052 2
1053 2
1054 2
1055 2
1056 1
1057 2
1058 1
1059 1
1060 2
1061 1
1062 2
1063 1
1064 1
1065 1
1066 2
1067 2
1068 1
1069 2
1070 2
1071 1
1072 2
1073 1
1074 2
1075 1
1076 1
1077 1
1078 1
1079 2
1080 2
1081 2
1082 2
1083 1
1084 2
1085 1
1086 2
1087 2
1088 1
1089 1
1090 1
1091 2
1092 2
1093 1
1094 1
1095 2
1096 2
1097 1
1098 2
1099 1
1100 2
1101 2
1102 1
1103 1
1104 2
1105 2
1106 1
1107 2
1108 2
1109 1
1110 2
1111 2
1112 2
1113 1
1114 1
1115 2
1116 1
1117 2
1118 1
1119 1
1120 2
1121 2
1122 1
1123 2
1124 1
1125 1
1126 1
1127 2
1128 1
1129 2
1130 2
1131 2
1132 1
1133 2
1134 2
1135 1
1136 2
1137 1
1138 2
1139 2
1140 2
1141 2
1142 2
1143 2
1144 1
1145 2
1146 1
1147 2
1148 1
1149 2
1150 1
1151 2
1152 2
1153 1
1154 2
1155 2
1156 1
1157 1
1158 2
1159 2
1160 1
1161 2
1162 2
1163 1
1164 1
1165 2
1166 1
1167 2
1168 1
1169 1
1170 1
1171 1
1172 2
1173 2
1174 2
1175 1
1176 1
1177 2
1178 2
1179 2
1180 2
1181 2
1182 2
1183 1
1184 2
1185 2
1186 1
1187 2
1188 1
1189 1
1190 1
1191 1
1192 2
1193 1
1194 1
1195 2
1196 1
1197 2
1198 2
1199 2
1200 2
1201 1
1202 1
1203 2
1204 2
1205 2
1206 1
1207 1
1208 2
1209 2
1210 1
1211 1
1212 1
1213 2
1214 1
1215 2
1216 1
1217 2
1218 1
1219 2
1220 2
1221 2
1222 1
1223 1
1224 2
1225 2
1226 1
1227 1
1228 1
1229 1
1230 2
1231 2
1232 1
1233 2
1234 1
1235 2
1236 1
1237 1
1238 1
1239 2
1240 1
1241 1
1242 1
1243 2
1244 1
1245 2
1246 1
1247 1
1248 1
1249 1
1250 2
1251 2
1252 2
1253 2
1254 2
1255 1
1256 2
1257 2
1258 1
1259 2
1260 1
1261 2
1262 1
1263 2
1264 2
1265 2
1266 2
1267 1
1268 1
1269 1
1270 1
1271 1
1272 1
1273 1
1274 2
1275 1
1276 1
1277 2
1278 1
1279 1
1280 2
1281 1
1282 2
1283 1
1284 1
1285 1
1286 2
1287 1
1288 2
1289 2
1290 1
1291 1
1292 2
1293 1
1294 1
1295 1
1296 2
1297 1
1298 1
1299 1
1300 2
1301 2
1302 1
1303 1
1304 2
1305 1
1306 1
1307 2
1308 1
1309 1
1310 2
1311 1
1312 1
1313 2
1314 1
1315 2
1316 1
1317 1
1318 2
1319 2
1320 2
1321 1
1322 2
1323 1
1324 2
1325 1
1326 1
1327 2
1328 2
1329 1
1330 2
1331 2
1332 2
1333 1
1334 2
1335 1
1336 2
1337 1
1338 1
1339 1
1340 2
1341 2
1342 2
1343 2
1344 2
1345 2
1346 1
1347 2
1348 2
1349 1
1350 1
1351 2
1352 2
1353 1
1354 1
1355 1
1356 1
1357 1
1358 1
1359 2
1360 2
1361 2
1362 1
1363 1
1364 1
1365 1
1366 2
1367 2
1368 1
1369 2
1370 1
1371 2
1372 2
1373 1
1374 1
1375 2
1376 2
1377 2
1378 1
1379 2
1380 2
1381 2
1382 1
1383 2
1384 1
1385 1
1386 1
1387 1
1388 1
1389 1
1390 2
1391 2
1392 1
1393 1
1394 1
1395 1
1396 1
1397 2
1398 1
1399 1
1400 2
1401 2
1402 2
1403 1
1404 2
1405 1
1406 1
1407 2
1408 1
1409 1
1410 2
1411 1
1412 1
1413 2
1414 2
1415 1
1416 2
1417 2
1418 2
1419 1
1420 1
1421 2
1422 1
1423 1
1424 1
1425 2
1426 1
1427 2
1428 1
1429 2
1430 1
1431 1
1432 1
1433 2
1434 2
1435 1
1436 1
1437 1
1438 2
1439 1
1440 2
1441 1
1442 2
1443 1
1444 2
1445 1
1446 1
1447 1
1448 2
1449 1
1450 1
1451 2
1452 2
1453 2
1454 2
1455 2
1456 1
1457 2
1458 1
1459 2
1460 1
1461 2
1462 2
1463 2
1464 1
1465 1
1466 1
1467 2
1468 2
1469 2
1470 2
1471 2
1472 1
1473 2
1474 2
1475 2
1476 1
1477 2
1478 2
1479 1
1480 2
1481 1
1482 1
1483 2
1484 1
1485 1
1486 2
1487 1
1488 1
1489 1
1490 1
1491 1
1492 2
1493 2
1494 2
1495 2
1496 1
1497 2
1498 2
1499 2
1500 2
1501 1
1502 2
1503 2
1504 2
1505 1
1506 2
1507 1
1508 1
1509 2
1510 1
1511 1
1512 2
1513 1
1514 1
1515 2
1516 1
1517 2
1518 2
1519 2
1520 1
1521 1
1522 1
1523 1
1524 1
1525 2
1526 1
1527 2
1528 2
1529 2
1530 1
1531 2
1532 2
1533 1
1534 2
1535 2
1536 1
1537 1
1538 2
1539 2
1540 1
1541 1
1542 2
1543 1
1544 1
1545 1
1546 2
1547 2
1548 1
1549 2
1550 1
1551 2
1552 2
1553 2
1554 2
1555 2
1556 2
1557 1
1558 2
1559 1
1560 2
1561 2
1562 2
1563 2
1564 2
1565 1
1566 2
1567 1
1568 1
1569 1
1570 1
1571 2
1572 2
1573 1
1574 2
1575 1
1576 1
1577 2
1578 2
1579 2
1580 1
1581 2
1582 2
1583 2
1584 1
1585 2
1586 2
1587 1
1588 2
1589 1
1590 1
1591 2
1592 2
1593 2
1594 2
1595 1
1596 1
1597 1
1598 1
1599 1
1600 1
1601 1
1602 2
1603 2
1604 1
1605 1
1606 1
1607 2
1608 1
1609 1
1610 2
1611 1
1612 2
1613 2
1614 2
1615 2
1616 2
1617 1
1618 2
1619 2
1620 2
1621 2
1622 2
1623 1
1624 2
1625 2
1626 1
1627 2
1628 2
1629 1
1630 1
1631 2
1632 2
1633 2
1634 2
1635 1
1636 1
1637 1
1638 1
1639 2
1640 2
1641 2
1642 1
1643 2
1644 2
1645 1
1646 1
1647 2
1648 1
1649 2
1650 1
1651 1
1652 1
1653 1
1654 1
1655 1
1656 2
1657 1
1658 1
1659 1
1660 2
1661 1
1662 1
1663 2
1664 2
1665 1
1666 2
1667 1
1668 1
1669 2
1670 2
1671 2
1672 2
1673 2
1674 2
1675 2
1676 1
1677 1
1678 2
1679 1
1680 1
1681 2
1682 1
1683 1
1684 2
1685 2
1686 2
1687 2
1688 2
1689 1
1690 2
1691 1
1692 2
1693 1
1694 1
1695 2
1696 2
1697 2
1698 2
1699 1
1700 2
1701 1
1702 2
1703 1
1704 1
1705 2
1706 1
1707 2
1708 1
1709 2
1710 1
1711 2
1712 1
1713 1
1714 2
1715 2
1716 2
1717 1
1718 1
1719 1
1720 1
1721 2
1722 2
1723 2
1724 2
1725 2
1726 1
1727 2
1728 2
1729 2
1730 1
1731 1
1732 2
1733 1
1734 2
1735 2
1736 2
1737 2
1738 1
1739 1
1740 2
1741 2
1742 2
1743 2
1744 2
1745 1
1746 2
1747 1
1748 1
1749 2
1750 2
1751 1
1752 2
1753 1
1754 2
1755 2
1756 1
1757 2
1758 2
1759 2
1760 2
1761 2
1762 2
1763 2
1764 1
1765 1
1766 2
1767 1
1768 2
1769 2
1770 2
1771 1
1772 1
1773 2
1774 1
1775 2
1776 1
1777 1
1778 2
1779 1
1780 2
1781 2
1782 2
1783 1
1784 2
1785 1
1786 2
1787 2
1788 1
1789 2
1790 1
1791 1
1792 2
1793 2
1794 2
1795 2
1796 1
1797 1
1798 2
1799 2
1800 2
1801 2
1802 2
1803 1
1804 2
1805 2
1806 1
1807 1
1808 2
1809 1
1810 2
1811 1
1812 1
1813 2
1814 1
1815 1
1816 2
1817 1
1818 2
1819 2
1820 2
1821 2
1822 2
1823 2
1824 1
1825 1
1826 2
1827 2
1828 2
1829 1
1830 1
1831 2
1832 1
1833 2
1834 1
1835 2
1836 1
1837 1
1838 2
1839 1
1840 1
1841 1
1842 2
1843 2
1844 1
1845 2
1846 2
1847 1
1848 2
1849 1
1850 2
1851 2
1852 1
1853 1
1854 2
1855 2
1856 1
1857 2
1858 1
1859 1
1860 2
1861 1
1862 1
1863 1
1864 1
1865 2
1866 1
1867 1
1868 2
1869 2
1870 1
1871 1
1872 1
1873 1
1874 1
1875 2
1876 2
1877 1
1878 1
1879 1
1880 2
1881 1
1882 1
1883 2
1884 1
1885 1
1886 1
1887 1
1888 2
1889 1
1890 2
1891 2
1892 1
1893 1
1894 2
1895 2
1896 2
1897 1
1898 2
1899 1
1900 2
1901 1
1902 2
1903 2
1904 2
1905 2
1906 2
1907 1
1908 2
1909 2
1910 2
1911 1
1912 2
1913 2
1914 1
1915 1
1916 2
1917 2
1918 1
1919 1
1920 1
1921 1
1922 2
1923 2
1924 2
1925 2
1926 2
1927 2
1928 1
1929 1
1930 1
1931 2
1932 2
1933 2
1934 2
1935 2
1936 2
1937 1
1938 1
1939 2
1940 1
1941 2
1942 1
1943 1
1944 1
1945 1
1946 1
1947 1
1948 2
1949 1
1950 2
1951 2
1952 1
1953 1
1954 2
1955 1
1956 2
1957 2
1958 1
1959 1
1960 2
1961 2
1962 2
1963 1
1964 2
1965 1
1966 1
1967 2
1968 1
1969 2
1970 1
1971 2
1972 2
1973 1
1974 1
1975 1
1976 1
1977 2
1978 1
1979 1
1980 1
1981 2
1982 1
1983 1
1984 2
1985 2
1986 1
1987 2
1988 2
1989 1
1990 1
1991 2
1992 2
1993 1
1994 1
1995 1
1996 1
1997 1
1998 1
1999 1
2000 2
2001 1
2002 2
2003 2
2004 1
2005 1
2006 1
2007 2
2008 2
2009 2
2010 1
2011 2
2012 1
2013 1
2014 2
2015 1
2016 2
2017 1
2018 1
2019 1
2020 2
2021 2
2022 1
2023 2
2024 2
2025 2
2026 1
2027 1
2028 1
2029 1
2030 1
2031 2
2032 1
2033 2
2034 2
2035 1
2036 2
2037 1
2038 1
2039 1
2040 1
2041 2
2042 2
2043 2
2044 2
2045 2
2046 2
2047 1
2048 1
2049 1
2050 2
2051 2
2052 1
2053 1
2054 1
2055 1
2056 1
2057 1
2058 1
2059 1
2060 2
2061 2
2062 2
2063 2
2064 2
2065 2
2066 2
2067 2
2068 1
2069 1
2070 2
2071 2
2072 2
2073 1
2074 1
2075 2
2076 1
2077 1
2078 2
2079 2
2080 2
2081 2
2082 1
2083 1
2084 2
2085 1
2086 2
2087 2
2088 1
2089 2
2090 2
2091 2
2092 2
2093 1
2094 2
2095 2
2096 1
2097 2
2098 1
2099 1
2100 2
2101 2
2102 2
2103 1
2104 1
2105 2
2106 2
2107 1
2108 2
2109 1
2110 1
2111 2
2112 2
2113 2
2114 1
2115 1
2116 2
2117 2
2118 2
2119 2
2120 1
2121 1
2122 1
2123 1
2124 1
2125 1
2126 1
2127 2
2128 2
2129 2
2130 1
2131 2
2132 1
2133 2
2134 2
2135 2
2136 2
2137 2
2138 2
2139 2
2140 2
2141 2
2142 1
2143 2
2144 1
2145 1
2146 1
2147 1
2148 1
2149 1
2150 2
2151 1
2152 1
2153 1
2154 2
2155 1
2156 1
2157 2
2158 2
2159 2
2160 2
2161 1
2162 1
2163 2
2164 1
2165 1
2166 1
2167 1
2168 2
2169 1
2170 2
2171 1
2172 2
2173 1
2174 1
2175 1
2176 1
2177 2
2178 2
2179 2
2180 2
2181 1
2182 1
2183 2
2184 1
2185 1
2186 2
2187 1
2188 2
2189 1
2190 1
2191 1
2192 1
2193 2
2194 1
2195 2
2196 1
2197 1
2198 2
2199 2
2200 2
2201 2
2202 2
2203 2
2204 2
2205 2
2206 1
2207 1
2208 1
2209 2
2210 2
2211 1
2212 2
2213 2
2214 2
2215 1
2216 2
2217 2
2218 2
2219 1
2220 1
2221 2
2222 2
2223 2
2224 1
2225 2
2226 2
2227 1
2228 1
2229 2
2230 1
2231 2
2232 1
2233 1
2234 1
2235 1
2236 1
2237 2
2238 2
2239 1
2240 2
2241 1
2242 1
2243 1
2244 2
2245 2
2246 1
2247 1
2248 1
2249 2
2250 2
2251 2
2252 2
2253 1
2254 1
2255 2
2256 2
2257 2
2258 1
2259 1
2260 2
2261 2
2262 1
2263 1
2264 2
2265 2
2266 1
2267 2
2268 1
2269 1
2270 2
2271 2
2272 1
2273 1
2274 2
2275 2
2276 1
2277 1
2278 1
2279 2
2280 2
2281 2
2282 2
2283 1
2284 2
2285 2
2286 1
2287 2
2288 2
2289 2
2290 2
2291 2
2292 1
2293 1
2294 2
2295 2
2296 2
2297 2
2298 2
2299 2
2300 1
2301 1
2302 2
2303 1
2304 1
2305 1
2306 1
2307 1
2308 2
2309 1
2310 1
2311 2
2312 2
2313 1
2314 2
2315 1
2316 2
2317 1
2318 1
2319 2
2320 1
2321 2
2322 2
2323 2
2324 2
2325 1
2326 1
2327 2
2328 2
2329 1
2330 2
2331 1
2332 2
2333 1
2334 1
2335 1
2336 2
2337 1
2338 2
2339 1
2340 1
2341 1
2342 2
2343 2
2344 2
2345 2
2346 1
2347 1
2348 2
2349 2
2350 2
2351 2
2352 2
2353 1
2354 1
2355 2
2356 2
2357 1
2358 1
2359 2
2360 2
2361 1
2362 1
2363 1
2364 2
2365 1
2366 2
2367 2
2368 2
2369 1
2370 2
2371 1
2372 2
2373 1
2374 2
2375 1
2376 1
2377 1
2378 2
2379 2
2380 2
2381 1
2382 2
2383 2
2384 2
2385 1
2386 2
2387 1
2388 2
2389 2
2390 1
2391 2
2392 2
2393 2
2394 1
2395 1
2396 1
2397 1
2398 2
2399 2
2400 2
2401 1
2402 1
2403 1
2404 1
2405 2
2406 1
2407 2
2408 1
2409 1
2410 2
2411 2
2412 1
2413 1
2414 1
2415 2
2416 1
2417 1
2418 1
2419 2
2420 1
2421 2
2422 2
2423 1
2424 1
2425 2
2426 2
2427 2
2428 2
2429 2
2430 2
2431 2
2432 2
2433 1
2434 2
2435 2
2436 1
2437 2
2438 2
2439 1
2440 1
2441 2
2442 1
2443 1
2444 2
2445 1
2446 1
2447 2
2448 1
2449 2
2450 2
2451 2
2452 1
2453 1
2454 2
2455 1
2456 2
2457 1
2458 1
2459 1
2460 1
2461 2
2462 1
2463 1
2464 1
2465 2
2466 2
2467 2
2468 2
2469 2
2470 1
2471 2
2472 2
2473 1
2474 2
2475 2
2476 1
2477 2
2478 2
2479 1
2480 2
2481 2
2482 1
2483 1
2484 2
2485 2
2486 2
2487 2
2488 1
2489 1
2490 1
2491 1
2492 2
2493 1
2494 2
2495 2
2496 1
2497 1
2498 2
2499 2
2500 1
