1 2
2 1
3 1
4 2
5 2
6 2
7 2
8 1
9 2
10 1
11 1
12 1
13 2
14 2
15 1
16 1
17 1
18 2
19 1
20 2
21 2
22 2
23 1
24 2
25 1
26 1
27 2
28 1
29 1
30 1
31 2
32 2
33 2
34 2
35 2
36 1
37 1
38 1
39 1
40 2
41 2
42 1
43 2
44 2
45 1
46 2
47 2
48 2
49 1
50 2
51 2
52 1
53 2
54 1
55 1
56 1
57 2
58 1
59 1
60 2
61 2
62 2
63 1
64 1
65 2
66 1
67 1
68 2
69 1
70 1
71 1
72 1
73 2
74 2
75 2
76 2
77 1
78 2
79 2
80 2
81 1
82 1
83 1
84 1
85 2
86 2
87 2
88 1
89 2
90 2
91 2
92 1
93 2
94 2
95 1
96 1
97 2
98 1
99 2
100 2
101 1
102 2
103 1
104 1
105 1
106 1
107 1
108 1
109 1
110 1
111 1
112 1
113 1
114 1
115 1
116 2
117 2
118 2
119 2
120 1
121 1
122 1
123 1
124 1
125 1
126 2
127 2
128 2
129 2
130 2
131 1
132 2
133 2
134 1
135 1
136 2
137 1
138 1
139 2
140 2
141 2
142 2
143 1
144 1
145 2
146 1
147 2
148 1
149 1
150 2
151 2
152 2
153 2
154 1
155 2
156 1
157 1
158 2
159 1
160 1
161 2
162 1
163 2
164 1
165 1
166 1
167 2
168 2
169 2
170 2
171 2
172 2
173 1
174 1
175 1
176 1
177 1
178 1
179 1
180 1
181 2
182 1
183 2
184 2
185 2
186 2
187 2
188 2
189 2
190 2
191 2
192 2
193 2
194 2
195 1
196 1
197 1
198 2
199 1
200 1
201 2
202 1
203 2
204 1
205 1
206 1
207 2
208 1
209 2
210 2
211 2
212 1
213 1
214 2
215 2
216 1
217 1
218 2
219 2
220 2
221 2
222 1
223 1
224 2
225 2
226 1
227 1
228 2
229 1
230 2
231 2
232 1
233 2
234 1
235 1
236 2
237 2
238 2
239 1
240 1
241 2
242 1
243 1
244 2
245 2
246 2
247 1
248 2
249 2
250 2
251 1
252 2
253 1
254 2
255 1
256 1
257 2
258 2
259 1
260 1
261 2
262 2
263 2
264 1
265 1
266 2
267 2
268 1
269 1
270 2
271 2
272 1
273 2
274 2
275 1
276 2
277 2
278 1
279 1
280 2
281 1
282 1
283 2
284 2
285 1
286 1
287 2
288 2
289 1
290 1
291 2
292 2
293 1
294 2
295 2
296 1
297 2
298 1
299 1
300 2
301 2
302 2
303 1
304 1
305 2
306 1
307 1
308 1
309 1
310 2
311 2
312 2
313 2
314 1
315 1
316 2
317 1
318 2
319 1
320 2
321 2
322 2
323 2
324 2
325 2
326 1
327 1
328 2
329 1
330 2
331 2
332 2
333 1
334 1
335 1
336 2
337 1
338 1
339 2
340 1
341 1
342 2
343 2
344 1
345 1
346 2
347 2
348 1
349 1
350 2
351 1
352 2
353 1
354 1
355 1
356 2
357 2
358 2
359 1
360 2
361 2
362 2
363 1
364 1
365 2
366 2
367 2
368 1
369 2
370 2
371 2
372 1
373 2
374 1
375 2
376 2
377 2
378 1
379 2
380 1
381 1
382 2
383 1
384 1
385 2
386 1
387 2
388 1
389 2
390 2
391 1
392 2
393 1
394 1
395 1
396 1
397 1
398 2
399 1
400 2
401 1
402 1
403 1
404 2
405 1
406 1
407 1
408 2
409 2
410 1
411 1
412 2
413 2
414 1
415 2
416 2
417 2
418 2
419 2
420 1
421 2
422 2
423 1
424 1
425 1
426 2
427 2
428 2
429 1
430 1
431 1
432 1
433 1
434 1
435 2
436 2
437 2
438 2
439 2
440 2
441 1
442 2
443 1
444 2
445 1
446 2
447 1
448 2
449 2
450 2
451 2
452 2
453 2
454 1
455 2
456 2
457 1
458 2
459 1
460 2
461 1
462 1
463 2
464 1
465 1
466 2
467 1
468 1
469 1
470 2
471 1
472 1
473 2
474 2
475 2
476 2
477 1
478 2
479 2
480 1
481 1
482 1
483 2
484 2
485 2
486 2
487 2
488 2
489 2
490 2
491 1
492 2
493 2
494 1
495 1
496 2
497 1
498 1
499 1
500 1
501 1
502 2
503 1
504 2
505 1
506 2
507 1
508 2
509 1
510 1
511 2
512 1
513 2
514 1
515 2
516 2
517 2
518 1
519 1
520 2
521 1
522 1
523 2
524 1
525 2
526 1
527 1
528 1
529 2
530 1
531 2
532 2
533 2
534 1
535 2
536 2
537 2
538 2
539 2
540 2
541 1
542 2
543 2
544 1
545 2
546 1
547 2
548 2
549 2
550 2
551 2
552 2
553 2
554 1
555 2
556 1
557 2
558 1
559 1
560 2
561 2
562 1
563 2
564 1
565 1
566 1
567 1
568 1
569 2
570 1
571 2
572 1
573 2
574 2
575 2
576 1
577 2
578 1
579 2
580 1
581 2
582 2
583 2
584 1
585 2
586 1
587 1
588 1
589 2
590 1
591 1
592 2
593 2
594 1
595 1
596 1
597 1
598 2
599 2
600 1
601 2
602 2
603 2
604 1
605 2
606 1
607 1
608 1
609 1
610 2
611 2
612 2
613 1
614 1
615 2
616 2
617 2
618 1
619 1
620 2
621 1
622 2
623 1
624 2
625 2
626 2
627 1
628 1
629 2
630 2
631 2
632 2
633 1
634 2
635 2
636 2
637 1
638 1
639 2
640 2
641 1
642 2
643 1
644 2
645 2
646 2
647 1
648 1
649 2
650 2
651 2
652 2
653 2
654 1
655 1
656 2
657 1
658 1
659 2
660 2
661 2
662 2
663 2
664 2
665 2
666 2
667 2
668 2
669 2
670 2
671 1
672 1
673 2
674 2
675 2
676 1
677 1
678 1
679 1
680 1
681 1
682 2
683 2
684 1
685 2
686 1
687 1
688 1
689 1
690 1
691 1
692 2
693 2
694 2
695 1
696 1
697 1
698 1
699 2
700 1
701 2
702 1
703 2
704 1
705 1
706 1
707 2
708 1
709 1
710 1
711 1
712 2
713 1
714 2
715 1
716 1
717 1
718 2
719 2
720 2
721 1
722 1
723 1
724 1
725 1
726 2
727 1
728 2
729 2
730 1
731 1
732 2
733 1
734 1
735 2
736 1
737 2
738 2
739 2
740 2
741 1
742 2
743 2
744 1
745 1
746 2
747 2
748 2
749 1
750 1
751 1
752 1
753 1
754 2
755 1
756 1
757 2
758 1
759 1
760 2
761 2
762 2
763 1
764 1
765 1
766 2
767 1
768 2
769 1
770 1
771 1
772 1
773 1
774 1
775 1
776 2
777 2
778 2
779 1
780 1
781 1
782 1
783 1
784 2
785 2
786 1
787 2
788 2
789 2
790 2
791 1
792 2
793 2
794 2
795 2
796 2
797 2
798 2
799 1
800 1
801 1
802 2
803 1
804 1
805 2
806 1
807 2
808 2
809 2
810 2
811 2
812 1
813 2
814 1
815 1
816 2
817 1
818 1
819 2
820 2
821 1
822 1
823 1
824 1
825 1
826 1
827 2
828 2
829 1
830 2
831 2
832 2
833 1
834 1
835 1
836 1
837 1
838 2
839 1
840 1
841 2
842 1
843 1
844 2
845 1
846 2
847 1
848 1
849 1
850 1
851 2
852 2
853 1
854 2
855 1
856 1
857 2
858 2
859 1
860 1
861 1
862 2
863 1
864 2
865 2
866 1
867 1
868 2
869 2
870 1
871 2
872 2
873 2
874 2
875 1
876 1
877 2
878 1
879 2
880 1
881 1
882 2
883 2
884 1
885 1
886 1
887 2
888 2
889 2
890 1
891 2
892 2
893 2
894 2
895 2
896 2
897 1
898 1
899 1
900 2
901 2
902 2
903 1
904 1
905 1
906 1
907 1
908 1
909 2
910 1
911 2
912 1
913 1
914 2
915 1
916 1
917 2
918 2
919 1
920 2
921 1
922 2
923 1
924 2
925 1
926 1
927 1
928 1
929 2
930 2
931 2
932 2
933 1
934 1
935 1
936 1
937 2
938 2
939 2
940 1
941 2
942 1
943 1
944 1
945 1
946 2
947 2
948 2
949 2
950 1
951 2
952 1
953 2
954 2
955 1
956 2
957 1
958 1
959 1
960 2
961 2
962 2
963 2
964 2
965 2
966 2
967 1
968 2
969 1
970 2
971 1
972 1
973 1
974 1
975 2
976 1
977 2
978 2
979 1
980 1
981 2
982 1
983 2
984 2
985 2
986 1
987 1
988 2
989 1
990 1
991 1
992 1
993 1
994 2
995 2
996 2
997 1
998 1
999 1
1000 1
