1 2
2 2
3 2
4 1
5 2
6 2
7 2
8 1
9 2
10 2
11 2
12 2
13 2
14 2
15 2
16 1
17 2
18 2
19 2
20 1
21 1
22 1
23 2
24 1
25 2
26 2
27 2
28 1
29 2
30 2
31 2
32 2
33 2
34 2
35 2
36 1
37 1
38 2
39 1
40 1
41 1
42 1
43 1
44 2
45 2
46 2
47 1
48 1
49 1
50 1
51 1
52 2
53 1
54 1
55 1
56 2
57 1
58 1
59 1
60 2
61 2
62 1
63 1
64 1
65 2
66 1
67 2
68 1
69 2
70 2
71 1
72 2
73 1
74 2
75 1
76 2
77 1
78 2
79 2
80 1
81 2
82 1
83 1
84 2
85 2
86 1
87 2
88 1
89 1
90 1
91 2
92 2
93 1
94 1
95 1
96 1
97 1
98 1
99 1
100 1
101 1
102 1
103 1
104 1
105 1
106 1
107 2
108 1
109 2
110 1
111 1
112 2
113 2
114 1
115 2
116 1
117 2
118 1
119 2
120 2
121 2
122 2
123 1
124 2
125 2
126 2
127 1
128 1
129 1
130 1
131 1
132 1
133 1
134 1
135 1
136 1
137 1
138 2
139 2
140 2
141 1
142 2
143 1
144 2
145 2
146 1
147 2
148 2
149 2
150 2
151 1
152 2
153 2
154 1
155 1
156 2
157 1
158 2
159 2
160 2
161 2
162 1
163 2
164 1
165 1
166 1
167 1
168 1
169 2
170 1
171 1
172 1
173 2
174 2
175 1
176 2
177 1
178 1
179 2
180 1
181 2
182 1
183 1
184 2
185 2
186 2
187 1
188 1
189 1
190 2
191 1
192 2
193 2
194 1
195 1
196 1
197 1
198 2
199 1
200 1
201 1
202 2
203 2
204 1
205 1
206 2
207 1
208 1
209 2
210 2
211 2
212 2
213 2
214 1
215 1
216 2
217 2
218 1
219 2
220 1
221 2
222 1
223 2
224 1
225 2
226 2
227 2
228 1
229 1
230 1
231 1
232 2
233 2
234 1
235 2
236 2
237 1
238 2
239 2
240 1
241 1
242 2
243 2
244 1
245 2
246 1
247 2
248 2
249 1
250 2
251 1
252 1
253 1
254 1
255 1
256 1
257 1
258 1
259 1
260 2
261 1
262 2
263 2
264 2
265 1
266 2
267 2
268 2
269 2
270 1
271 1
272 2
273 2
274 1
275 1
276 2
277 1
278 2
279 2
280 1
281 2
282 2
283 1
284 2
285 1
286 2
287 1
288 2
289 1
290 2
291 1
292 2
293 2
294 2
295 2
296 2
297 2
298 2
299 2
300 2
301 2
302 2
303 1
304 2
305 2
306 2
307 1
308 1
309 2
310 1
311 2
312 1
313 2
314 2
315 2
316 1
317 2
318 1
319 2
320 2
321 2
322 1
323 2
324 1
325 2
326 2
327 1
328 2
329 2
330 1
331 1
332 1
333 2
334 2
335 1
336 1
337 1
338 2
339 1
340 1
341 1
342 2
343 2
344 2
345 1
346 2
347 2
348 2
349 2
350 1
351 1
352 2
353 1
354 1
355 1
356 2
357 2
358 1
359 2
360 1
361 2
362 1
363 2
364 1
365 1
366 1
367 1
368 1
369 2
370 1
371 2
372 2
373 1
374 1
375 1
376 1
377 2
378 2
379 1
380 2
381 1
382 2
383 1
384 1
385 1
386 1
387 1
388 2
389 1
390 2
391 2
392 1
393 2
394 1
395 2
396 1
397 1
398 1
399 1
400 1
401 2
402 1
403 2
404 2
405 1
406 2
407 2
408 2
409 1
410 2
411 2
412 1
413 1
414 2
415 1
416 1
417 1
418 2
419 2
420 2
421 2
422 2
423 2
424 1
425 2
426 1
427 1
428 2
429 2
430 1
431 1
432 1
433 2
434 2
435 2
436 1
437 2
438 1
439 2
440 1
441 1
442 2
443 2
444 2
445 2
446 2
447 1
448 1
449 1
450 1
451 2
452 2
453 2
454 2
455 1
456 1
457 1
458 1
459 1
460 1
461 1
462 1
463 2
464 2
465 1
466 1
467 2
468 2
469 2
470 2
471 1
472 2
473 1
474 2
475 1
476 2
477 1
478 2
479 2
480 2
481 2
482 1
483 1
484 2
485 2
486 2
487 1
488 1
489 2
490 2
491 2
492 1
493 1
494 1
495 1
496 1
497 2
498 2
499 2
500 2
501 1
502 2
503 1
504 1
505 1
506 2
507 2
508 1
509 2
510 1
511 2
512 1
513 2
514 2
515 1
516 2
517 2
518 2
519 2
520 1
521 2
522 1
523 2
524 2
525 1
526 1
527 1
528 1
529 2
530 1
531 2
532 2
533 1
534 2
535 1
536 2
537 1
538 2
539 1
540 1
541 2
542 1
543 2
544 2
545 2
546 1
547 2
548 2
549 2
550 2
551 2
552 2
553 1
554 1
555 2
556 2
557 1
558 1
559 1
560 1
561 1
562 1
563 2
564 1
565 2
566 1
567 2
568 2
569 1
570 2
571 1
572 1
573 2
574 1
575 2
576 2
577 1
578 1
579 2
580 2
581 2
582 1
583 2
584 2
585 1
586 1
587 2
588 1
589 2
590 2
591 2
592 2
593 1
594 2
595 1
596 1
597 2
598 1
599 1
600 1
601 1
602 1
603 1
604 1
605 1
606 1
607 2
608 2
609 2
610 1
611 1
612 2
613 1
614 2
615 1
616 2
617 2
618 1
619 2
620 1
621 2
622 2
623 1
624 1
625 1
626 2
627 2
628 2
629 2
630 2
631 1
632 1
633 1
634 2
635 2
636 1
637 1
638 1
639 2
640 2
641 2
642 1
643 2
644 1
645 2
646 2
647 1
648 1
649 1
650 2
651 2
652 2
653 2
654 1
655 2
656 2
657 2
658 2
659 1
660 1
661 2
662 1
663 2
664 2
665 1
666 2
667 2
668 2
669 2
670 2
671 2
672 1
673 2
674 1
675 2
676 1
677 2
678 2
679 2
680 2
681 2
682 2
683 1
684 1
685 1
686 2
687 2
688 1
689 1
690 2
691 2
692 1
693 2
694 2
695 1
696 2
697 2
698 2
699 2
700 1
701 1
702 2
703 1
704 2
705 1
706 1
707 2
708 2
709 1
710 1
711 1
712 2
713 2
714 2
715 2
716 1
717 2
718 1
719 1
720 1
721 2
722 1
723 2
724 2
725 1
726 2
727 1
728 2
729 2
730 2
731 2
732 1
733 2
734 1
735 1
736 2
737 1
738 2
739 2
740 1
741 2
742 1
743 2
744 1
745 1
746 1
747 2
748 2
749 1
750 1
751 1
752 1
753 1
754 2
755 1
756 2
757 1
758 1
759 1
760 1
761 1
762 1
763 1
764 1
765 1
766 1
767 2
768 1
769 2
770 2
771 1
772 2
773 1
774 2
775 2
776 1
777 1
778 1
779 2
780 2
781 1
782 1
783 1
784 2
785 1
786 2
787 1
788 2
789 2
790 2
791 1
792 2
793 1
794 2
795 2
796 2
797 2
798 1
799 1
800 1
801 1
802 2
803 2
804 2
805 1
806 2
807 2
808 1
809 1
810 2
811 1
812 2
813 1
814 2
815 1
816 1
817 2
818 2
819 2
820 2
821 2
822 1
823 1
824 2
825 1
826 1
827 1
828 2
829 2
830 2
831 1
832 1
833 1
834 1
835 1
836 2
837 1
838 2
839 1
840 1
841 1
842 1
843 1
844 1
845 2
846 1
847 1
848 1
849 2
850 2
851 2
852 1
853 2
854 2
855 2
856 1
857 2
858 2
859 1
860 2
861 1
862 1
863 1
864 1
865 2
866 2
867 1
868 2
869 1
870 1
871 1
872 2
873 1
874 2
875 1
876 1
877 1
878 2
879 1
880 1
881 1
882 2
883 2
884 2
885 1
886 2
887 2
888 2
889 2
890 2
891 1
892 1
893 2
894 2
895 2
896 2
897 2
898 1
899 1
900 2
901 1
902 2
903 1
904 2
905 2
906 1
907 2
908 1
909 2
910 1
911 1
912 2
913 2
914 2
915 1
916 2
917 2
918 2
919 1
920 2
921 1
922 2
923 1
924 2
925 1
926 2
927 1
928 1
929 2
930 1
931 1
932 2
933 1
934 1
935 2
936 2
937 2
938 1
939 1
940 1
941 1
942 2
943 1
944 1
945 1
946 1
947 2
948 2
949 1
950 1
951 1
952 1
953 2
954 1
955 1
956 1
957 2
958 2
959 2
960 1
961 2
962 2
963 1
964 2
965 1
966 1
967 2
968 2
969 2
970 1
971 1
972 1
973 2
974 2
975 2
976 1
977 1
978 1
979 1
980 2
981 2
982 2
983 2
984 2
985 2
986 1
987 2
988 1
989 2
990 1
991 1
992 2
993 1
994 1
995 1
996 1
997 1
998 1
999 1
1000 1
1001 1
1002 1
1003 1
1004 1
1005 1
1006 2
1007 2
1008 2
1009 1
1010 2
1011 1
1012 1
1013 1
1014 2
1015 1
1016 2
1017 2
1018 1
1019 1
1020 1
1021 2
1022 1
1023 2
1024 1
1025 2
1026 1
1027 1
1028 2
1029 2
1030 2
1031 1
1032 2
1033 2
1034 1
1035 2
1036 1
1037 2
1038 1
1039 2
1040 1
1041 1
1042 1
1043 1
1044 2
1045 2
1046 1
1047 1
1048 1
1049 2
1050 2
1051 2
1052 1
1053 2
1054 2
1055 2
1056 2
1057 2
1058 1
1059 2
1060 1
1061 2
1062 1
1063 2
1064 1
1065 2
1066 1
1067 1
1068 2
1069 2
1070 1
1071 1
1072 2
1073 1
1074 2
1075 1
1076 1
1077 2
1078 2
1079 1
1080 2
1081 1
1082 2
1083 2
1084 2
1085 2
1086 2
1087 2
1088 2
1089 2
1090 2
1091 1
1092 1
1093 2
1094 1
1095 2
1096 2
1097 1
1098 1
1099 1
1100 2
1101 2
1102 2
1103 1
1104 2
1105 1
1106 1
1107 1
1108 1
1109 1
1110 2
1111 2
1112 1
1113 2
1114 2
1115 1
1116 2
1117 2
1118 1
1119 1
1120 1
1121 1
1122 2
1123 2
1124 2
1125 2
1126 1
1127 2
1128 1
1129 2
1130 2
1131 2
1132 1
1133 1
1134 2
1135 1
1136 1
1137 2
1138 1
1139 2
1140 1
1141 1
1142 2
1143 2
1144 2
1145 2
1146 1
1147 2
1148 1
1149 1
1150 1
1151 1
1152 1
1153 2
1154 2
1155 2
1156 2
1157 1
1158 1
1159 1
1160 1
1161 1
1162 2
1163 1
1164 2
1165 1
1166 1
1167 2
1168 2
1169 2
1170 1
1171 2
1172 2
1173 1
1174 2
1175 2
1176 2
1177 2
1178 2
1179 1
1180 2
1181 1
1182 2
1183 2
1184 2
1185 2
1186 2
1187 2
1188 2
1189 1
1190 1
1191 1
1192 1
1193 2
1194 1
1195 2
1196 1
1197 2
1198 2
1199 1
1200 2
1201 2
1202 2
1203 1
1204 1
1205 1
1206 1
1207 2
1208 2
1209 1
1210 2
1211 1
1212 1
1213 2
1214 2
1215 1
1216 1
1217 2
1218 2
1219 2
1220 1
1221 1
1222 1
1223 2
1224 2
1225 2
1226 2
1227 1
1228 2
1229 1
1230 2
1231 2
1232 1
1233 2
1234 2
1235 2
1236 1
1237 1
1238 2
1239 2
1240 1
1241 1
1242 2
1243 1
1244 1
1245 1
1246 2
1247 1
1248 1
1249 2
1250 1
1251 2
1252 2
1253 1
1254 2
1255 1
1256 2
1257 1
1258 2
1259 1
1260 2
1261 1
1262 2
1263 1
1264 2
1265 1
1266 1
1267 1
1268 1
1269 2
1270 1
1271 2
1272 1
1273 1
1274 2
1275 2
1276 1
1277 2
1278 2
1279 1
1280 2
1281 1
1282 2
1283 2
1284 2
1285 1
1286 1
1287 2
1288 2
1289 2
1290 1
1291 1
1292 2
1293 1
1294 1
1295 1
1296 2
1297 1
1298 1
1299 2
1300 1
1301 2
1302 1
1303 1
1304 1
1305 1
1306 1
1307 2
1308 1
1309 2
1310 2
1311 1
1312 2
1313 2
1314 1
1315 1
1316 2
1317 2
1318 2
1319 2
1320 1
1321 1
1322 2
1323 2
1324 1
1325 2
1326 2
1327 1
1328 2
1329 2
1330 1
1331 1
1332 2
1333 2
1334 2
1335 1
1336 1
1337 2
1338 2
1339 2
1340 2
1341 1
1342 2
1343 1
1344 1
1345 1
1346 1
1347 2
1348 1
1349 2
1350 2
1351 2
1352 2
1353 1
1354 1
1355 1
1356 2
1357 2
1358 1
1359 2
1360 2
1361 2
1362 2
1363 1
1364 2
1365 1
1366 2
1367 2
1368 1
1369 2
1370 2
1371 1
1372 2
1373 1
1374 1
1375 2
1376 2
1377 2
1378 1
1379 2
1380 2
1381 2
1382 1
1383 1
1384 2
1385 1
1386 2
1387 2
1388 2
1389 2
1390 2
1391 2
1392 1
1393 1
1394 2
1395 1
1396 2
1397 2
1398 2
1399 1
1400 1
1401 2
1402 2
1403 1
1404 1
1405 1
1406 2
1407 2
1408 2
1409 1
1410 2
1411 1
1412 1
1413 2
1414 2
1415 1
1416 1
1417 2
1418 1
1419 1
1420 1
1421 1
1422 1
1423 2
1424 2
1425 2
1426 2
1427 2
1428 1
1429 1
1430 1
1431 2
1432 1
1433 2
1434 1
1435 2
1436 1
1437 2
1438 1
1439 2
1440 2
1441 1
1442 1
1443 1
1444 2
1445 2
1446 1
1447 2
1448 1
1449 2
1450 1
1451 1
1452 2
1453 2
1454 1
1455 2
1456 1
1457 1
1458 2
1459 2
1460 1
1461 2
1462 2
1463 2
1464 2
1465 2
1466 2
1467 2
1468 2
1469 2
1470 2
1471 2
1472 1
1473 2
1474 2
1475 2
1476 2
1477 1
1478 1
1479 2
1480 1
1481 2
1482 2
1483 2
1484 1
1485 2
1486 2
1487 2
1488 2
1489 1
1490 1
1491 2
1492 2
1493 2
1494 1
1495 2
1496 1
1497 2
1498 1
1499 2
1500 2
1501 2
1502 2
1503 2
1504 1
1505 1
1506 1
1507 1
1508 1
1509 2
1510 2
1511 1
1512 1
1513 1
1514 2
1515 1
1516 2
1517 1
1518 1
1519 1
1520 2
1521 2
1522 2
1523 1
1524 2
1525 2
1526 2
1527 1
1528 2
1529 1
1530 2
1531 1
1532 2
1533 1
1534 1
1535 1
1536 2
1537 2
1538 1
1539 2
1540 2
1541 1
1542 1
1543 1
1544 1
1545 2
1546 1
1547 1
1548 2
1549 1
1550 2
1551 2
1552 2
1553 1
1554 2
1555 2
1556 2
1557 1
1558 2
1559 1
1560 1
1561 2
1562 1
1563 1
1564 1
1565 1
1566 2
1567 1
1568 2
1569 2
1570 1
1571 1
1572 1
1573 1
1574 2
1575 1
1576 2
1577 1
1578 2
1579 1
1580 2
1581 2
1582 2
1583 1
1584 2
1585 1
1586 1
1587 2
1588 1
1589 1
1590 2
1591 2
1592 2
1593 1
1594 2
1595 2
1596 2
1597 2
1598 1
1599 1
1600 1
1601 1
1602 1
1603 2
1604 1
1605 2
1606 1
1607 2
1608 1
1609 2
1610 1
1611 2
1612 1
1613 2
1614 1
1615 1
1616 2
1617 2
1618 2
1619 2
1620 1
1621 1
1622 1
1623 1
1624 1
1625 1
1626 1
1627 1
1628 1
1629 1
1630 1
1631 2
1632 1
1633 1
1634 1
1635 2
1636 1
1637 2
1638 1
1639 1
1640 1
1641 1
1642 2
1643 1
1644 2
1645 2
1646 2
1647 1
1648 2
1649 2
1650 1
1651 1
1652 2
1653 1
1654 1
1655 2
1656 2
1657 2
1658 1
1659 1
1660 1
1661 1
1662 2
1663 2
1664 2
1665 2
1666 1
1667 2
1668 1
1669 2
1670 2
1671 1
1672 1
1673 1
1674 2
1675 1
1676 2
1677 2
1678 2
1679 1
1680 2
1681 1
1682 2
1683 2
1684 1
1685 2
1686 2
1687 2
1688 1
1689 2
1690 1
1691 1
1692 1
1693 1
1694 2
1695 2
1696 2
1697 2
1698 2
1699 2
1700 2
1701 1
1702 1
1703 1
1704 2
1705 1
1706 2
1707 1
1708 2
1709 2
1710 1
1711 2
1712 1
1713 2
1714 2
1715 1
1716 1
1717 1
1718 2
1719 1
1720 1
1721 1
1722 2
1723 2
1724 1
1725 2
1726 1
1727 2
1728 1
1729 1
1730 1
1731 1
1732 1
1733 2
1734 1
1735 1
1736 1
1737 2
1738 2
1739 2
1740 2
1741 1
1742 1
1743 1
1744 2
1745 1
1746 2
1747 1
1748 2
1749 2
1750 1
1751 2
1752 2
1753 2
1754 2
1755 2
1756 1
1757 2
1758 1
1759 2
1760 1
1761 2
1762 2
1763 1
1764 1
1765 2
1766 2
1767 2
1768 1
1769 1
1770 2
1771 2
1772 1
1773 1
1774 1
1775 1
1776 2
1777 1
1778 1
1779 2
1780 2
1781 1
1782 1
1783 2
1784 2
1785 2
1786 2
1787 2
1788 1
1789 1
1790 2
1791 2
1792 1
1793 2
1794 1
1795 2
1796 1
1797 1
1798 2
1799 1
1800 1
1801 2
1802 2
1803 2
1804 1
1805 1
1806 2
1807 2
1808 2
1809 2
1810 2
1811 1
1812 2
1813 2
1814 1
1815 1
1816 1
1817 2
1818 2
1819 2
1820 1
1821 2
1822 2
1823 2
1824 1
1825 2
1826 2
1827 2
1828 1
1829 1
1830 2
1831 2
1832 1
1833 1
1834 2
1835 2
1836 2
1837 1
1838 2
1839 2
1840 2
1841 1
1842 2
1843 2
1844 2
1845 2
1846 2
1847 2
1848 2
1849 1
1850 2
1851 1
1852 2
1853 1
1854 2
1855 2
1856 1
1857 1
1858 2
1859 2
1860 2
1861 2
1862 2
1863 2
1864 1
1865 2
1866 2
1867 2
1868 1
1869 2
1870 2
1871 2
1872 2
1873 1
1874 1
1875 2
1876 2
1877 2
1878 2
1879 1
1880 2
1881 2
1882 1
1883 1
1884 2
1885 1
1886 2
1887 2
1888 1
1889 2
1890 2
1891 1
1892 1
1893 1
1894 1
1895 2
1896 1
1897 1
1898 1
1899 2
1900 1
1901 1
1902 2
1903 1
1904 2
1905 2
1906 1
1907 1
1908 2
1909 2
1910 1
1911 2
1912 1
1913 1
1914 1
1915 2
1916 1
1917 2
1918 1
1919 2
1920 1
1921 2
1922 2
1923 1
1924 2
1925 2
1926 1
1927 2
1928 2
1929 2
1930 2
1931 1
1932 1
1933 2
1934 1
1935 2
1936 1
1937 2
1938 1
1939 1
1940 1
1941 1
1942 2
1943 2
1944 1
1945 1
1946 2
1947 2
1948 2
1949 1
1950 1
1951 1
1952 1
1953 1
1954 2
1955 2
1956 1
1957 2
1958 1
1959 1
1960 1
1961 1
1962 2
1963 2
1964 1
1965 1
1966 2
1967 1
1968 2
1969 1
1970 2
1971 2
1972 1
1973 2
1974 1
1975 2
1976 1
1977 2
1978 2
1979 1
1980 2
1981 1
1982 2
1983 2
1984 1
1985 2
1986 2
1987 1
1988 2
1989 1
1990 1
1991 1
1992 2
1993 1
1994 2
1995 2
1996 2
1997 1
1998 1
1999 1
2000 2
