1 3 2
1 4 2
1 6 2
1 10 2
2 1 2
2 2 2
2 3 1
2 4 2
2 6 2
2 9 2
3 1 2
3 3 1
3 4 2
4 1 1
4 3 2
4 5 2
4 7 1
4 10 1
5 2 1
5 3 1
5 4 2
5 6 2
5 7 2
5 10 2
6 1 2
6 2 2
6 3 1
6 5 2
6 9 2
7 3 2
7 4 2
7 10 1
8 2 1
8 3 2
8 4 1
8 6 1
8 7 1
9 3 1
9 4 2
9 6 2
9 7 2
10 1 2
10 3 2
10 4 2
10 5 2
10 10 1
11 2 2
11 3 1
11 4 2
11 7 2
11 9 2
11 10 2
12 7 2
12 8 2
12 9 2
13 1 2
13 3 2
13 4 2
13 7 1
14 2 2
14 4 2
14 5 1
14 6 2
14 9 1
15 1 2
15 3 1
15 7 1
15 9 1
16 1 1
16 3 2
16 7 1
16 8 1
16 10 1
17 1 1
17 4 2
18 1 2
18 2 2
18 4 2
18 7 2
18 8 2
19 1 2
19 2 1
19 3 2
20 2 2
20 3 1
20 7 2
20 10 1
21 2 1
21 3 1
21 4 1
21 7 1
21 8 1
22 1 2
22 5 2
22 7 2
23 1 2
23 3 2
23 5 1
23 6 2
23 9 1
24 1 1
24 3 1
24 6 1
24 9 2
25 3 2
25 5 1
25 6 2
26 6 1
26 8 2
26 9 2
27 1 2
27 2 2
27 9 1
28 1 1
28 9 1
29 1 2
29 4 2
29 10 2
30 1 2
30 2 2
30 3 1
30 6 2
30 10 2
31 1 2
31 3 2
31 5 1
31 7 1
31 10 2
32 1 2
32 2 1
32 3 1
32 4 2
32 9 2
32 10 1
33 3 1
33 6 2
34 1 2
34 3 2
34 4 2
34 6 2
34 9 1
35 1 1
35 2 1
35 3 2
35 7 2
35 9 2
35 10 1
36 1 2
36 3 1
36 6 1
37 1 1
37 3 1
37 4 1
37 6 1
37 9 1
37 10 1
38 1 2
38 3 2
38 6 2
38 7 2
38 9 2
39 3 1
39 6 1
39 7 2
39 10 1
40 3 1
40 4 1
40 7 1
41 2 1
41 3 2
41 5 2
41 9 2
42 1 1
42 3 1
43 2 1
43 3 2
43 4 1
43 5 1
43 7 1
43 9 1
43 10 1
44 4 2
44 5 2
44 6 2
44 7 2
44 10 1
45 3 1
45 5 2
45 7 2
45 9 1
45 10 2
46 1 2
46 3 2
46 9 2
46 10 2
47 1 1
47 3 1
47 10 2
48 1 1
48 2 1
48 4 1
48 5 1
48 10 1
49 3 1
49 6 2
50 3 2
50 5 1
50 6 1
50 8 1
50 10 2
51 1 1
51 2 1
51 3 1
51 9 1
51 10 1
52 1 2
52 3 2
52 4 2
52 5 2
52 10 2
53 1 1
53 3 1
53 6 1
54 2 2
54 4 1
54 5 2
54 7 1
55 1 1
55 4 1
55 6 1
55 7 2
55 9 1
55 10 1
56 1 2
56 2 1
56 3 1
56 5 2
56 9 1
57 1 2
57 2 1
57 3 1
57 6 1
57 7 2
57 9 1
57 10 1
58 1 2
58 3 2
58 5 2
58 10 1
59 1 1
59 2 1
59 3 1
59 5 2
59 6 1
59 8 1
59 9 2
60 1 2
60 3 2
60 4 2
60 10 1
61 4 2
61 5 2
61 9 2
62 1 1
62 3 1
62 9 2
63 4 2
63 5 1
63 10 1
64 1 1
64 3 2
64 7 1
64 8 1
64 9 1
64 10 1
65 1 2
65 3 1
65 6 2
65 9 2
66 1 1
66 6 1
66 7 2
66 9 1
67 1 2
67 3 2
67 4 2
67 9 2
67 10 1
68 1 1
68 3 1
68 4 1
68 7 2
68 10 1
69 1 2
69 3 1
69 4 2
69 7 1
69 10 2
71 3 1
71 5 2
71 10 1
72 1 2
72 2 2
72 3 1
72 6 2
72 7 2
72 9 1
72 10 1
73 1 1
73 3 2
73 8 1
73 9 1
74 1 2
74 2 2
74 3 1
74 4 2
74 7 1
75 1 1
75 4 1
75 9 1
76 3 1
76 9 2
76 10 2
77 2 1
77 3 1
77 4 1
77 5 2
77 6 1
77 7 1
77 9 2
78 2 1
78 3 1
78 4 2
78 5 2
79 1 2
79 2 2
79 3 2
79 6 2
79 7 2
79 8 1
79 9 2
80 1 1
80 3 1
80 4 1
80 5 1
80 6 1
80 9 1
80 10 1
81 1 2
81 6 1
81 7 2
81 10 2
82 1 1
82 2 1
82 3 1
82 5 2
82 6 1
82 10 1
83 3 1
83 9 2
83 10 1
84 3 2
84 5 2
84 7 1
84 10 2
85 1 2
85 3 1
85 5 2
85 7 2
86 3 1
86 6 1
86 7 2
86 10 1
87 3 1
87 8 1
87 10 2
88 1 1
88 2 1
88 3 2
88 7 2
88 9 1
89 6 1
89 8 1
89 9 1
90 1 2
90 4 1
90 5 1
91 1 2
91 3 2
91 5 1
91 10 2
92 1 2
92 2 2
92 3 1
92 6 2
92 9 1
92 10 2
93 1 1
93 4 1
93 7 1
93 8 1
93 10 1
94 1 1
94 3 1
94 4 1
94 6 1
94 9 2
94 10 1
95 3 1
95 4 1
95 7 1
95 10 1
96 3 2
96 4 1
96 9 1
96 10 1
97 1 2
97 2 1
97 3 2
97 4 1
97 10 1
98 3 2
98 7 1
98 10 1
99 4 1
99 5 2
99 7 1
99 9 2
99 10 1
100 1 1
100 3 1
100 5 2
100 9 1
100 10 2
101 1 1
101 3 1
101 4 1
101 5 1
101 8 1
102 1 1
102 8 2
102 9 1
103 1 1
103 3 1
103 5 2
103 9 1
104 1 1
104 3 1
104 5 1
104 6 1
104 7 2
104 9 1
104 10 1
105 3 2
105 9 1
105 10 1
106 1 2
106 2 1
106 7 1
107 1 2
107 3 2
107 4 2
107 5 1
107 7 2
108 2 2
108 3 1
108 7 1
108 9 2
108 10 1
109 1 2
109 2 2
109 3 2
110 2 1
110 3 1
110 6 1
110 8 2
110 9 2
110 10 1
111 1 2
111 3 2
111 7 1
112 2 1
112 3 1
112 4 2
112 7 1
113 1 2
113 4 2
113 7 1
113 9 1
113 10 1
114 1 2
114 6 1
114 10 1
115 1 2
115 2 1
115 3 1
115 6 2
115 7 1
115 9 1
116 2 1
116 3 1
116 4 1
116 6 1
116 9 2
116 10 1
117 2 1
117 3 1
117 4 2
117 5 1
117 6 2
117 8 2
117 9 2
118 3 1
118 4 1
118 9 1
118 10 1
119 1 2
119 2 2
119 3 1
119 4 2
119 6 2
119 7 2
120 3 2
120 4 2
120 5 2
120 10 2
121 6 2
121 7 1
121 10 2
122 1 2
122 4 2
123 3 2
123 4 1
123 5 2
123 10 1
124 1 2
124 6 2
124 9 2
125 1 2
125 4 2
125 6 2
125 7 1
125 9 2
125 10 2
126 1 2
126 3 1
126 5 1
126 8 2
126 10 2
127 1 1
127 3 1
127 6 1
127 10 1
128 1 1
128 3 1
128 8 1
128 10 2
129 1 1
129 3 1
129 5 1
129 7 1
130 1 2
130 2 1
130 3 1
130 5 1
130 6 1
130 9 1
131 2 2
131 3 2
131 5 2
131 6 1
131 7 1
132 3 2
132 5 2
132 6 1
132 9 1
132 10 1
133 3 1
133 6 1
133 9 1
134 1 1
134 2 1
134 3 1
134 4 1
134 5 2
134 7 1
134 9 1
134 10 1
135 1 2
135 3 1
135 5 1
135 10 1
136 1 1
136 2 2
136 3 1
136 4 1
136 5 1
136 7 2
136 10 1
137 2 2
137 3 1
137 4 1
137 5 1
137 9 1
138 1 2
138 3 1
138 4 2
138 5 2
138 7 1
138 10 2
139 3 1
139 6 2
139 10 2
140 1 2
140 3 2
140 5 1
140 10 2
141 3 1
141 7 1
141 10 1
142 1 2
142 2 2
142 3 2
142 4 2
142 9 1
143 3 2
143 9 2
143 10 1
144 1 2
144 3 1
144 8 1
144 10 1
145 1 2
145 5 1
145 6 2
145 7 2
146 1 1
146 3 1
146 9 2
146 10 1
147 1 2
147 3 1
147 5 2
147 7 1
147 10 1
148 1 2
148 2 1
148 3 1
148 4 2
148 10 2
149 3 1
149 10 2
150 1 2
150 3 2
150 6 2
150 7 2
150 9 2
151 1 1
151 3 2
151 4 1
151 6 1
151 7 2
152 2 1
152 5 1
152 10 2
153 3 1
153 4 2
153 5 2
153 10 2
154 1 1
154 3 1
154 4 1
154 7 1
154 9 2
154 10 1
155 1 1
155 3 1
155 9 1
155 10 2
156 6 2
156 9 1
157 1 2
157 5 2
157 8 1
157 9 1
158 1 2
158 3 2
158 4 2
158 9 2
158 10 2
159 1 2
159 3 1
159 7 1
159 9 2
160 3 1
160 4 2
160 5 2
160 6 2
160 9 1
160 10 2
161 1 2
161 3 1
161 4 2
161 6 2
161 9 1
161 10 2
162 1 1
162 2 1
162 4 1
162 5 1
162 6 1
162 8 1
162 10 1
163 1 1
163 2 1
163 6 2
163 7 2
164 1 2
164 4 2
164 5 1
164 7 1
164 8 1
164 9 1
165 1 1
165 3 2
165 5 1
166 3 1
166 4 1
166 10 1
167 1 1
167 3 2
167 9 1
167 10 1
168 1 2
168 4 1
168 9 2
169 3 2
169 7 2
170 1 2
170 3 1
170 4 1
170 7 1
170 10 2
171 1 2
171 2 1
171 10 1
172 3 2
172 5 2
172 6 1
173 1 2
173 3 1
173 4 2
173 5 2
173 6 2
173 7 2
173 8 2
174 1 2
174 6 2
174 9 2
175 1 2
175 3 1
175 4 1
175 6 1
176 1 2
176 5 2
176 8 2
177 1 2
177 5 1
177 6 2
177 7 1
178 1 1
178 2 2
178 3 1
178 4 1
178 6 1
178 7 1
178 9 1
178 10 1
179 1 2
179 3 1
179 5 2
179 9 1
179 10 2
180 1 2
180 3 2
180 10 1
181 1 2
181 2 2
181 3 1
182 4 2
182 6 1
183 1 2
183 3 2
183 4 1
183 6 1
183 7 1
183 10 1
184 1 2
184 2 2
184 4 2
184 6 2
184 9 1
185 1 2
185 4 2
185 5 1
185 6 2
185 7 1
185 8 2
185 9 2
186 1 2
186 3 1
186 6 2
187 1 2
187 4 1
187 6 1
187 7 2
188 1 1
188 3 2
188 9 1
189 3 2
189 7 2
189 9 1
190 1 1
190 3 2
190 4 2
190 10 2
191 1 1
191 3 1
191 5 1
191 6 1
191 9 2
192 1 2
192 6 2
192 10 1
193 1 2
193 3 2
193 4 2
193 6 2
193 7 1
193 10 2
194 1 1
194 3 1
194 7 1
194 10 1
195 1 1
195 3 1
195 9 1
195 10 1
196 1 1
196 3 1
196 4 1
196 5 1
196 6 1
196 8 1
196 9 2
197 1 2
197 4 1
197 9 1
197 10 1
198 1 2
198 6 2
198 7 1
198 9 1
199 3 1
199 5 1
199 7 2
199 10 1
200 1 1
200 3 2
200 4 1
200 6 1
200 9 2
200 10 2
201 3 1
201 6 1
201 9 1
201 10 1
202 1 2
202 2 2
202 3 2
202 6 2
202 9 1
202 10 2
203 1 2
203 3 1
203 8 2
204 1 2
204 3 2
204 4 1
204 5 2
204 6 1
205 1 2
205 3 1
205 7 2
205 9 1
206 1 2
206 2 2
206 3 1
206 6 2
206 9 2
206 10 2
207 3 2
207 5 2
207 7 1
207 10 2
208 1 1
208 3 1
208 4 1
208 7 2
208 10 1
209 1 2
209 2 2
209 7 2
209 9 1
210 2 2
210 3 2
210 4 2
210 6 2
210 9 1
210 10 2
211 1 2
211 3 2
211 4 2
211 10 1
212 1 2
212 2 1
212 3 1
212 6 2
212 7 2
212 10 1
213 1 2
213 2 1
213 3 2
213 4 2
213 8 2
214 1 2
214 2 2
214 3 1
215 2 2
215 3 2
215 4 1
215 6 1
216 1 2
216 2 2
216 3 1
216 6 2
216 7 2
216 9 1
217 1 2
217 3 1
217 6 2
217 8 1
217 9 1
217 10 2
218 1 1
218 2 1
218 3 1
218 4 1
218 5 1
218 6 1
218 7 1
218 9 2
219 1 2
219 4 2
219 5 1
219 6 1
219 7 2
219 9 2
219 10 2
220 3 2
220 5 2
220 7 2
220 9 1
221 1 2
221 3 1
221 5 2
221 6 2
221 7 2
221 8 2
222 1 2
222 3 1
222 6 1
222 7 1
222 9 1
223 1 2
223 3 1
223 4 2
224 1 1
224 3 1
224 10 1
225 1 1
225 3 1
225 4 2
225 5 1
225 6 1
225 7 1
226 1 2
226 3 1
226 5 2
226 6 2
226 9 2
227 2 1
227 3 1
227 7 1
227 9 1
227 10 1
228 1 1
228 3 1
228 9 1
228 10 1
229 1 1
229 3 1
229 6 1
229 8 1
230 1 2
230 5 2
230 8 1
231 1 1
231 3 2
231 5 1
231 8 1
232 1 2
232 2 2
232 3 1
232 7 2
232 10 2
233 2 2
233 3 2
233 4 2
233 6 2
233 9 2
234 1 1
234 3 1
234 4 1
234 9 1
234 10 1
235 1 1
235 3 2
235 4 2
235 5 1
235 6 2
235 7 2
235 8 2
235 9 2
236 1 2
236 3 2
236 10 2
237 3 1
237 4 1
237 5 2
237 6 1
237 10 1
238 1 2
238 3 1
238 6 2
238 9 2
239 1 1
239 3 1
239 5 1
239 10 1
240 1 2
240 7 1
240 10 1
241 1 1
241 3 1
241 4 1
241 6 1
241 7 1
241 9 2
242 3 1
242 4 2
242 6 2
242 8 1
242 10 2
243 1 2
243 2 2
243 4 2
243 6 2
243 7 1
244 1 1
244 2 2
244 6 1
244 7 1
244 8 1
244 10 1
245 1 2
245 2 1
245 3 2
245 6 2
245 7 2
246 1 1
246 3 1
246 4 1
246 5 1
246 10 1
247 1 2
247 3 1
247 7 1
247 9 1
248 1 2
248 3 1
248 6 2
248 7 2
248 8 2
248 9 1
248 10 2
249 3 1
249 4 1
249 5 2
249 9 1
249 10 1
250 2 2
250 3 1
250 6 2
250 7 2
250 8 1
250 10 1
251 3 2
251 7 2
251 10 1
252 1 1
252 3 1
252 4 1
252 8 1
252 10 1
253 2 1
253 3 1
253 4 1
253 9 1
254 1 2
254 4 1
254 5 1
254 6 1
254 7 2
254 9 1
254 10 1
255 3 2
255 4 1
255 7 2
256 1 1
256 3 2
256 4 1
257 1 1
257 3 1
257 4 1
257 5 1
257 6 1
257 10 2
258 1 1
258 3 2
258 4 1
258 5 2
259 1 2
259 3 1
259 10 1
260 1 2
260 4 2
260 5 2
260 6 1
260 7 1
261 1 2
261 2 1
261 6 1
261 8 1
261 9 2
261 10 1
262 1 2
262 3 1
262 4 2
262 6 1
262 7 2
262 9 1
263 1 2
263 7 2
263 10 1
264 1 2
264 2 1
264 4 2
264 6 2
264 8 2
265 2 1
265 3 1
265 9 2
266 1 2
266 3 1
266 8 2
266 10 2
267 1 2
267 3 2
267 6 2
268 1 2
268 3 1
268 4 2
268 9 1
268 10 2
269 1 2
269 3 2
269 4 2
269 9 1
269 10 2
270 3 1
270 4 1
270 6 1
271 1 1
271 3 1
271 7 1
271 8 2
271 9 1
271 10 1
272 1 2
272 2 2
272 3 1
272 5 2
273 4 2
273 6 2
273 9 1
274 1 2
274 5 1
274 7 1
275 1 2
275 3 2
276 1 2
276 3 1
276 5 2
276 6 2
276 8 2
277 3 2
277 4 1
277 5 2
277 7 1
278 1 2
278 2 1
278 3 1
278 4 2
278 9 2
279 1 2
279 3 2
279 4 2
279 6 2
279 7 1
279 9 1
279 10 2
280 3 2
280 5 1
280 8 2
280 10 1
281 1 2
281 6 2
281 7 2
281 9 1
282 1 2
282 2 2
282 3 1
282 6 2
282 7 2
283 3 1
283 4 1
283 10 1
284 2 2
284 3 1
284 4 2
284 5 1
284 6 2
285 1 1
285 3 2
285 5 2
285 8 1
285 9 1
286 3 2
286 4 2
286 10 1
287 1 1
287 3 1
287 10 1
288 1 2
288 3 1
288 6 2
288 10 1
289 2 1
289 4 1
289 8 1
289 10 1
290 1 2
290 6 2
290 7 1
290 9 2
290 10 2
291 2 2
291 3 1
291 4 1
291 6 1
291 8 2
291 10 1
292 2 2
292 3 1
292 7 1
292 8 1
292 10 2
293 1 2
293 3 2
293 5 1
293 6 2
294 1 2
294 3 2
294 7 2
294 10 2
295 1 1
295 3 2
295 6 2
295 7 2
295 9 1
295 10 2
296 1 2
296 2 1
296 3 2
296 4 2
296 6 2
296 9 1
296 10 2
297 1 1
297 5 2
297 6 1
298 3 1
298 9 1
298 10 2
299 3 1
299 4 2
299 5 1
299 7 1
299 10 1
300 1 2
300 3 2
300 6 2
301 3 2
301 7 2
301 8 2
301 9 2
302 2 1
302 3 1
302 10 1
303 2 2
303 3 2
303 5 2
303 6 1
304 2 2
304 3 1
304 6 2
304 8 1
305 1 2
305 2 2
305 3 1
305 7 2
306 1 2
306 2 2
306 6 2
307 1 2
307 3 1
307 4 1
307 6 1
307 10 2
308 1 1
308 3 2
308 6 1
308 7 2
309 1 1
309 3 1
309 4 2
309 5 2
309 10 2
310 1 1
310 3 1
310 4 1
310 5 1
310 10 1
311 1 2
311 4 2
311 6 2
311 7 2
311 9 2
311 10 2
312 1 2
312 3 1
312 6 1
312 9 2
313 5 1
313 9 1
314 1 2
314 3 2
314 4 2
314 6 2
314 7 2
314 9 2
314 10 1
315 3 1
315 4 2
315 6 1
316 3 2
316 5 2
316 7 2
316 9 1
316 10 1
317 7 1
318 1 1
318 3 1
318 4 1
318 5 1
318 10 1
319 2 2
319 4 1
320 1 2
320 4 2
320 6 2
320 7 2
321 2 1
321 3 1
321 7 2
321 10 1
322 3 1
323 3 1
323 8 2
323 10 1
324 1 2
324 3 2
324 4 1
324 5 1
324 9 1
324 10 2
325 2 2
325 3 1
325 4 2
325 5 2
325 7 2
326 4 2
326 5 1
326 8 1
326 10 2
327 4 1
327 9 1
327 10 1
328 3 2
328 4 2
328 6 2
328 9 2
328 10 2
329 1 2
329 3 2
329 5 1
329 10 2
330 3 1
330 9 1
331 1 2
331 3 1
332 3 1
332 4 1
332 7 1
332 9 1
332 10 1
333 1 2
333 3 2
333 5 1
333 7 1
334 3 1
334 4 2
334 7 2
335 1 2
335 2 1
335 3 1
335 7 1
335 9 1
335 10 1
336 1 1
336 5 1
336 6 1
336 8 1
336 9 1
336 10 1
337 3 2
337 6 1
337 10 1
338 3 2
338 4 2
338 5 1
338 8 1
339 3 1
339 7 2
340 1 1
340 3 1
340 6 1
340 9 2
340 10 1
341 3 1
341 7 1
341 9 2
341 10 1
342 1 2
342 2 1
342 5 1
343 3 2
343 9 1
343 10 1
344 3 2
344 4 2
344 5 2
344 7 1
345 1 1
345 3 2
345 5 1
345 9 1
345 10 2
346 1 2
346 2 1
346 3 1
346 4 2
346 6 2
346 7 1
346 10 2
347 3 2
347 6 2
348 1 2
348 4 2
348 7 2
349 1 1
349 5 2
349 9 1
350 1 2
350 3 1
350 7 1
350 9 2
350 10 1
351 1 1
351 2 1
351 3 1
351 6 1
351 7 1
351 9 2
351 10 1
352 1 2
352 3 1
352 6 2
352 9 2
353 3 1
353 10 1
354 1 1
354 3 2
354 5 1
354 8 1
354 10 1
355 1 1
355 4 1
355 6 1
355 9 1
356 1 2
356 3 2
356 6 1
356 9 1
356 10 2
357 2 1
357 3 2
358 1 1
358 3 1
358 4 1
358 5 1
358 8 2
358 9 1
358 10 1
359 3 1
359 7 1
360 3 1
360 4 1
360 5 1
360 6 1
360 10 1
361 1 2
361 3 2
361 6 2
361 10 2
362 2 2
362 6 1
362 7 2
362 9 2
362 10 1
363 3 1
363 6 2
363 10 1
364 1 1
364 3 2
364 5 1
364 6 1
365 3 1
365 4 1
365 5 2
365 6 1
365 9 1
366 1 1
366 3 1
366 4 1
366 5 2
366 7 2
366 9 1
366 10 1
367 3 1
367 4 1
367 7 1
368 1 1
368 2 1
368 4 1
368 5 2
368 10 2
369 3 2
369 6 2
370 1 2
370 3 2
370 10 1
371 3 2
371 6 1
371 7 1
371 10 2
372 3 1
372 6 2
372 7 2
372 8 2
373 1 2
373 5 2
373 7 1
373 9 1
373 10 1
374 1 1
374 3 2
374 7 1
374 10 1
375 1 1
375 3 2
375 4 1
375 6 2
375 9 2
376 1 1
376 3 1
376 7 2
376 9 2
377 2 2
377 3 1
377 5 2
377 7 2
377 8 2
378 1 2
378 3 1
378 4 2
378 8 2
378 9 1
378 10 2
379 1 1
379 3 1
379 10 1
380 1 2
380 3 1
380 4 2
380 5 2
380 6 2
380 10 2
381 2 1
381 3 1
381 4 1
381 5 2
381 7 2
381 10 1
382 1 2
382 6 1
382 7 2
383 1 1
383 3 1
383 5 2
383 7 1
384 1 1
384 4 1
384 7 2
384 8 2
384 9 2
385 1 1
385 3 1
385 7 1
385 9 1
385 10 2
386 1 1
386 3 1
386 4 1
386 9 1
386 10 1
387 1 1
387 2 2
387 3 1
387 4 1
387 6 1
387 9 2
387 10 1
388 4 2
388 6 2
388 9 2
389 1 1
389 3 1
389 5 1
389 6 1
389 9 1
389 10 1
390 3 1
390 6 1
390 9 2
391 1 2
391 3 1
391 4 2
391 6 2
391 9 1
392 1 1
392 3 1
392 7 2
393 9 1
394 1 1
394 3 1
394 4 1
394 9 2
395 1 2
395 2 2
395 3 2
395 5 1
395 7 2
396 1 1
396 6 1
396 9 2
396 10 1
397 1 2
397 2 1
397 10 1
398 3 1
398 4 1
398 7 2
398 9 1
398 10 1
399 3 2
399 6 1
399 10 1
400 3 1
400 6 1
401 1 2
401 2 1
401 3 1
402 1 1
402 3 2
402 6 1
402 7 2
402 8 1
403 1 2
403 4 2
403 6 1
403 7 2
403 9 1
404 1 2
404 2 1
404 3 2
404 6 2
404 10 1
405 1 1
405 3 1
405 4 1
405 7 1
405 10 1
406 1 2
406 3 1
406 4 2
406 6 2
406 10 2
407 1 2
407 3 1
407 4 2
407 9 1
407 10 1
408 1 2
408 2 2
408 3 2
408 9 2
409 1 1
409 3 2
409 4 1
409 9 2
410 1 2
410 3 1
410 6 2
410 10 2
411 1 2
411 2 1
411 3 2
411 4 2
411 10 2
412 3 1
413 1 1
413 3 1
413 10 1
414 2 2
414 5 2
414 6 2
415 1 1
415 2 1
415 3 2
415 4 1
415 6 1
416 1 2
416 3 2
416 6 1
416 9 1
416 10 1
417 3 1
417 4 1
417 5 1
417 7 1
417 9 2
418 3 1
418 7 1
419 1 1
419 2 2
419 3 2
419 4 2
419 6 1
419 9 2
419 10 2
420 1 1
420 3 2
420 4 2
420 5 2
421 1 2
421 3 1
421 9 2
421 10 1
422 1 2
422 3 2
422 4 2
422 6 1
422 8 2
422 9 2
422 10 1
423 1 2
423 3 1
423 6 2
423 8 2
423 10 2
424 3 2
424 4 1
424 6 1
424 7 2
424 8 1
425 2 1
425 3 2
425 5 2
425 9 2
426 1 2
426 3 1
426 6 1
426 7 2
426 8 2
427 2 1
427 3 2
427 6 1
427 8 1
427 9 1
428 1 2
428 3 2
428 4 2
428 5 2
429 1 2
429 3 2
429 7 1
429 10 1
430 1 1
430 3 2
430 5 2
430 6 1
430 9 2
430 10 1
431 1 1
431 2 1
431 3 2
431 5 1
431 6 1
431 7 1
431 8 1
431 9 2
432 1 1
432 2 1
432 3 1
432 4 1
432 5 1
432 6 1
433 2 1
433 3 1
433 4 2
433 9 2
433 10 2
434 1 2
434 3 2
434 4 2
434 5 1
434 6 2
434 7 2
435 1 1
435 3 1
435 6 2
435 9 2
436 1 2
436 2 1
436 3 1
436 5 1
436 7 1
436 9 1
436 10 2
437 4 2
437 9 1
438 3 1
438 4 1
438 5 1
438 6 1
438 7 2
438 9 1
438 10 1
439 1 2
439 2 2
439 8 2
439 9 2
440 1 1
440 3 2
440 6 1
440 7 1
440 9 1
441 1 2
441 2 2
441 3 2
441 4 1
441 6 1
441 8 2
441 9 1
441 10 1
442 1 1
442 3 2
442 4 2
442 6 2
442 7 1
443 1 1
443 3 2
443 7 2
444 1 2
444 3 2
444 4 2
444 6 2
444 7 1
444 10 2
445 3 1
445 5 1
445 10 2
446 1 2
446 2 1
446 3 2
446 9 1
446 10 1
447 6 1
447 9 1
447 10 1
448 2 1
448 4 1
448 5 1
448 6 2
448 7 1
448 8 1
448 9 1
448 10 2
449 1 1
449 2 1
449 3 2
449 4 1
449 6 2
449 7 1
449 9 1
450 1 1
450 2 1
450 3 1
450 5 2
450 6 1
451 1 2
451 3 1
451 4 2
451 5 1
451 6 2
451 8 2
451 10 2
452 1 2
452 3 1
452 5 2
453 1 2
453 2 1
453 3 1
453 4 2
454 1 2
454 3 1
454 7 2
454 9 2
454 10 2
455 1 1
455 7 1
455 10 1
456 1 2
456 3 1
457 1 2
457 3 2
457 5 2
457 10 1
458 1 1
458 6 1
458 7 2
458 10 1
459 1 1
459 3 1
459 4 1
459 6 2
459 9 1
460 1 1
460 3 1
460 5 1
460 10 1
461 1 2
461 4 1
461 7 1
462 1 1
462 3 2
462 4 1
462 5 1
462 10 1
463 1 2
463 2 2
463 3 2
463 5 2
463 9 2
463 10 2
464 3 1
464 5 1
464 9 2
464 10 1
465 1 2
465 2 1
465 7 1
465 10 1
466 1 1
466 2 1
466 3 2
466 4 1
466 5 1
466 6 1
466 7 1
466 10 1
467 1 2
467 3 2
467 6 2
467 8 2
467 10 1
468 1 2
468 3 2
468 7 2
468 8 2
468 9 2
468 10 2
469 1 2
469 2 2
469 5 2
469 6 2
469 7 1
469 9 1
469 10 2
470 2 2
470 6 2
471 1 1
471 3 1
471 7 1
472 1 2
472 3 2
472 7 2
472 10 2
473 1 1
473 2 1
473 8 1
473 9 2
473 10 1
474 6 2
474 10 2
475 1 1
475 3 1
475 7 1
476 3 1
476 7 2
476 9 2
476 10 2
477 1 1
477 2 1
477 3 1
477 5 1
477 6 1
477 8 1
477 10 1
478 1 2
478 3 2
478 4 2
478 5 1
479 1 2
479 2 1
479 3 1
479 6 2
479 10 2
480 1 2
480 3 1
480 4 2
480 5 1
480 6 2
480 7 1
480 8 1
480 9 2
480 10 1
481 3 1
481 6 2
481 7 2
481 8 2
481 9 2
481 10 2
482 1 1
482 3 2
482 4 1
482 5 2
482 10 2
483 1 1
483 2 1
483 3 1
483 10 1
484 1 2
484 3 2
484 4 1
484 9 2
484 10 2
485 1 2
485 3 1
485 4 2
485 6 2
486 6 1
486 10 2
487 2 1
487 6 1
487 9 1
487 10 1
488 2 1
488 3 2
488 6 1
488 7 1
488 9 1
488 10 2
489 1 2
489 3 1
489 9 2
490 6 2
490 7 1
491 1 2
491 2 1
491 3 1
492 1 2
492 4 1
492 6 1
492 9 1
493 1 1
493 2 1
493 3 1
493 4 1
494 1 1
494 3 1
494 6 2
494 9 1
495 1 2
495 2 2
495 3 1
495 10 1
496 1 1
496 3 1
496 6 1
496 9 1
497 3 1
497 4 2
497 5 2
497 7 1
498 1 2
498 2 2
498 3 1
498 6 1
498 8 2
498 9 2
498 10 1
499 1 2
499 3 2
499 4 2
499 10 2
500 1 2
500 2 2
500 3 1
500 5 1
500 9 1
501 2 1
501 3 1
501 8 1
502 1 2
502 6 2
503 3 1
503 4 1
503 9 1
504 3 1
504 6 1
504 7 1
504 8 1
504 9 1
504 10 1
505 2 1
505 3 2
505 4 2
505 6 1
506 4 2
506 5 1
506 10 1
507 1 2
507 3 1
507 5 1
508 3 1
508 4 1
508 6 1
508 9 1
508 10 1
509 2 2
509 3 1
509 4 2
509 6 2
509 9 1
509 10 2
510 1 1
510 3 1
510 4 1
510 6 1
510 7 1
510 9 1
510 10 1
511 3 1
511 6 2
511 7 2
512 2 1
512 3 1
512 8 1
513 1 2
513 3 2
513 6 2
513 7 2
514 1 2
514 3 1
514 5 1
515 1 1
515 2 1
515 3 1
515 6 1
515 9 1
515 10 1
516 1 2
516 3 1
516 5 1
516 7 2
516 8 2
516 9 2
516 10 2
517 5 1
518 1 2
518 3 2
518 7 2
518 8 2
518 10 1
519 1 2
519 9 1
519 10 1
520 2 2
520 3 1
520 4 1
520 7 2
521 1 2
521 3 2
521 4 2
521 6 2
521 7 2
521 8 2
522 1 1
522 3 1
522 6 1
522 7 1
522 8 1
522 10 1
523 1 2
523 2 2
523 3 2
524 4 2
524 7 2
524 8 1
524 9 2
525 3 2
525 6 1
525 8 1
525 9 1
525 10 1
526 1 1
526 2 2
526 3 1
526 7 1
527 1 1
527 4 1
527 5 2
527 7 2
527 10 1
528 1 1
528 3 1
528 4 2
528 6 2
529 1 2
529 3 2
529 4 2
529 6 2
529 7 2
529 9 2
530 2 1
530 3 2
530 7 2
530 10 1
531 1 2
531 3 1
531 9 1
533 2 1
533 3 1
533 6 1
533 7 1
533 10 1
534 3 1
534 7 2
534 8 2
535 3 2
535 4 1
535 5 2
535 7 1
536 1 2
536 3 2
536 4 2
536 6 2
536 8 2
536 9 1
536 10 2
537 3 1
537 4 1
537 6 1
537 7 2
537 9 2
538 1 2
538 3 1
538 9 2
539 3 2
539 6 1
539 10 1
540 1 2
540 2 1
540 3 2
540 4 1
540 6 1
541 1 2
541 7 2
541 9 2
541 10 1
542 3 1
542 4 1
542 6 1
542 7 2
543 1 2
543 3 1
543 4 2
543 5 1
543 6 2
543 7 2
543 9 2
543 10 2
544 1 2
544 3 1
544 4 2
544 9 1
544 10 2
545 1 2
545 3 2
545 7 2
546 1 1
546 2 1
546 3 2
546 4 1
546 6 2
546 9 1
546 10 1
547 1 2
547 3 1
547 6 2
547 7 2
547 10 2
548 1 2
548 3 2
549 1 2
549 4 2
549 6 2
549 7 2
550 2 2
550 3 1
550 4 2
550 8 2
551 4 2
551 5 1
551 10 2
552 1 2
552 7 1
553 1 1
553 2 1
553 3 1
553 6 1
553 8 1
553 9 1
553 10 1
554 1 1
554 3 1
554 7 1
554 9 1
555 4 2
555 9 1
555 10 2
556 3 1
556 7 2
556 8 2
557 2 1
557 3 1
557 4 1
557 7 1
557 9 1
558 3 2
558 4 1
558 8 2
558 9 1
559 1 1
559 2 1
559 3 1
559 6 1
559 7 2
559 9 1
560 1 1
560 3 1
560 5 1
560 10 1
561 1 1
561 2 1
561 4 1
561 6 1
561 7 1
562 5 2
562 7 1
562 9 2
562 10 1
563 1 2
563 3 1
563 6 2
563 7 2
563 10 2
564 1 1
564 2 1
564 3 2
564 5 1
564 8 1
565 1 2
565 6 2
565 9 2
566 1 1
566 3 2
566 7 1
566 10 1
567 1 2
567 2 1
567 3 2
567 6 2
567 10 2
568 1 1
568 2 1
568 3 1
568 4 2
568 9 2
569 1 1
569 3 1
569 10 1
570 2 2
570 3 1
570 6 2
570 8 2
571 1 1
571 5 1
571 7 1
571 10 1
572 1 1
572 3 1
572 4 1
572 6 1
573 1 2
573 2 2
573 3 1
573 6 2
574 1 1
574 3 1
574 4 1
575 2 1
575 3 2
575 5 2
575 7 2
576 3 1
576 7 2
576 10 2
577 1 2
577 3 1
577 4 1
577 5 2
577 7 1
577 10 2
578 1 2
578 3 1
578 4 1
578 5 2
578 8 1
578 9 2
579 1 2
579 3 2
579 4 2
579 6 2
579 9 1
579 10 2
580 1 2
580 3 1
580 5 1
580 6 2
580 7 1
580 10 2
581 1 2
581 3 2
581 5 2
581 9 1
582 1 1
582 2 1
582 4 1
582 6 1
582 7 2
582 10 1
583 1 2
583 3 2
583 7 2
584 3 1
584 4 2
584 6 2
584 7 2
584 8 1
585 1 2
585 2 1
586 2 1
586 3 2
586 4 1
587 3 2
588 3 1
588 4 1
588 5 1
588 6 1
588 7 1
589 2 2
589 3 1
589 4 2
589 9 2
589 10 2
590 3 2
590 5 2
590 7 1
590 10 2
591 1 2
591 2 2
591 3 1
591 4 2
591 5 2
591 9 1
592 1 2
592 2 2
592 3 1
592 5 2
592 6 2
592 8 1
592 9 1
593 1 1
593 3 1
593 6 1
594 1 2
594 3 2
594 7 1
594 9 1
595 1 1
595 3 1
595 4 1
595 5 2
595 8 1
595 9 1
596 1 2
596 2 1
596 3 1
596 4 1
596 5 1
596 6 1
596 7 2
596 10 1
597 1 1
597 2 1
597 3 1
597 7 1
598 1 1
598 4 1
598 9 1
598 10 1
599 2 1
599 4 1
599 5 2
599 10 2
600 4 1
600 6 2
600 7 2
600 9 1
601 1 1
601 3 2
601 4 1
601 6 1
601 10 1
602 1 1
602 3 2
602 6 1
602 7 1
602 8 1
602 10 1
603 1 2
603 2 1
603 3 1
603 4 1
603 6 1
603 7 1
603 8 1
604 3 1
604 8 2
604 10 1
605 1 1
605 4 1
605 5 1
605 6 1
605 8 2
606 1 1
606 2 1
606 4 1
606 9 1
607 2 1
607 4 2
607 5 1
607 8 2
608 1 2
608 2 2
608 3 2
608 4 2
608 5 2
609 2 2
609 4 2
609 8 2
609 9 2
609 10 2
610 2 1
610 3 1
610 4 1
610 9 1
611 3 2
611 5 1
611 6 1
611 7 1
611 9 1
611 10 1
612 1 2
612 3 1
612 4 2
612 6 2
612 8 2
612 10 1
613 1 1
613 3 1
613 5 1
614 2 1
614 3 2
614 7 1
614 8 1
614 10 2
615 1 1
615 3 1
615 4 1
615 5 1
615 6 1
615 7 2
615 9 2
616 1 2
616 3 2
616 6 2
616 9 1
616 10 2
617 1 2
617 3 2
617 7 2
617 9 2
618 1 1
618 3 2
618 5 2
618 7 2
618 9 1
619 1 2
619 3 2
619 4 2
619 5 1
619 9 1
619 10 1
620 1 2
620 5 1
620 6 1
620 7 2
620 10 1
621 1 2
621 3 1
621 10 1
622 7 2
622 10 2
623 1 1
623 2 1
623 3 2
623 4 1
623 6 1
623 8 1
623 10 1
624 1 1
624 2 1
624 3 1
624 4 1
624 7 2
624 9 2
624 10 1
625 1 1
625 2 2
625 6 1
625 7 2
625 10 1
626 1 1
626 3 2
626 5 1
626 6 2
627 2 1
627 3 2
627 7 2
627 10 2
628 1 2
628 3 2
628 4 2
628 6 1
628 9 1
629 3 2
629 10 1
630 2 1
630 3 1
630 4 2
630 5 1
630 7 2
631 1 1
631 3 1
631 5 1
631 6 1
632 3 1
632 4 1
632 5 1
632 7 2
632 9 2
633 4 1
633 6 1
633 9 1
633 10 1
634 1 2
634 10 1
635 3 2
635 5 1
635 6 2
635 9 2
635 10 1
636 2 1
636 8 2
636 9 1
637 1 1
637 3 2
637 5 2
637 6 1
637 7 1
638 1 2
638 2 2
638 3 1
638 4 1
638 6 1
638 7 2
638 8 1
638 9 1
638 10 1
639 1 2
639 4 2
639 9 1
639 10 2
640 1 2
640 2 1
640 3 2
640 4 2
640 6 2
641 3 2
641 6 2
641 10 2
642 6 1
642 9 2
642 10 1
643 3 1
643 5 1
643 6 2
643 7 2
643 8 2
643 9 2
644 1 1
644 4 1
644 6 1
644 9 1
644 10 1
645 1 2
645 2 1
645 4 2
645 7 2
645 9 2
646 1 2
646 3 1
646 4 2
646 9 2
646 10 2
647 3 1
647 4 1
647 5 2
647 6 1
647 10 1
648 1 2
648 3 1
648 6 1
648 7 1
649 1 2
649 2 1
649 3 1
649 5 1
649 7 2
649 8 1
650 1 2
650 3 1
650 7 1
650 9 1
650 10 1
651 6 1
651 7 2
651 9 1
652 3 2
652 7 1
652 9 1
653 3 1
653 4 2
653 7 1
653 9 2
654 1 1
654 3 2
654 6 1
654 7 1
654 9 2
655 3 1
655 4 2
655 6 1
655 8 2
655 9 2
655 10 2
656 1 2
656 2 1
656 3 2
656 4 2
656 6 2
656 9 1
656 10 1
657 1 1
657 3 1
657 4 2
657 5 2
657 6 2
658 3 1
658 7 2
658 9 2
659 1 2
659 3 1
659 7 1
659 10 1
660 1 1
660 3 1
660 6 1
660 7 1
661 1 2
661 2 1
661 3 2
661 4 2
661 5 2
661 6 2
662 1 1
662 2 1
662 3 1
662 6 1
662 9 1
662 10 1
663 1 2
663 3 1
663 4 2
663 6 2
663 8 2
663 10 2
664 1 2
664 3 1
664 4 2
664 7 1
664 9 2
665 1 2
665 2 1
665 3 2
665 4 1
665 7 1
665 10 1
666 2 2
666 5 2
666 6 2
666 10 2
667 1 2
667 3 1
667 5 1
667 7 1
668 1 2
668 5 2
668 8 2
668 9 1
669 1 2
669 3 1
669 6 1
669 7 1
669 9 1
669 10 1
670 3 1
670 9 2
670 10 2
671 1 2
671 3 1
671 5 1
671 7 1
671 10 2
672 1 1
672 2 1
672 3 1
672 5 1
672 7 1
673 2 2
673 3 2
673 4 2
673 5 2
673 7 2
673 10 2
674 1 1
674 3 2
675 6 2
675 7 2
676 1 1
676 3 1
676 8 1
677 1 2
677 2 2
677 3 2
677 4 2
677 7 2
678 1 2
678 2 1
678 4 2
678 6 2
678 7 2
678 9 1
679 1 2
679 5 1
679 6 2
679 7 1
679 10 1
680 1 2
680 3 1
680 4 2
680 6 2
680 7 2
680 9 1
680 10 2
681 1 2
681 3 1
681 4 2
681 6 2
681 9 2
682 1 2
682 3 2
682 4 2
682 7 2
682 9 1
683 1 2
683 3 1
683 5 2
683 9 2
684 1 1
684 2 1
684 3 1
684 4 1
684 6 1
684 7 1
684 10 1
685 1 1
685 2 1
685 6 1
685 9 1
685 10 1
686 3 2
686 5 1
686 8 1
687 3 2
688 3 1
688 5 1
688 6 1
688 9 1
689 1 1
689 3 2
689 4 1
689 8 1
690 1 2
690 4 2
690 7 2
690 10 2
691 1 2
691 3 1
691 4 2
691 7 1
691 8 1
691 9 1
692 1 2
692 2 1
692 3 1
692 4 1
692 5 1
693 6 2
693 8 2
693 9 2
693 10 2
694 1 2
694 2 2
694 3 1
694 4 2
694 9 1
694 10 2
695 1 1
695 3 1
695 5 1
696 1 2
696 2 1
696 3 1
696 6 2
696 8 2
696 10 1
697 1 2
697 6 2
697 7 1
697 10 2
698 1 2
698 3 2
698 4 2
698 5 2
698 6 2
698 9 1
698 10 2
699 1 2
699 3 1
699 7 2
699 10 1
700 3 2
700 4 1
700 10 1
701 1 2
701 3 1
701 4 1
701 5 1
701 8 1
702 1 2
702 3 1
702 4 2
702 7 2
703 1 1
703 2 1
703 3 2
703 6 1
703 7 1
703 9 1
703 10 1
704 2 1
704 4 2
704 9 1
705 3 2
705 4 1
706 1 1
706 2 2
706 3 1
706 5 1
706 6 1
706 10 1
707 1 2
707 3 1
707 6 2
707 7 2
707 10 1
708 1 1
708 3 2
708 4 2
708 6 2
708 9 1
708 10 2
709 1 1
709 2 1
709 3 1
709 4 1
709 5 1
709 6 1
709 7 2
709 10 1
710 1 1
710 2 1
710 3 2
710 7 1
710 10 1
711 2 1
711 3 2
711 4 1
711 5 2
711 9 1
712 1 2
712 3 1
712 6 2
712 7 2
712 8 1
712 9 2
713 1 2
713 3 1
713 5 1
713 6 2
713 9 1
714 3 2
714 7 2
714 9 1
714 10 2
715 1 2
715 3 1
715 5 1
715 6 2
715 9 1
716 1 2
716 2 1
716 3 1
716 9 1
717 1 2
717 3 2
717 5 2
717 6 2
717 9 1
718 1 1
718 2 1
718 3 1
718 4 1
718 7 1
718 10 1
719 1 1
719 5 2
719 10 2
720 1 1
720 3 1
720 5 2
720 7 1
720 10 1
721 1 2
721 3 2
721 6 2
722 1 1
722 3 1
722 5 1
722 6 1
722 9 1
723 1 2
723 2 2
723 3 2
723 8 1
723 10 2
724 1 2
724 3 1
724 6 2
724 8 1
724 10 2
725 1 1
725 2 2
725 3 1
725 4 1
725 5 2
726 3 2
726 6 1
726 9 2
726 10 2
727 2 1
727 3 1
727 4 1
727 5 1
727 9 2
727 10 1
728 1 2
728 3 1
728 5 2
728 6 2
728 7 2
728 10 1
729 1 2
729 2 1
729 3 1
729 5 2
729 6 2
730 3 2
730 9 2
730 10 1
731 1 2
731 2 2
731 3 1
731 4 2
731 6 2
731 7 1
731 9 1
732 1 2
732 3 2
732 5 2
732 6 1
732 7 2
732 9 1
732 10 1
733 1 2
733 3 1
733 4 2
733 7 1
734 1 1
734 3 1
734 8 2
735 3 2
735 9 2
736 1 2
736 3 1
736 7 1
737 3 2
737 9 1
738 1 1
738 4 2
738 5 1
738 7 2
738 10 1
739 3 1
739 5 2
739 6 2
739 8 2
739 10 1
740 3 1
740 9 1
740 10 1
741 1 2
741 3 1
741 7 2
742 1 2
742 2 2
742 3 1
742 4 1
742 6 1
742 9 1
743 1 2
743 3 2
743 6 2
743 7 2
743 10 1
744 3 2
744 6 1
744 7 1
744 9 1
744 10 1
745 1 1
745 4 1
745 6 1
746 1 1
746 3 1
746 9 1
747 1 1
747 3 1
748 3 2
748 6 2
748 7 1
748 10 2
749 1 1
749 2 1
749 6 1
749 9 1
750 1 2
750 2 1
750 3 1
750 7 1
750 10 1
751 1 1
751 3 2
751 4 1
751 7 1
752 1 1
752 2 2
752 3 1
752 6 1
752 9 1
752 10 1
753 1 1
753 2 2
753 3 2
753 7 2
753 8 1
753 10 2
754 1 2
754 3 1
754 4 2
754 5 2
755 1 2
755 2 1
755 3 1
755 4 1
755 7 1
755 9 1
756 3 2
756 7 1
757 1 2
757 3 2
757 4 1
757 10 1
758 3 1
758 4 1
758 5 2
758 7 2
758 9 1
759 3 1
759 10 1
760 1 1
760 3 2
760 5 2
760 7 2
760 9 1
760 10 1
761 1 1
761 3 1
761 4 2
761 6 1
761 7 2
762 1 1
762 3 2
762 9 1
763 7 2
763 9 2
764 2 1
764 3 2
764 6 1
764 7 2
765 1 1
765 2 1
765 3 1
765 4 1
765 7 2
765 9 1
766 3 2
766 4 1
766 6 1
766 10 2
767 1 2
767 3 2
767 6 2
767 10 2
768 1 2
768 3 1
768 4 1
768 6 1
768 7 1
768 9 1
769 1 2
769 2 2
769 3 2
769 5 2
769 7 2
769 8 2
769 10 2
770 1 2
770 3 2
770 4 2
770 5 2
770 10 2
771 1 1
771 2 1
771 3 1
771 4 1
771 6 1
771 7 1
771 9 1
771 10 1
772 1 2
772 3 1
772 5 2
772 9 1
772 10 1
773 3 2
773 5 1
773 6 1
773 9 1
773 10 1
774 1 2
774 2 1
774 7 1
774 10 2
775 1 2
775 3 2
775 5 2
775 7 1
775 10 2
776 3 1
776 7 1
776 8 1
777 3 1
777 4 1
777 6 1
778 1 1
778 3 2
778 6 1
778 7 1
779 1 2
779 3 2
779 5 1
779 7 2
779 9 1
780 1 1
780 3 2
780 4 2
781 1 1
781 3 1
781 4 1
781 6 1
781 8 2
781 9 1
781 10 1
782 1 2
782 2 1
782 3 1
782 4 1
782 6 1
782 10 1
783 1 1
783 3 1
783 4 1
783 5 1
783 6 1
783 7 1
783 10 1
784 1 2
784 3 1
784 7 2
784 8 1
784 10 1
785 1 1
785 2 2
785 3 2
785 4 1
785 5 1
785 7 1
785 10 1
786 1 2
786 2 2
786 3 1
786 4 2
786 5 1
786 7 2
786 10 1
787 1 2
787 3 1
787 6 1
787 10 1
788 3 1
788 7 1
788 8 1
789 1 2
789 4 2
789 6 2
789 7 1
789 9 2
789 10 1
790 3 2
790 6 2
790 8 2
791 1 2
791 2 1
791 3 2
791 4 1
791 6 1
791 9 1
791 10 1
792 1 2
792 3 2
792 7 2
792 8 2
792 9 1
793 1 1
793 2 2
793 3 1
793 10 1
794 1 2
794 3 2
794 4 2
794 5 1
794 6 2
794 8 1
794 9 1
795 1 1
795 4 2
795 7 2
795 9 2
795 10 1
796 1 2
796 3 2
796 5 2
796 7 2
796 9 1
797 2 2
797 3 2
797 6 2
797 7 1
797 9 2
797 10 2
798 1 2
798 3 1
798 9 1
798 10 1
799 1 2
799 3 1
799 8 1
799 10 1
800 1 1
800 2 1
800 3 1
800 4 1
800 5 1
801 1 1
801 2 2
801 6 1
801 9 1
801 10 1
802 1 2
802 2 2
802 3 1
802 5 1
802 7 1
802 9 2
803 1 2
803 3 1
803 4 2
803 5 2
803 6 2
803 10 1
804 1 2
804 3 1
804 6 2
804 7 2
804 9 1
805 1 1
805 2 1
805 3 1
805 4 2
805 9 2
806 1 2
806 2 1
806 3 1
806 5 1
806 7 2
806 10 2
807 1 2
807 5 1
807 6 2
807 9 1
808 1 1
808 2 1
808 3 1
808 4 1
808 7 2
808 9 1
809 3 1
809 4 1
809 5 2
809 6 2
809 9 1
809 10 1
810 2 2
810 4 2
810 5 1
810 9 2
811 1 1
811 4 1
811 7 1
811 9 1
811 10 1
812 1 2
812 3 2
812 7 1
812 10 1
813 2 1
813 3 1
813 8 2
813 9 2
813 10 1
814 1 2
814 3 2
814 5 1
814 6 2
814 8 2
815 1 2
815 2 1
815 3 2
815 6 1
815 9 2
816 1 1
816 3 2
816 6 1
816 7 1
816 8 1
816 9 2
817 1 2
817 3 1
817 4 2
817 7 2
817 9 1
818 1 2
818 2 2
818 3 1
818 5 2
818 6 2
819 3 1
819 6 2
819 9 1
820 1 2
820 4 2
820 9 2
821 1 2
821 3 1
821 7 2
821 8 2
821 10 1
822 3 1
822 4 1
822 9 1
823 1 1
823 2 1
823 3 1
823 6 1
823 7 1
823 10 1
824 1 2
824 3 1
824 4 2
824 5 2
824 6 2
824 7 2
824 9 2
825 1 1
825 4 1
825 6 1
825 10 1
826 1 1
826 3 1
826 4 1
826 7 1
827 1 1
827 3 1
827 5 1
827 7 1
827 10 2
828 3 2
828 4 2
828 9 1
828 10 2
829 1 2
829 2 2
829 3 1
829 5 2
829 9 1
830 1 2
830 3 2
830 4 2
830 6 2
830 7 2
831 7 1
831 8 2
831 9 1
831 10 1
832 1 2
832 3 1
832 4 1
832 9 1
832 10 1
833 1 1
833 4 1
833 6 1
833 10 1
834 1 1
834 3 1
834 6 1
834 7 1
834 10 1
835 1 1
835 2 2
835 3 1
835 5 1
835 7 2
835 10 2
836 1 2
836 3 2
836 6 2
836 7 2
836 9 1
837 1 1
837 7 2
838 1 2
838 3 1
838 5 1
838 6 2
839 4 1
839 5 2
839 10 1
840 1 2
840 2 2
840 3 1
840 7 1
841 1 1
841 3 2
841 10 1
842 1 1
842 2 1
842 3 1
842 7 2
842 8 1
842 10 1
843 1 1
843 3 2
843 7 1
844 2 1
844 3 1
844 6 1
844 8 1
844 9 2
844 10 1
845 1 2
845 3 1
845 4 1
845 7 2
845 10 2
846 1 1
846 3 1
846 4 1
846 6 1
846 9 2
847 1 1
847 3 1
847 4 1
847 7 1
848 1 1
848 4 1
848 7 1
848 10 1
849 3 2
849 4 2
849 8 1
849 9 1
849 10 1
850 3 1
850 4 2
850 10 1
851 3 2
851 4 2
851 9 1
851 10 2
852 1 1
852 3 2
852 5 2
852 7 1
852 9 2
852 10 1
853 1 2
853 4 2
853 7 2
853 9 2
853 10 2
854 1 2
854 3 2
854 9 2
855 3 2
855 5 1
855 7 2
855 10 1
856 1 1
856 3 2
856 4 1
856 9 2
857 1 2
857 3 2
857 4 2
857 9 1
857 10 1
858 1 2
858 3 2
858 4 2
858 6 2
858 9 1
858 10 2
859 2 1
859 3 2
859 4 1
859 6 1
859 7 2
859 9 1
860 1 2
860 7 1
860 9 2
861 1 1
861 3 2
861 4 1
861 9 2
862 1 1
862 3 1
862 4 1
862 7 1
862 10 1
863 1 2
863 3 1
863 7 1
863 9 2
863 10 1
864 1 2
864 4 1
864 6 1
864 8 2
864 9 1
865 1 2
865 2 2
865 7 1
866 3 1
866 6 2
866 10 2
867 1 1
867 6 1
867 7 1
867 8 2
867 9 1
868 1 2
868 3 2
869 1 1
869 3 1
869 6 1
869 10 1
870 1 1
870 8 2
870 9 1
870 10 1
871 1 1
871 4 1
871 5 1
871 6 1
871 7 1
871 10 1
872 1 2
872 6 2
872 8 2
872 10 1
873 1 2
873 3 2
873 7 1
873 9 2
873 10 1
874 1 2
874 2 1
874 4 2
874 8 2
874 9 2
875 1 1
875 3 1
875 6 1
875 7 2
876 1 1
876 3 1
876 4 1
876 7 1
877 1 1
877 3 1
877 9 1
877 10 1
878 1 2
878 3 2
878 6 2
878 8 2
878 9 1
879 1 1
879 2 1
879 3 2
879 6 1
879 9 2
880 1 1
880 5 1
880 9 2
880 10 1
881 1 1
881 3 1
881 10 1
882 1 2
882 3 2
882 4 2
882 6 2
882 7 1
882 8 2
882 9 1
883 3 2
883 8 2
884 1 2
884 2 2
884 5 1
884 8 2
884 10 2
885 1 1
885 2 1
885 3 2
885 10 1
886 1 2
886 4 2
886 6 2
886 8 2
887 1 2
887 3 2
887 7 2
887 10 2
888 1 1
888 5 1
888 9 2
889 3 2
889 5 1
889 10 1
890 3 1
890 4 2
890 7 1
890 9 2
891 1 1
891 6 1
892 1 1
892 3 2
892 4 1
892 6 1
892 9 1
892 10 1
893 1 2
893 4 2
893 7 2
893 8 2
893 9 1
893 10 2
894 1 2
894 3 2
894 6 2
894 7 1
894 9 1
894 10 2
895 1 2
895 3 1
896 1 2
896 3 2
896 4 2
896 5 1
896 6 2
897 1 2
897 3 1
898 2 1
898 3 2
898 9 1
898 10 1
899 2 2
899 3 1
899 4 1
899 7 2
900 4 2
900 7 2
901 4 1
901 5 1
901 6 1
901 9 1
901 10 2
902 3 2
902 4 2
902 7 1
902 8 2
903 1 1
903 3 1
903 6 2
903 9 1
903 10 1
904 3 1
904 7 2
904 8 2
904 9 1
905 3 1
906 4 1
906 10 1
907 1 2
907 3 1
907 4 2
907 7 2
908 3 1
908 4 1
908 5 2
908 6 1
908 9 1
909 1 2
909 3 1
909 4 2
909 5 1
909 7 2
910 1 1
910 2 2
910 3 2
910 4 1
910 6 2
910 10 1
911 3 2
911 4 1
911 6 1
911 10 1
912 1 1
912 7 1
913 1 2
913 3 1
913 10 1
914 3 1
914 9 2
915 4 1
915 5 1
915 10 1
916 1 2
916 3 1
916 4 2
916 5 2
916 8 2
916 9 1
917 3 1
917 5 2
917 7 2
917 8 2
917 9 1
918 1 2
918 2 1
918 4 2
918 9 2
919 3 2
919 9 1
920 1 2
920 9 1
920 10 1
921 1 1
921 3 1
921 4 1
921 5 2
921 7 1
921 9 1
921 10 1
922 3 2
922 5 2
922 7 2
922 9 1
923 1 1
923 2 1
923 3 2
923 6 1
923 8 1
923 10 2
924 3 2
924 7 2
924 8 2
925 1 1
925 3 2
925 7 2
926 1 1
926 3 1
927 1 1
927 3 2
927 4 1
927 6 1
927 7 1
927 8 1
927 10 1
928 1 1
928 3 1
928 6 1
928 7 1
928 9 1
928 10 1
929 1 2
929 3 1
929 7 1
929 9 2
929 10 2
930 1 1
930 2 1
930 3 2
930 8 1
931 1 1
931 3 1
931 9 2
931 10 1
932 1 2
932 3 2
932 6 2
932 10 2
933 1 1
933 2 1
933 4 1
933 9 1
934 1 1
934 3 2
934 4 1
934 5 2
934 6 1
934 9 1
935 1 2
935 2 1
935 3 1
935 4 2
935 5 1
935 6 1
935 7 1
935 9 1
936 1 1
936 2 1
936 3 2
936 5 1
936 6 2
936 7 1
936 9 2
937 1 2
937 3 2
937 5 2
937 6 1
937 9 1
938 1 1
938 2 1
938 3 2
938 4 1
939 1 1
939 3 1
939 6 1
940 1 1
940 3 1
940 6 1
940 7 2
940 8 1
940 9 1
940 10 1
941 2 1
941 4 2
941 7 1
941 10 1
942 1 2
942 4 2
942 5 1
942 6 2
942 7 2
942 9 1
943 1 1
943 4 1
943 6 1
943 8 1
943 10 1
944 2 1
944 4 1
944 5 1
944 6 1
944 7 1
944 10 1
945 2 1
945 3 2
945 4 1
946 3 1
946 7 1
946 9 1
946 10 1
947 1 2
947 2 2
947 3 1
947 6 2
948 1 1
948 4 2
948 5 2
948 9 2
948 10 1
949 6 1
949 7 1
949 9 1
949 10 1
950 1 2
950 2 1
950 3 2
950 5 1
950 6 1
950 8 1
950 9 1
950 10 1
951 1 1
951 4 1
951 7 2
951 8 1
951 10 1
952 1 1
952 4 1
952 5 1
952 6 1
952 7 1
952 10 1
953 1 2
953 2 1
953 3 2
953 6 2
953 10 2
954 1 2
954 2 1
954 3 2
954 4 1
954 9 2
955 1 1
955 6 1
956 1 1
956 3 1
956 4 1
956 6 1
956 7 1
956 9 2
957 1 2
957 3 2
957 6 2
957 7 2
957 10 2
958 1 2
958 3 2
958 6 2
958 7 2
958 9 2
958 10 2
959 1 2
959 2 2
959 10 1
960 1 1
960 3 1
960 4 1
960 6 1
960 7 1
960 8 1
961 1 2
961 2 1
961 3 1
961 4 1
961 6 2
961 9 2
962 2 1
962 3 2
962 4 2
963 3 1
963 4 1
963 6 1
964 1 2
964 3 2
964 6 2
964 7 2
964 9 2
965 3 1
965 7 1
965 9 1
966 2 1
966 4 1
966 5 2
966 6 1
966 9 2
966 10 2
967 1 2
967 3 2
967 7 1
967 10 1
968 2 2
968 3 2
968 6 2
968 10 2
969 1 2
969 2 2
969 4 2
969 6 2
969 7 1
969 10 2
970 1 1
970 2 1
970 5 2
970 6 1
970 9 1
970 10 1
971 4 1
971 5 2
971 7 1
971 10 1
972 3 2
972 4 1
972 5 1
972 10 1
973 3 2
973 4 2
973 7 1
973 10 1
974 2 2
974 7 2
974 10 2
975 1 2
975 4 2
975 7 2
975 10 2
976 1 1
976 2 1
976 3 1
976 4 1
976 5 2
976 6 1
976 9 1
977 1 2
977 2 2
977 3 1
977 4 1
977 6 1
978 1 2
978 3 1
978 6 1
978 7 2
978 9 2
979 1 2
979 4 1
979 5 2
979 6 1
979 9 2
980 1 2
980 3 2
980 4 2
980 7 1
981 1 2
981 2 2
981 3 1
981 7 2
981 9 1
981 10 2
982 1 2
982 3 2
982 4 2
982 7 2
983 1 2
983 3 1
983 5 1
984 3 1
984 6 1
984 7 1
984 10 2
985 3 2
985 4 2
985 8 2
985 9 1
985 10 1
986 1 2
986 3 2
986 4 1
986 9 1
986 10 1
987 1 2
987 3 1
987 5 1
987 9 1
987 10 1
988 1 1
988 3 1
988 6 1
988 9 2
988 10 1
989 1 2
989 2 1
989 6 2
989 7 2
989 10 2
990 1 1
990 2 1
990 3 1
990 4 1
990 7 1
990 9 1
991 3 1
991 5 1
991 9 1
991 10 1
992 9 1
993 1 1
993 3 1
993 5 2
993 6 1
993 9 1
993 10 2
994 3 2
994 5 2
994 6 1
994 8 2
994 9 1
994 10 1
995 1 2
995 3 2
995 4 1
995 5 1
995 7 1
995 10 1
996 1 1
996 2 1
996 10 1
997 4 1
997 6 1
998 1 1
998 3 1
998 10 1
999 1 1
999 3 1
999 4 1
999 5 1
999 6 1
999 7 1
999 9 1
1000 1 2
1000 3 1
1000 4 1
1000 7 2
1001 3 1
1001 4 1
1001 5 2
1001 7 2
1002 3 1
1002 5 1
1002 7 2
1003 1 2
1003 5 1
1003 7 2
1003 10 1
1004 1 1
1004 2 1
1004 3 1
1004 4 1
1004 6 1
1005 2 2
1005 3 1
1005 7 2
1005 10 1
1006 1 2
1006 3 2
1006 4 2
1006 9 1
1006 10 2
1007 6 2
1007 9 1
1008 2 2
1008 3 2
1008 4 2
1009 1 1
1009 2 1
1009 3 2
1009 10 1
1010 1 2
1010 3 1
1010 4 2
1010 8 1
1010 9 1
1011 1 1
1011 3 1
1011 4 1
1011 7 2
1011 10 1
1012 1 1
1012 3 1
1012 4 1
1012 5 1
1012 6 1
1012 8 2
1012 9 1
1013 2 1
1013 5 1
1013 6 1
1013 10 1
1014 2 2
1014 3 1
1014 6 2
1014 7 1
1014 10 2
1015 1 1
1015 7 2
1015 8 2
1016 1 1
1016 4 2
1016 6 2
1016 9 1
1017 2 1
1017 3 2
1017 9 2
1017 10 2
1018 2 1
1018 3 1
1019 3 1
1019 4 1
1019 5 1
1019 6 1
1019 10 1
1020 1 2
1020 3 1
1020 5 2
1020 9 1
1021 1 2
1021 3 2
1021 4 2
1021 6 2
1021 7 1
1022 3 2
1022 10 1
1023 1 2
1023 3 2
1023 9 2
1023 10 2
1024 2 1
1024 3 1
1024 6 1
1024 7 2
1025 1 2
1025 3 2
1025 5 1
1025 7 2
1025 8 1
1025 9 1
1025 10 2
1026 1 1
1026 3 1
1026 4 1
1026 6 1
1026 7 1
1026 9 2
1027 2 1
1027 3 1
1027 5 1
1027 6 1
1027 9 1
1028 1 2
1028 3 2
1028 4 2
1028 6 2
1028 10 2
1029 3 2
1029 5 1
1029 8 2
1030 3 1
1030 4 2
1030 6 1
1030 9 1
1030 10 1
1031 1 1
1031 3 1
1031 4 2
1031 7 1
1032 1 2
1032 3 1
1032 4 2
1032 8 2
1032 10 2
1033 1 2
1033 2 1
1033 3 2
1033 4 2
1034 1 1
1034 3 1
1034 4 1
1034 6 1
1034 9 1
1035 1 2
1035 3 1
1035 4 2
1035 8 2
1036 3 1
1036 10 1
1037 1 2
1037 3 2
1037 4 2
1037 5 1
1037 7 2
1037 9 2
1038 1 2
1038 2 1
1038 3 1
1038 6 1
1038 9 1
1038 10 1
1039 2 1
1039 10 2
1040 4 1
1040 6 1
1040 10 2
1041 1 1
1041 6 1
1041 9 2
1041 10 1
1042 1 1
1042 4 1
1042 8 1
1042 9 1
1042 10 1
1043 1 1
1043 3 1
1044 1 2
1044 2 1
1044 3 1
1044 4 2
1044 5 1
1045 2 2
1045 3 2
1045 7 1
1045 9 1
1045 10 2
1046 3 2
1046 4 1
1046 7 1
1046 10 1
1047 3 1
1047 4 1
1047 5 2
1047 7 1
1048 1 1
1048 3 1
1048 5 2
1048 7 1
1048 10 1
1049 1 2
1049 4 2
1049 7 2
1049 10 1
1050 2 2
1050 3 1
1050 4 2
1050 6 2
1050 9 2
1051 1 2
1051 3 2
1051 7 1
1051 9 1
1051 10 1
1052 1 1
1052 3 1
1052 10 1
1053 1 2
1053 3 1
1053 6 2
1053 7 2
1054 1 2
1054 6 2
1054 10 2
1055 4 2
1055 5 2
1056 3 1
1056 8 2
1056 9 1
1056 10 2
1057 1 1
1057 3 2
1057 5 1
1057 9 1
1058 1 2
1058 3 1
1058 10 1
1059 2 2
1059 3 2
1059 7 1
1059 9 1
1059 10 2
1060 1 2
1060 3 2
1060 4 1
1060 6 1
1060 7 1
1060 9 1
1061 1 2
1061 3 2
1061 7 2
1061 9 2
1062 1 2
1062 2 1
1062 3 2
1062 7 1
1062 10 1
1063 1 1
1063 6 2
1063 7 2
1063 9 1
1064 1 1
1064 4 1
1064 5 1
1064 7 1
1064 9 1
1065 2 2
1065 3 1
1065 4 2
1065 7 1
1065 10 1
1066 1 1
1066 3 1
1066 5 1
1066 7 2
1067 1 2
1067 2 1
1067 3 1
1067 4 1
1067 10 1
1068 1 2
1068 2 2
1068 3 1
1068 4 2
1068 5 1
1068 10 1
1069 1 2
1069 3 1
1069 6 2
1070 1 1
1070 3 2
1070 5 2
1070 6 1
1071 1 2
1071 2 2
1071 3 1
1071 7 1
1071 9 1
1071 10 1
1072 3 2
1072 8 2
1072 10 2
1073 1 1
1073 3 1
1073 5 1
1073 8 2
1073 10 1
1074 1 2
1074 2 2
1074 4 2
1074 7 1
1074 9 1
1074 10 1
1075 1 1
1075 5 1
1075 10 1
1076 1 1
1076 3 1
1076 5 1
1076 8 2
1076 9 2
1076 10 1
1077 1 2
1077 9 2
1077 10 2
1078 6 2
1078 10 2
1079 3 1
1079 4 1
1079 5 1
1079 7 2
1079 10 1
1080 1 2
1080 2 2
1080 5 2
1080 6 2
1080 7 2
1080 8 2
1080 9 1
1080 10 1
1081 1 1
1081 3 2
1081 7 2
1081 8 1
1081 10 1
1082 1 2
1082 3 2
1082 4 2
1082 7 2
1082 9 2
1083 3 1
1083 7 1
1083 10 2
1084 1 2
1084 2 2
1084 3 1
1084 5 1
1084 6 2
1084 10 1
1085 1 1
1085 3 2
1085 5 2
1085 6 2
1085 8 2
1085 10 2
1086 1 2
1086 2 2
1086 3 1
1086 4 2
1086 6 1
1086 9 2
1086 10 2
1087 1 2
1087 3 2
1087 5 1
1087 10 2
1088 3 2
1088 9 2
1088 10 1
1089 1 2
1089 3 1
1089 6 2
1089 9 2
1090 2 1
1090 3 1
1090 7 2
1090 8 2
1090 9 1
1090 10 2
1091 6 1
1091 7 2
1091 10 1
1092 1 2
1092 2 1
1092 4 1
1092 5 2
1092 6 1
1092 10 1
1093 1 1
1093 4 2
1093 5 1
1093 6 2
1093 7 1
1094 1 1
1094 3 1
1094 5 2
1094 7 1
1094 8 1
1094 10 1
1095 1 2
1095 3 2
1095 4 2
1095 5 1
1095 6 2
1095 7 1
1095 9 2
1095 10 2
1096 5 1
1096 9 2
1097 3 1
1097 4 1
1097 5 1
1097 7 2
1098 3 1
1098 4 1
1098 7 2
1098 8 1
1099 1 1
1099 2 1
1099 3 1
1099 6 1
1099 8 2
1099 10 1
1100 3 1
1100 8 2
1100 10 2
1101 3 1
1101 4 2
1101 5 2
1101 9 1
1101 10 1
1102 1 2
1102 6 2
1102 9 1
1103 1 1
1103 3 1
1103 6 1
1103 7 2
1103 9 1
1104 1 2
1104 3 1
1104 4 2
1104 7 2
1105 1 1
1105 3 2
1105 7 2
1105 10 1
1106 3 1
1106 4 1
1106 5 2
1106 7 1
1107 1 1
1107 3 1
1107 4 1
1107 5 1
1107 6 1
1107 8 2
1107 9 1
1108 1 2
1108 2 1
1108 4 1
1108 6 1
1108 7 1
1108 9 1
1108 10 1
1109 1 2
1109 3 2
1109 5 2
1109 7 2
1109 9 1
1110 3 2
1110 5 1
1110 9 2
1111 2 2
1111 3 1
1111 4 2
1111 6 1
1111 7 2
1111 9 1
1112 1 2
1112 3 1
1113 3 2
1113 5 1
1113 10 2
1114 1 2
1114 4 2
1114 6 1
1114 7 1
1114 9 2
1114 10 2
1115 1 1
1115 4 1
1115 5 1
1115 10 1
1116 1 2
1116 4 2
1117 1 2
1117 2 1
1117 3 1
1117 4 2
1117 6 2
1117 7 2
1117 10 1
1118 3 1
1118 6 1
1118 7 2
1118 9 2
1119 1 1
1119 7 1
1119 9 1
1120 1 1
1120 6 1
1120 7 2
1120 8 1
1120 10 1
1121 1 1
1121 3 1
1121 6 1
1121 7 2
1121 8 2
1122 2 1
1122 3 2
1122 4 2
1122 6 2
1122 7 2
1122 9 1
1123 2 2
1123 6 1
1123 7 2
1123 10 2
1124 2 2
1124 3 1
1124 4 2
1124 8 2
1124 10 1
1125 5 1
1125 6 1
1125 9 2
1126 3 1
1126 4 1
1126 6 1
1126 7 1
1126 8 1
1126 9 1
1126 10 1
1127 3 1
1127 10 1
1128 1 1
1128 3 2
1128 5 1
1128 9 1
1129 1 2
1129 3 1
1129 4 2
1129 5 1
1129 7 2
1129 10 2
1130 4 2
1130 5 1
1130 6 2
1132 1 1
1132 2 1
1132 3 1
1132 4 1
1132 5 2
1133 1 1
1133 3 1
1133 6 1
1134 1 2
1134 3 1
1134 4 2
1134 7 2
1135 1 2
1135 4 1
1135 5 1
1135 7 1
1135 8 1
1135 9 1
1136 3 2
1136 9 2
1137 2 1
1137 4 2
1137 9 1
1137 10 1
1138 3 1
1138 4 2
1138 8 2
1138 9 1
1139 1 2
1139 3 2
1139 6 2
1139 10 2
1140 3 2
1140 4 1
1141 1 1
1141 4 1
1141 7 1
1141 9 2
1142 1 2
1142 4 2
1142 5 1
1142 6 2
1142 9 2
1142 10 1
1143 3 2
1143 4 2
1144 3 2
1144 4 2
1144 10 1
1145 3 2
1145 4 2
1146 1 1
1146 3 1
1146 7 2
1146 8 1
1146 9 1
1147 1 2
1147 3 2
1147 4 2
1147 6 2
1147 9 1
1148 1 1
1148 4 1
1148 6 1
1148 8 2
1149 1 1
1149 3 2
1149 7 1
1150 1 1
1150 3 1
1151 3 2
1151 6 1
1151 9 1
1151 10 1
1152 1 1
1152 3 2
1152 4 1
1152 6 1
1153 3 2
1153 7 1
1153 10 1
1154 1 2
1154 3 2
1154 5 1
1154 7 2
1155 1 2
1155 10 2
1156 1 2
1156 3 1
1156 5 2
1156 6 1
1156 7 2
1156 10 2
1157 1 1
1157 2 1
1157 4 1
1157 6 1
1157 9 2
1157 10 1
1158 2 1
1158 3 2
1158 4 1
1158 6 1
1158 10 1
1159 1 2
1159 7 2
1159 8 2
1160 1 2
1160 3 2
1160 4 1
1160 5 1
1160 6 1
1160 9 1
1160 10 1
1161 3 2
1161 5 2
1161 9 1
1161 10 1
1162 1 2
1162 3 1
1162 4 2
1163 1 2
1163 5 1
1163 7 1
1163 10 1
1164 1 2
1164 5 1
1164 6 2
1164 7 1
1164 9 1
1164 10 2
1165 1 1
1165 3 1
1165 6 1
1165 7 2
1165 9 1
1165 10 1
1166 1 1
1166 2 1
1166 3 1
1166 4 1
1166 6 1
1166 10 1
1167 2 2
1167 7 1
1168 1 2
1168 3 1
1168 6 2
1168 7 2
1168 10 2
1169 2 1
1169 3 1
1169 4 2
1169 5 1
1170 1 1
1170 7 2
1170 9 1
1170 10 1
1171 3 1
1171 6 2
1171 9 1
1172 1 2
1172 3 1
1172 9 2
1173 1 1
1173 3 1
1173 5 2
1173 9 1
1173 10 1
1174 1 2
1174 3 2
1174 4 2
1174 6 2
1174 7 1
1174 8 2
1174 10 2
1175 1 2
1175 3 1
1175 4 2
1175 7 2
1175 10 2
1176 2 2
1176 3 2
1176 5 1
1176 6 2
1176 10 2
1177 1 2
1177 3 2
1177 4 2
1177 6 2
1177 7 1
1177 9 2
1177 10 1
1178 1 2
1178 3 2
1178 10 1
1179 1 2
1179 3 1
1179 9 1
1179 10 1
1180 2 2
1180 3 1
1180 10 2
1181 1 1
1181 3 2
1181 7 1
1181 9 1
1181 10 1
1182 3 2
1183 3 2
1183 4 2
1183 6 1
1183 7 2
1183 8 2
1183 9 1
1183 10 1
1184 1 2
1184 2 1
1184 3 2
1184 4 2
1184 9 2
1185 1 2
1185 3 1
1185 4 2
1185 6 1
1185 9 1
1185 10 2
1186 1 2
1186 9 1
1187 1 2
1187 4 2
1187 5 1
1187 10 2
1188 1 2
1188 3 1
1188 4 2
1188 5 2
1188 6 2
1189 1 1
1189 6 1
1189 10 1
1190 3 1
1191 1 1
1191 3 1
1191 4 1
1191 5 1
1191 9 1
1192 1 1
1193 1 2
1193 5 1
1193 8 2
1193 10 2
1194 6 1
1194 9 2
1194 10 2
1195 1 2
1195 2 1
1195 3 2
1195 5 1
1195 9 1
1195 10 2
1196 1 1
1196 3 1
1196 6 1
1196 9 1
1196 10 2
1197 1 2
1197 3 1
1197 6 2
1197 7 1
1197 10 2
1198 1 1
1198 3 2
1199 3 2
1199 6 1
1199 7 2
1200 1 2
1200 4 2
1200 5 2
1200 7 2
1200 9 1
1201 1 2
1201 3 1
1201 4 2
1201 8 2
1201 9 1
1201 10 2
1202 4 2
1202 7 2
1203 1 2
1203 4 1
1203 7 1
1204 1 2
1204 3 2
1204 4 1
1204 7 1
1204 9 1
1204 10 1
1205 1 1
1205 2 1
1205 3 2
1205 9 1
1205 10 1
1206 3 1
1206 4 1
1206 10 1
1207 3 2
1207 4 2
1207 8 2
1207 10 2
1208 1 2
1208 4 2
1208 6 2
1208 7 2
1208 10 2
1209 1 1
1209 3 1
1209 7 2
1209 9 1
1210 3 2
1210 4 2
1210 6 2
1210 10 2
1211 1 1
1211 2 2
1211 3 1
1211 4 1
1211 9 1
1212 1 2
1212 3 1
1212 6 1
1212 10 1
1213 3 1
1213 7 2
1213 10 2
1214 1 2
1214 3 1
1214 4 2
1214 10 2
1215 1 1
1215 2 1
1215 3 1
1215 9 1
1215 10 1
1216 2 1
1216 3 1
1216 5 2
1216 6 1
1217 1 2
1217 3 2
1217 4 2
1217 6 2
1218 1 2
1218 3 2
1218 4 2
1218 7 1
1218 10 1
1219 3 1
1219 4 2
1220 2 2
1220 3 2
1220 4 1
1220 7 2
1221 1 2
1221 2 1
1221 3 1
1221 4 1
1221 7 1
1221 10 1
1222 4 1
1222 7 2
1222 8 1
1222 10 1
1223 1 2
1223 4 2
1223 9 1
1224 1 2
1224 3 1
1224 4 2
1224 5 1
1224 6 2
1224 7 1
1224 9 1
1224 10 2
1225 1 2
1225 2 2
1225 3 1
1225 4 2
1225 6 2
1225 7 2
1225 8 2
1225 10 2
1226 1 1
1226 2 1
1226 6 2
1226 7 1
1226 8 1
1227 1 1
1227 3 2
1227 5 2
1227 10 2
1228 1 2
1228 2 2
1228 3 1
1228 4 2
1228 6 2
1228 7 1
1228 9 2
1229 1 1
1229 3 2
1229 5 1
1229 7 1
1229 10 1
1230 1 2
1230 3 1
1230 4 2
1230 7 2
1230 10 1
1231 1 1
1231 3 2
1231 10 2
1232 1 1
1232 3 1
1232 4 1
1232 7 1
1232 8 1
1232 10 1
1233 1 2
1233 3 2
1233 9 1
1233 10 1
1234 1 2
1234 3 1
1234 5 1
1234 6 1
1234 9 2
1234 10 1
1235 2 2
1235 3 2
1235 6 1
1235 7 2
1236 2 1
1236 3 2
1236 5 1
1236 9 1
1237 1 1
1237 2 1
1237 3 1
1237 4 1
1237 7 1
1237 9 1
1237 10 1
1238 3 2
1238 5 2
1238 9 1
1239 3 2
1239 6 2
1239 9 2
1239 10 2
1240 2 2
1240 3 1
1240 6 1
1240 7 1
1240 10 1
1241 6 1
1241 7 1
1241 9 1
1242 1 2
1242 2 1
1242 3 1
1242 4 2
1242 6 2
1242 9 2
1243 1 1
1243 2 1
1243 3 1
1243 7 1
1243 9 1
1243 10 1
1244 1 1
1244 3 1
1244 5 2
1244 7 1
1244 9 2
1244 10 1
1245 3 2
1245 4 1
1245 5 1
1245 6 1
1245 9 1
1245 10 1
1246 1 2
1246 5 1
1246 7 1
1246 8 2
1246 9 2
1247 1 1
1247 3 1
1247 6 1
1247 9 1
1248 1 1
1248 3 1
1248 6 1
1248 9 2
1248 10 1
1249 1 2
1249 3 1
1249 5 2
1249 7 1
1249 8 2
1250 3 1
1250 5 2
1250 7 1
1251 1 2
1251 2 2
1251 3 2
1251 4 2
1251 8 2
1252 1 2
1252 2 1
1252 3 1
1252 7 1
1252 8 1
1252 10 2
1253 1 1
1253 3 1
1253 4 1
1253 5 1
1253 8 1
1254 1 2
1254 3 2
1254 4 2
1254 9 1
1254 10 1
1255 6 1
1255 7 2
1256 1 2
1256 3 1
1256 5 1
1256 6 1
1256 7 2
1256 10 1
1257 1 1
1257 3 1
1257 4 1
1257 7 1
1257 10 1
1258 1 2
1258 3 2
1258 5 1
1258 6 2
1258 7 2
1258 9 2
1259 1 2
1259 2 1
1259 3 2
1259 4 1
1259 5 2
1259 6 1
1259 9 1
1259 10 1
1260 2 2
1260 3 2
1260 4 2
1260 5 2
1260 6 1
1260 7 2
1260 10 2
1261 1 1
1261 2 2
1261 3 1
1261 4 1
1261 7 2
1262 1 2
1262 4 2
1262 7 1
1262 8 2
1262 10 2
1263 5 1
1263 6 1
1263 7 2
1263 9 1
1264 1 2
1264 3 1
1264 6 1
1264 10 2
1265 1 1
1265 3 1
1265 4 1
1265 6 1
1265 10 1
1266 2 1
1266 3 1
1266 6 1
1266 9 2
1267 1 1
1267 2 1
1268 1 1
1268 3 2
1268 6 1
1268 10 1
1269 3 1
1269 7 2
1269 10 1
1270 1 1
1270 3 1
1270 7 1
1270 9 1
1271 2 2
1271 3 1
1271 9 2
1271 10 2
1272 1 2
1272 2 1
1272 3 1
1272 6 1
1272 10 1
1273 1 1
1273 3 1
1273 4 1
1273 5 2
1273 6 1
1273 9 1
1274 2 1
1275 6 2
1276 1 1
1276 2 1
1276 3 1
1276 6 1
1276 7 1
1277 1 2
1277 3 2
1277 9 2
1278 1 2
1278 3 1
1278 4 2
1278 5 2
1278 7 1
1278 9 2
1279 1 1
1279 2 1
1279 3 2
1279 4 1
1279 6 1
1279 7 1
1280 2 1
1280 3 1
1280 5 2
1280 6 2
1280 7 2
1280 8 2
1280 9 2
1281 1 1
1281 3 1
1281 5 2
1281 6 1
1282 1 2
1283 1 2
1283 3 1
1283 4 2
1283 9 2
1284 4 2
1284 6 2
1284 7 2
1284 8 2
1285 3 2
1285 6 1
1285 9 1
1286 1 1
1286 3 1
1286 9 1
1286 10 1
1287 1 2
1287 6 2
1287 9 2
1287 10 1
1288 3 1
1288 4 2
1288 7 2
1288 9 1
1289 1 2
1289 7 2
1289 10 2
1290 3 2
1290 6 1
1290 9 2
1290 10 1
1291 1 1
1291 3 2
1291 4 1
1291 5 2
1291 10 2
1292 1 2
1292 3 2
1292 7 2
1292 8 2
1292 9 2
1293 1 1
1293 6 1
1293 7 1
1293 8 1
1293 9 1
1293 10 1
1294 1 1
1294 3 1
1294 5 2
1294 6 1
1294 7 2
1294 10 1
1295 1 2
1295 4 2
1296 1 2
1296 3 2
1296 6 2
1296 10 2
1297 3 2
1297 5 1
1297 9 1
1298 3 1
1298 4 1
1298 7 1
1298 9 1
1299 1 2
1299 6 2
1299 7 1
1299 10 2
1300 1 1
1300 2 1
1300 3 2
1300 7 1
1301 1 2
1301 2 1
1301 3 2
1301 4 2
1301 6 2
1301 7 2
1301 8 1
1301 10 1
1302 2 2
1302 4 1
1302 5 1
1302 6 1
1302 7 1
1302 10 1
1303 2 1
1303 3 1
1303 5 2
1303 6 1
1303 7 2
1304 3 1
1304 7 2
1304 9 2
1304 10 1
1305 1 1
1305 3 1
1305 4 1
1305 5 1
1305 8 2
1306 1 1
1306 2 2
1306 3 1
1306 7 2
1306 10 1
1307 1 2
1307 3 2
1307 5 1
1308 1 2
1308 3 1
1308 6 1
1308 10 1
1309 1 2
1309 2 2
1309 6 2
1309 10 2
1310 1 1
1310 3 1
1310 5 2
1310 6 2
1311 1 2
1311 2 1
1311 3 2
1311 4 1
1311 6 1
1311 9 1
1312 1 2
1312 2 2
1312 3 2
1312 4 2
1312 5 2
1312 7 2
1312 8 2
1312 10 2
1313 1 1
1313 3 1
1313 4 2
1313 6 2
1313 10 1
1314 1 1
1314 2 1
1314 5 2
1314 6 1
1314 8 2
1314 9 1
1315 1 1
1315 2 1
1315 7 2
1315 9 1
1315 10 2
1316 6 2
1316 8 1
1316 10 2
1317 1 2
1317 4 2
1317 6 1
1317 9 1
1317 10 2
1318 1 2
1318 2 2
1318 3 1
1318 5 2
1318 9 1
1318 10 1
1319 4 2
1319 7 2
1320 1 1
1320 3 1
1320 4 1
1320 6 1
1320 9 2
1320 10 1
1321 1 2
1321 3 1
1321 10 1
1322 1 1
1322 3 2
1322 5 2
1322 7 2
1322 10 2
1323 1 1
1323 3 1
1323 6 2
1323 10 2
1324 1 1
1324 4 2
1324 6 1
1324 7 1
1324 9 1
1325 3 1
1325 4 2
1325 9 1
1326 2 2
1326 3 2
1326 7 1
1326 9 2
1327 3 2
1327 7 2
1327 9 2
1327 10 1
1328 1 1
1328 5 1
1328 6 2
1328 9 2
1329 1 2
1329 4 2
1329 7 2
1329 9 2
1329 10 1
1330 1 1
1330 3 2
1330 4 1
1330 6 1
1330 7 1
1330 9 1
1330 10 1
1331 1 1
1331 2 1
1331 3 2
1331 4 1
1331 6 1
1332 1 2
1332 2 1
1332 3 1
1332 4 2
1332 5 1
1332 9 1
1332 10 2
1333 1 2
1333 3 2
1333 5 1
1333 6 1
1333 7 2
1334 1 1
1334 3 1
1334 4 2
1334 7 2
1334 10 1
1335 4 1
1335 6 1
1335 10 1
1336 3 2
1336 4 1
1336 7 2
1336 10 2
1337 2 2
1337 5 1
1337 6 2
1337 7 2
1337 9 2
1338 1 2
1338 3 1
1338 5 2
1338 7 2
1338 8 1
1338 9 2
1339 1 2
1339 3 2
1339 8 2
1340 1 2
1340 2 1
1340 3 1
1340 4 2
1340 6 2
1340 7 2
1340 8 2
1341 2 2
1341 3 1
1341 10 2
1342 5 1
1342 6 2
1343 1 1
1343 3 2
1343 4 1
1343 8 1
1344 3 1
1344 7 1
1344 9 1
1344 10 1
1345 1 1
1345 3 1
1345 4 1
1345 10 1
1346 1 1
1346 7 1
1346 10 1
1347 1 2
1347 3 1
1347 6 2
1347 9 2
1348 1 1
1348 3 2
1348 4 2
1348 7 2
1348 8 2
1349 3 2
1349 4 2
1349 7 2
1349 9 1
1349 10 2
1350 1 2
1350 3 2
1350 8 2
1351 1 2
1351 3 1
1351 9 1
1351 10 1
1352 1 1
1352 3 2
1352 5 1
1352 8 2
1352 9 1
1352 10 2
1353 4 2
1353 10 1
1354 1 1
1354 2 2
1354 3 2
1354 4 1
1354 5 2
1354 6 1
1354 10 1
1355 1 1
1355 4 1
1355 5 2
1355 7 2
1356 2 1
1356 3 2
1356 4 2
1356 6 2
1356 7 1
1357 1 2
1357 4 2
1357 5 1
1357 10 2
1358 3 1
1358 4 1
1358 5 2
1358 9 2
1358 10 1
1359 3 1
1359 5 2
1359 8 2
1359 9 1
1360 3 2
1360 4 2
1360 5 1
1360 8 2
1361 3 1
1361 6 2
1361 8 1
1362 1 2
1362 8 2
1363 1 2
1363 3 1
1363 5 1
1363 7 2
1363 9 1
1363 10 1
1364 1 2
1364 3 2
1364 4 2
1364 9 2
1364 10 2
1365 3 1
1365 4 1
1365 6 1
1365 7 1
1365 10 1
1366 3 1
1366 5 2
1366 7 2
1366 9 2
1366 10 2
1367 1 2
1367 4 2
1367 7 2
1367 8 2
1368 1 1
1368 3 1
1368 6 1
1368 9 1
1368 10 1
1369 1 1
1369 3 2
1369 7 2
1369 10 1
1370 2 2
1370 3 2
1370 6 1
1370 7 2
1370 9 1
1371 3 1
1371 4 1
1371 7 1
1371 9 1
1372 1 2
1372 3 2
1372 8 1
1372 9 2
1372 10 2
1373 1 1
1373 3 1
1373 7 2
1373 9 2
1373 10 1
1374 1 2
1374 7 1
1374 9 1
1375 3 1
1375 4 2
1375 5 1
1375 6 2
1375 8 2
1375 10 2
1376 2 1
1376 3 1
1376 6 2
1376 7 2
1376 8 2
1376 9 1
1376 10 2
1377 1 2
1377 3 1
1377 4 2
1377 5 2
1377 7 2
1377 10 2
1378 1 2
1378 3 2
1378 8 1
1379 1 2
1379 2 2
1379 3 2
1379 4 2
1379 5 2
1379 7 2
1380 1 2
1380 3 2
1380 4 2
1380 10 2
1381 1 2
1381 3 1
1381 7 2
1382 1 1
1382 3 2
1382 5 2
1383 1 1
1383 3 1
1383 7 1
1384 1 2
1384 3 1
1384 4 2
1385 2 1
1385 3 1
1385 4 1
1385 5 1
1385 6 1
1385 7 1
1385 9 1
1385 10 1
1386 3 2
1386 6 2
1387 1 1
1387 3 1
1387 9 1
1388 2 1
1388 3 2
1388 5 2
1388 6 2
1388 9 2
1388 10 2
1389 3 1
1389 10 1
1390 1 2
1390 4 2
1390 6 1
1390 9 1
1390 10 1
1391 1 2
1391 2 1
1391 4 2
1391 6 2
1391 9 1
1392 3 1
1392 4 1
1392 5 2
1392 6 1
1392 10 1
1393 1 1
1393 6 1
1393 7 1
1393 9 2
1393 10 1
1394 3 1
1394 6 2
1394 7 2
1394 9 1
1395 1 1
1395 6 1
1395 7 1
1396 1 2
1396 2 2
1396 4 2
1396 7 2
1396 9 2
1396 10 2
1397 3 2
1397 6 2
1397 7 1
1397 10 2
1398 2 2
1398 3 1
1398 6 2
1398 8 2
1398 10 2
1399 2 2
1399 3 1
1399 5 2
1399 7 1
1399 9 2
1399 10 1
1400 3 1
1401 3 1
1401 6 2
1401 7 2
1401 9 2
1401 10 1
1402 3 2
1402 7 2
1402 10 2
1403 1 2
1403 2 1
1403 4 1
1403 6 1
1403 10 1
1404 1 1
1404 3 2
1404 4 1
1404 6 1
1405 1 2
1405 6 1
1406 1 1
1406 2 1
1406 3 2
1406 6 2
1406 7 2
1406 10 2
1407 1 2
1407 3 2
1407 4 2
1407 9 2
1408 1 2
1408 5 2
1409 1 1
1409 4 1
1409 7 1
1410 1 1
1410 3 1
1411 1 1
1411 2 1
1411 6 1
1411 7 1
1411 10 1
1412 1 1
1412 3 1
1412 4 1
1412 7 2
1412 8 2
1412 9 1
1413 1 2
1413 3 1
1413 5 2
1413 8 2
1413 9 1
1414 6 2
1414 7 1
1415 1 1
1415 2 1
1415 5 2
1415 6 1
1415 7 2
1415 10 1
1416 1 1
1416 5 1
1416 6 1
1416 10 1
1417 1 2
1417 3 2
1417 4 2
1417 7 2
1418 1 2
1418 3 1
1418 6 1
1418 7 1
1418 8 1
1418 10 1
1419 2 2
1419 5 2
1419 9 2
1420 3 2
1420 5 2
1420 6 1
1420 10 1
1421 2 1
1421 3 2
1421 7 1
1421 10 1
1422 1 2
1422 3 1
1422 5 1
1422 9 2
1422 10 2
1423 3 1
1423 5 1
1423 6 2
1423 7 2
1423 9 2
1424 1 2
1424 2 2
1424 3 2
1424 10 2
1425 2 1
1425 4 2
1425 7 2
1425 9 2
1425 10 2
1426 1 2
1426 4 2
1427 1 2
1427 4 2
1427 6 2
1427 7 2
1427 9 2
1427 10 2
1428 1 1
1428 2 1
1428 3 2
1428 4 1
1428 7 1
1428 9 1
1428 10 1
1429 1 2
1429 3 1
1429 4 1
1429 7 1
1429 10 1
1430 1 1
1430 3 2
1430 7 2
1430 9 1
1431 1 2
1431 3 2
1431 7 2
1431 9 1
1431 10 1
1432 3 2
1432 5 2
1432 7 1
1432 8 2
1432 10 1
1433 2 1
1433 3 1
1433 4 2
1433 5 1
1433 6 2
1433 7 1
1433 9 2
1434 1 1
1434 2 1
1434 3 2
1434 9 1
1435 1 2
1435 3 2
1435 4 2
1435 7 2
1436 3 1
1436 4 1
1436 5 2
1436 7 2
1436 9 1
1436 10 1
1437 1 2
1437 5 2
1437 7 2
1437 8 2
1437 10 1
1438 3 1
1438 4 1
1438 6 1
1438 7 1
1438 8 1
1438 9 1
1439 3 2
1439 5 1
1439 10 2
1440 3 2
1440 5 1
1440 7 1
1440 8 2
1440 9 2
1440 10 2
1441 6 1
1441 7 1
1441 10 1
1442 3 2
1442 4 1
1442 6 1
1442 9 2
1443 1 1
1443 3 2
1443 4 1
1443 7 2
1443 9 1
1443 10 1
1444 3 1
1444 4 2
1444 5 2
1444 6 2
1444 7 2
1444 9 1
1444 10 2
1445 1 2
1445 3 1
1445 4 2
1445 8 1
1445 10 1
1446 1 1
1446 3 2
1446 4 1
1446 6 1
1446 7 2
1446 9 1
1446 10 1
1447 3 1
1447 5 1
1447 6 1
1448 1 2
1448 2 2
1448 3 1
1448 4 1
1448 5 1
1448 9 2
1448 10 2
1449 1 2
1449 3 1
1449 4 2
1449 5 1
1449 6 2
1449 10 1
1450 1 1
1450 3 2
1450 4 1
1450 6 1
1450 7 2
1450 8 1
1451 1 1
1451 2 1
1451 3 2
1451 5 2
1451 6 1
1452 1 2
1452 3 1
1452 10 2
1453 2 2
1453 4 2
1453 6 2
1453 9 1
1453 10 2
1454 1 1
1454 3 1
1454 4 1
1454 6 1
1454 10 2
1455 1 2
1455 3 2
1455 4 2
1455 7 1
1455 9 2
1456 1 1
1456 3 1
1456 5 1
1456 6 1
1456 8 1
1456 9 1
1456 10 1
1457 1 1
1457 3 2
1457 4 1
1457 6 1
1457 7 1
1457 9 1
1458 1 2
1458 3 1
1458 4 2
1458 5 2
1459 1 2
1459 3 1
1459 6 2
1459 9 1
1459 10 2
1460 1 1
1460 3 2
1460 4 1
1460 5 2
1460 7 2
1460 9 1
1460 10 1
1461 3 1
1461 4 2
1461 7 1
1462 1 2
1462 6 2
1462 8 2
1462 9 1
1462 10 2
1463 3 1
1463 4 2
1463 6 2
1463 8 1
1463 10 1
1464 3 1
1464 4 2
1464 8 1
1464 9 2
1464 10 2
1465 3 1
1465 6 1
1466 3 1
1466 5 1
1466 9 1
1466 10 2
1467 1 2
1467 4 2
1467 6 1
1467 9 1
1468 6 2
1469 3 2
1469 6 2
1469 7 2
1469 8 2
1469 9 2
1470 2 2
1470 3 2
1470 4 2
1470 9 2
1471 2 1
1471 6 1
1471 8 2
1471 9 2
1472 1 1
1472 4 1
1473 3 1
1473 4 2
1473 6 2
1473 7 2
1473 10 2
1474 1 1
1474 3 1
1474 10 2
1475 3 2
1475 4 2
1476 2 1
1476 3 1
1476 4 2
1476 6 2
1476 7 2
1476 8 2
1476 9 2
1476 10 1
1477 3 2
1477 8 2
1477 10 1
1478 1 1
1478 2 1
1478 3 1
1478 5 2
1478 6 1
1479 1 2
1479 5 2
1479 6 2
1479 8 2
1479 9 1
1480 1 1
1480 2 1
1480 3 1
1480 10 1
1481 1 2
1481 4 2
1481 5 2
1481 6 2
1481 7 1
1481 9 1
1481 10 2
1482 2 1
1482 3 1
1482 9 1
1482 10 2
1483 1 2
1483 4 2
1483 5 2
1483 10 1
1484 1 1
1484 2 1
1484 3 1
1484 5 2
1484 6 1
1485 1 2
1485 3 1
1485 6 2
1486 1 2
1486 3 2
1486 6 2
1486 7 2
1486 10 2
1488 3 1
1488 6 2
1488 8 2
1488 9 1
1489 2 2
1489 3 1
1489 5 1
1489 10 1
1490 1 1
1490 3 2
1490 5 1
1490 7 2
1490 8 2
1491 1 2
1491 3 2
1491 4 2
1491 6 1
1491 7 1
1491 10 2
1492 3 2
1492 7 2
1492 10 2
1493 1 2
1493 3 1
1493 5 2
1493 8 1
1493 10 2
1494 1 2
1494 2 2
1494 3 2
1494 6 1
1494 7 2
1494 9 1
1494 10 1
1495 1 2
1495 3 2
1495 5 1
1495 7 1
1495 10 1
1496 1 2
1496 3 1
1496 4 1
1496 5 1
1496 9 1
1496 10 1
1497 3 2
1497 4 2
1497 10 2
1498 4 1
1498 6 1
1498 7 1
1498 10 1
1499 1 2
1499 3 2
1499 5 2
1499 10 2
1500 1 2
1500 2 1
1500 3 2
1500 4 2
1500 5 1
1500 8 2
1500 10 2
1501 1 2
1501 2 1
1501 3 1
1501 9 1
1502 1 2
1502 3 2
1502 6 2
1502 10 1
1503 1 2
1503 3 1
1503 4 2
1503 6 1
1503 7 1
1503 9 1
1503 10 2
1504 2 1
1504 4 1
1504 10 1
1505 1 1
1505 2 2
1505 3 2
1505 4 1
1505 6 1
1505 7 1
1505 9 1
1505 10 1
1506 3 1
1506 6 1
1506 9 2
1507 1 1
1507 3 2
1507 4 1
1508 3 1
1508 4 1
1508 10 1
1509 1 2
1509 2 1
1509 3 2
1509 10 2
1510 1 2
1510 2 2
1510 3 2
1510 4 2
1510 5 2
1510 9 2
1510 10 2
1511 1 1
1511 3 2
1511 6 1
1511 10 1
1512 2 1
1512 3 1
1513 1 1
1513 2 1
1513 3 1
1513 9 2
1513 10 1
1514 1 2
1514 3 2
1514 4 2
1514 6 2
1514 7 1
1514 10 1
1515 2 1
1515 3 2
1515 4 1
1515 6 1
1515 9 1
1516 2 2
1516 3 2
1516 4 2
1516 9 2
1517 1 2
1517 3 1
1517 5 1
1517 9 1
1517 10 1
1518 1 1
1518 3 1
1518 5 2
1518 7 1
1518 9 1
1519 2 1
1519 7 2
1519 9 2
1519 10 1
1520 2 2
1520 3 1
1520 6 2
1521 2 1
1521 3 2
1521 5 1
1521 8 2
1521 9 1
1521 10 1
1522 3 1
1522 4 2
1522 5 2
1522 9 2
1523 1 1
1523 2 1
1523 6 1
1523 7 2
1523 8 1
1523 9 1
1524 3 2
1524 4 2
1524 8 2
1525 1 2
1525 4 2
1526 1 2
1526 3 2
1526 6 2
1526 7 2
1526 9 2
1526 10 2
1527 3 2
1527 4 1
1527 5 2
1527 9 1
1528 2 1
1528 3 1
1528 9 1
1529 1 1
1529 2 1
1529 3 1
1529 10 1
1530 1 2
1530 2 2
1530 3 1
1530 7 1
1531 8 1
1531 10 1
1532 1 2
1532 3 2
1532 4 2
1532 6 2
1532 7 2
1532 10 2
1533 3 2
1533 5 1
1533 9 1
1534 4 1
1535 4 1
1535 6 1
1535 7 1
1536 2 2
1536 3 1
1536 7 1
1537 6 1
1537 10 2
1538 5 2
1538 6 1
1538 10 1
1539 1 2
1539 2 2
1539 3 1
1539 6 2
1539 9 1
1539 10 2
1540 1 2
1540 6 2
1540 7 2
1541 3 1
1541 6 1
1541 9 2
1541 10 2
1542 1 1
1542 2 1
1542 3 2
1542 5 1
1542 10 1
1543 3 1
1543 6 1
1543 9 2
1543 10 1
1544 1 1
1544 2 2
1544 3 1
1544 5 2
1544 10 1
1545 1 2
1545 3 1
1545 6 1
1545 7 2
1546 1 1
1546 3 1
1546 7 1
1546 10 1
1547 1 1
1547 3 2
1547 7 2
1547 9 1
1547 10 2
1548 1 2
1548 3 2
1548 10 2
1549 1 2
1549 3 1
1549 4 1
1549 5 2
1549 9 1
1550 4 2
1550 5 1
1550 6 2
1551 3 1
1551 7 1
1551 9 2
1551 10 2
1552 4 2
1552 5 1
1552 6 2
1552 7 1
1553 1 2
1553 3 1
1553 4 1
1553 5 1
1553 6 1
1553 7 2
1553 8 1
1553 9 1
1554 1 2
1554 3 1
1554 7 2
1555 1 1
1555 3 1
1556 1 2
1556 2 2
1556 9 1
1557 3 2
1557 9 2
1557 10 2
1558 1 2
1558 3 1
1558 6 2
1558 8 2
1558 10 2
1559 1 1
1559 3 1
1559 4 1
1559 5 1
1559 9 1
1559 10 1
1560 1 1
1560 6 2
1560 7 1
1560 10 1
1561 7 1
1561 10 2
1562 3 1
1562 5 1
1562 7 1
1562 10 1
1563 1 2
1563 3 1
1563 5 2
1563 7 1
1563 9 1
1563 10 1
1564 1 1
1564 3 1
1565 2 1
1565 3 2
1565 4 1
1565 9 1
1566 1 2
1566 2 2
1566 6 2
1567 3 1
1567 6 1
1567 7 1
1567 8 2
1567 10 1
1568 3 2
1568 4 2
1568 5 1
1568 7 1
1568 9 2
1569 7 2
1570 1 2
1570 2 1
1570 3 2
1570 10 1
1571 1 1
1571 3 1
1571 5 1
1571 6 1
1571 7 1
1571 10 1
1572 3 2
1572 6 1
1572 7 1
1573 4 1
1573 5 2
1574 1 2
1575 3 1
1575 7 2
1575 8 1
1576 1 2
1576 2 1
1576 3 2
1576 6 2
1576 9 2
1576 10 1
1577 1 2
1577 2 1
1577 3 1
1577 6 1
1577 7 1
1577 8 1
1577 9 1
1578 1 2
1578 3 1
1578 9 1
1579 1 1
1579 7 1
1579 8 2
1579 9 1
1579 10 2
1580 1 2
1580 6 2
1580 9 1
1581 1 2
1581 4 2
1581 6 2
1581 8 2
1581 9 1
1581 10 2
1582 4 2
1582 5 2
1582 9 2
1583 1 1
1583 3 1
1583 6 1
1583 7 1
1584 1 2
1584 3 1
1584 4 2
1584 6 2
1584 7 2
1585 2 2
1586 1 1
1586 2 1
1586 3 1
1586 6 1
1586 7 1
1586 10 1
1587 1 2
1587 3 1
1587 4 2
1587 6 2
1588 2 2
1588 3 1
1588 7 2
1588 8 1
1589 3 2
1589 7 1
1589 8 1
1589 10 2
1590 1 2
1590 2 2
1590 3 2
1590 6 2
1590 7 2
1591 2 1
1591 4 2
1592 2 2
1592 3 1
1592 4 2
1593 1 1
1593 2 1
1593 7 2
1593 10 1
1594 3 1
1594 6 2
1594 10 1
1595 3 2
1595 9 1
1595 10 2
1596 3 1
1596 4 2
1596 9 2
1597 4 2
1597 6 2
1597 7 2
1598 1 2
1598 3 1
1598 4 1
1598 7 2
1598 10 1
1599 1 2
1599 3 1
1599 5 2
1599 9 1
1599 10 1
1600 1 1
1600 3 1
1600 6 1
1600 9 1
1600 10 1
1601 2 2
1601 3 2
1601 4 1
1601 6 1
1601 8 1
1601 9 2
1602 1 2
1602 2 1
1603 9 2
1604 1 1
1604 2 1
1604 3 1
1604 5 1
1604 9 2
1605 1 2
1605 3 2
1605 4 2
1606 1 2
1606 3 1
1606 4 1
1606 5 2
1606 6 1
1606 9 1
1606 10 2
1607 3 2
1607 4 2
1607 9 2
1608 1 1
1608 3 1
1608 4 1
1608 5 1
1608 7 1
1608 8 1
1609 3 1
1609 6 2
1610 1 2
1610 2 1
1610 3 1
1610 4 1
1611 1 2
1611 3 1
1611 6 2
1612 3 1
1612 4 1
1612 5 2
1612 10 1
1613 1 2
1613 4 2
1613 8 2
1613 10 2
1614 3 2
1614 8 1
1615 1 1
1615 3 1
1615 5 1
1615 6 1
1615 9 1
1615 10 1
1616 1 2
1616 3 2
1616 4 2
1616 7 2
1617 1 2
1617 3 2
1617 7 1
1618 2 1
1618 3 1
1618 4 2
1618 5 2
1618 7 2
1618 9 1
1618 10 2
1619 4 2
1619 7 1
1619 9 2
1619 10 2
1620 1 2
1620 3 2
1620 10 1
1621 1 2
1621 2 1
1621 3 1
1621 6 2
1621 9 1
1622 5 1
1622 6 2
1623 1 1
1623 2 2
1623 3 2
1623 10 1
1624 1 1
1624 5 1
1624 6 1
1624 10 1
1625 1 2
1625 3 1
1625 6 1
1625 7 1
1625 10 1
1626 5 1
1627 1 1
1627 9 1
1628 2 1
1628 3 1
1628 6 1
1628 9 1
1628 10 1
1629 1 1
1629 5 2
1629 6 1
1629 7 1
1629 10 1
1630 2 1
1630 3 1
1630 6 1
1630 7 2
1630 10 1
1631 1 2
1631 6 2
1631 8 2
1632 3 1
1632 6 1
1633 1 2
1633 2 2
1633 3 1
1633 6 1
1633 8 2
1634 1 1
1634 3 1
1634 10 1
1635 1 2
1635 3 1
1635 4 2
1635 5 1
1635 7 2
1635 9 1
1635 10 2
1636 1 1
1636 3 1
1636 10 1
1637 1 2
1637 3 1
1637 6 2
1637 7 2
1638 3 1
1638 6 1
1638 7 1
1638 9 1
1639 3 2
1639 7 1
1639 10 1
1640 4 1
1640 6 1
1640 7 1
1641 1 1
1641 2 1
1641 3 1
1641 4 1
1641 5 2
1641 7 1
1641 10 1
1642 2 1
1642 3 2
1642 7 2
1642 10 2
1643 1 2
1643 2 1
1643 3 1
1643 5 2
1643 10 1
1644 1 2
1644 2 2
1644 4 2
1644 6 2
1644 7 2
1644 8 2
1644 9 2
1644 10 2
1645 1 2
1645 4 2
1645 5 1
1645 7 2
1645 9 2
1646 3 1
1646 7 1
1646 9 1
1647 3 2
1647 7 2
1648 1 2
1648 2 2
1649 1 2
1649 3 2
1649 4 2
1649 5 1
1649 6 2
1649 10 2
1650 3 2
1650 10 1
1651 1 1
1651 2 1
1651 3 1
1651 4 1
1651 6 1
1651 7 1
1651 9 1
1651 10 2
1652 1 2
1652 4 2
1652 5 2
1652 6 2
1653 3 2
1653 7 1
1654 1 1
1654 3 1
1654 6 1
1654 9 1
1655 3 2
1655 9 2
1655 10 1
1656 3 1
1656 6 2
1656 10 1
1657 1 2
1657 6 2
1657 8 1
1657 9 1
1657 10 1
1658 4 2
1658 10 2
1659 2 1
1659 3 1
1659 5 2
1659 6 1
1659 7 2
1660 1 1
1660 3 1
1660 4 1
1660 6 1
1660 10 1
1661 1 1
1661 2 2
1661 3 1
1661 8 2
1661 9 2
1661 10 1
1662 2 1
1662 4 2
1662 5 1
1662 6 1
1662 7 2
1662 9 2
1663 3 1
1663 4 2
1663 5 1
1663 7 2
1663 10 1
1664 1 2
1664 3 2
1664 9 2
1664 10 2
1665 1 2
1665 3 2
1665 5 2
1665 6 2
1665 7 2
1665 10 2
1666 2 2
1666 3 2
1666 6 1
1666 9 2
1667 1 2
1667 3 1
1667 9 1
1668 1 1
1668 2 1
1668 4 1
1668 9 1
1669 2 2
1669 3 1
1670 1 2
1670 6 2
1670 9 1
1670 10 2
1671 1 1
1671 2 1
1671 3 1
1671 6 1
1672 1 1
1672 3 1
1672 6 1
1673 2 2
1673 3 2
1673 8 2
1673 9 1
1674 3 2
1674 7 1
1674 8 1
1674 10 2
1675 3 2
1675 5 1
1675 7 2
1675 9 1
1675 10 1
1676 1 2
1676 5 1
1676 6 2
1676 10 1
1677 1 2
1677 3 2
1677 5 2
1677 6 2
1677 8 1
1677 10 2
1678 1 2
1678 3 1
1678 4 2
1678 7 1
1678 10 2
1679 1 2
1679 3 1
1679 5 1
1679 6 1
1679 7 1
1679 8 1
1680 1 1
1680 2 2
1680 3 2
1681 1 1
1681 3 1
1681 6 1
1682 1 2
1682 3 2
1682 7 2
1683 1 2
1683 3 1
1683 4 2
1683 6 1
1683 7 2
1683 10 1
1684 3 1
1684 6 1
1685 1 2
1685 3 1
1685 6 2
1685 10 2
1686 1 2
1686 4 2
1686 10 1
1687 3 1
1687 6 2
1687 8 2
1687 10 2
1688 1 1
1688 3 1
1688 4 1
1689 1 2
1689 3 1
1689 4 2
1689 7 1
1689 8 2
1689 9 1
1690 1 1
1690 3 2
1690 4 1
1690 7 1
1690 8 2
1690 10 1
1691 1 1
1691 4 1
1691 8 1
1692 3 1
1692 6 1
1692 7 1
1692 10 1
1693 1 2
1693 3 1
1693 9 1
1693 10 2
1694 1 2
1694 3 2
1694 6 2
1694 8 1
1694 10 1
1695 1 1
1695 2 1
1695 7 1
1695 10 2
1696 1 2
1696 2 2
1696 3 2
1696 5 1
1696 7 1
1696 9 1
1696 10 1
1697 1 2
1697 3 2
1697 4 2
1697 7 1
1698 1 2
1698 3 1
1698 6 2
1698 7 2
1699 1 2
1699 2 2
1699 7 2
1699 10 1
1700 1 2
1700 3 2
1700 4 2
1700 6 2
1701 1 2
1701 6 1
1701 7 2
1701 9 2
1701 10 2
1702 3 2
1702 7 1
1702 8 1
1702 10 1
1703 1 1
1703 3 1
1703 4 1
1703 5 2
1703 6 2
1703 7 1
1704 3 2
1704 4 2
1704 10 2
1705 1 1
1705 3 1
1705 5 1
1705 6 1
1705 7 2
1705 10 1
1706 1 2
1706 4 2
1706 5 2
1706 9 2
1707 1 1
1707 6 2
1707 9 1
1708 2 2
1708 3 2
1708 4 2
1708 6 2
1708 7 2
1708 10 2
1709 3 1
1709 4 2
1709 8 2
1709 9 2
1709 10 1
1710 1 1
1710 3 1
1711 3 2
1711 4 2
1712 1 2
1712 4 1
1712 6 1
1712 8 2
1713 1 2
1713 2 2
1713 3 1
1713 4 2
1713 9 1
1713 10 2
1714 1 2
1714 3 1
1714 4 2
1714 5 1
1714 6 2
1714 8 2
1714 9 1
1714 10 1
1715 1 2
1715 2 2
1715 3 2
1715 4 1
1715 7 2
1715 9 1
1715 10 1
1716 1 2
1716 6 1
1716 8 1
1716 9 1
1716 10 1
1717 1 1
1717 3 1
1717 6 1
1718 1 2
1718 2 2
1718 9 2
1718 10 2
1719 1 1
1719 2 2
1719 3 1
1719 4 1
1719 6 2
1719 8 2
1719 9 1
1720 2 1
1720 3 1
1720 4 1
1720 9 2
1720 10 1
1721 1 1
1721 3 1
1721 4 1
1721 10 1
1722 3 1
1722 4 2
1722 5 2
1722 8 2
1722 10 2
1723 2 2
1723 4 2
1723 6 2
1723 9 2
1723 10 1
1724 1 1
1724 2 1
1724 5 1
1724 6 1
1725 3 2
1725 6 2
1725 7 2
1725 9 1
1725 10 2
1726 1 1
1726 4 1
1726 5 1
1726 8 2
1726 10 1
1727 1 2
1727 2 2
1727 3 1
1727 4 2
1727 9 2
1727 10 1
1728 3 2
1728 4 1
1728 6 1
1728 7 1
1728 9 1
1728 10 1
1729 1 2
1729 3 2
1729 4 1
1730 3 1
1730 4 1
1730 6 1
1730 8 1
1730 9 1
1731 7 2
1732 4 1
1732 10 1
1733 1 2
1733 3 2
1733 4 2
1733 5 2
1733 6 2
1733 7 2
1733 10 2
1734 1 2
1734 3 2
1734 9 1
1734 10 1
1735 1 2
1735 3 2
1735 6 1
1736 3 1
1737 1 2
1737 2 1
1737 3 1
1737 4 2
1737 5 1
1737 7 2
1738 3 2
1738 5 2
1738 6 2
1738 7 2
1738 9 1
1739 1 2
1739 2 1
1739 3 2
1740 4 2
1740 9 2
1741 3 2
1741 6 1
1742 1 1
1742 3 2
1742 4 1
1742 7 2
1742 9 2
1743 3 1
1743 4 1
1743 6 1
1743 7 1
1743 9 1
1743 10 1
1744 1 2
1744 3 2
1744 4 2
1744 5 2
1744 6 1
1744 8 2
1744 9 2
1744 10 2
1745 3 1
1745 4 1
1745 10 1
1746 3 2
1746 6 2
1746 8 2
1746 10 2
1747 1 2
1747 3 1
1747 4 1
1747 7 1
1747 8 2
1747 10 1
1748 1 2
1748 3 2
1748 4 2
1748 10 2
1749 2 1
1749 3 1
1750 1 1
1750 4 1
1750 5 1
1750 6 1
1750 10 1
1751 1 2
1751 6 2
1751 10 2
1752 1 2
1752 3 1
1753 3 1
1753 6 2
1754 3 1
1754 6 2
1754 9 1
1755 3 1
1755 7 2
1755 10 1
1756 4 1
1756 10 1
1757 1 2
1757 2 2
1757 3 1
1757 5 1
1757 6 2
1757 7 2
1757 8 2
1757 9 2
1758 2 1
1758 3 1
1758 5 2
1758 7 2
1758 10 1
1759 1 2
1759 2 1
1759 3 2
1759 6 2
1759 7 2
1759 10 2
1760 3 2
1760 4 1
1760 6 1
1760 9 1
1760 10 1
1761 1 2
1761 2 1
1761 4 2
1762 1 2
1762 3 1
1762 5 1
1762 6 2
1762 9 1
1762 10 1
1763 3 2
1763 5 1
1763 7 1
1763 9 1
1763 10 1
1764 1 1
1764 3 1
1764 6 1
1764 7 2
1764 9 1
1765 1 1
1765 7 1
1765 10 1
1766 1 2
1766 3 1
1766 4 2
1766 6 1
1766 7 2
1766 9 1
1767 1 2
1767 3 1
1767 5 2
1767 6 2
1767 9 2
1768 1 1
1768 3 2
1768 4 1
1768 7 2
1769 1 2
1769 2 1
1769 5 2
1769 9 1
1770 1 1
1770 3 1
1770 10 1
1771 3 1
1771 5 2
1771 6 2
1771 7 2
1771 10 2
1772 1 1
1772 3 2
1772 4 1
1772 10 1
1773 2 1
1773 6 1
1773 9 1
1773 10 1
1774 1 2
1774 2 1
1774 3 1
1774 9 1
1775 2 1
1775 3 1
1775 7 2
1775 9 2
1775 10 1
1776 3 2
1776 7 2
1776 10 2
1777 1 1
1777 3 1
1777 4 1
1777 6 1
1777 8 1
1777 10 1
1778 4 1
1778 8 1
1778 10 1
1779 3 2
1779 6 2
1780 3 1
1780 6 2
1781 3 1
1781 4 1
1781 5 1
1781 7 1
1781 8 1
1782 1 1
1782 2 1
1782 3 1
1782 5 1
1782 7 2
1782 9 1
1782 10 1
1783 2 2
1783 4 2
1783 5 2
1783 6 2
1783 10 2
1784 1 2
1784 3 1
1784 6 2
1784 7 1
1785 1 1
1785 2 2
1785 5 1
1785 9 2
1786 1 2
1786 3 2
1786 4 2
1786 5 2
1786 9 1
1786 10 2
1787 3 2
1787 5 1
1787 9 2
1787 10 2
1788 1 2
1788 9 1
1789 1 1
1789 3 2
1789 5 1
1789 6 1
1789 7 2
1789 10 1
1790 1 2
1790 6 2
1790 8 2
1791 2 1
1791 3 2
1791 5 1
1791 6 2
1791 10 2
1792 1 2
1792 3 1
1792 5 1
1792 6 2
1792 9 1
1793 1 2
1793 2 2
1793 3 1
1793 6 2
1793 9 2
1793 10 2
1794 1 1
1794 3 1
1794 10 1
1795 1 2
1795 4 2
1796 7 1
1796 10 1
1797 3 1
1797 4 1
1797 6 1
1797 7 1
1797 10 1
1798 1 2
1798 2 2
1798 3 1
1798 5 1
1798 6 2
1799 6 1
1799 7 1
1799 8 2
1799 10 1
1800 3 1
1800 4 1
1800 6 1
1800 8 1
1800 10 1
1801 1 2
1801 6 2
1801 7 2
1802 3 2
1802 4 2
1802 6 2
1802 8 2
1802 9 2
1803 3 1
1803 7 2
1803 8 2
1803 9 1
1803 10 2
1804 3 2
1804 4 2
1804 10 1
1805 7 1
1805 9 1
1806 1 2
1806 3 1
1806 5 1
1806 8 1
1806 9 1
1806 10 2
1807 1 2
1807 3 1
1807 4 2
1807 8 2
1807 9 1
1808 1 2
1808 3 1
1808 4 2
1808 6 1
1808 7 2
1808 9 1
1809 1 2
1809 3 1
1809 7 2
1809 10 2
1810 1 2
1810 5 1
1810 6 1
1810 9 1
1810 10 2
1811 1 1
1811 3 2
1811 4 1
1811 9 1
1811 10 1
1812 1 2
1812 2 2
1812 3 1
1812 4 2
1812 6 2
1813 1 2
1813 3 2
1813 4 2
1813 6 2
1813 8 2
1814 3 1
1814 5 1
1814 10 1
1815 3 1
1815 4 1
1815 6 1
1815 10 1
1816 1 1
1816 2 2
1816 3 1
1816 6 1
1816 10 1
1817 1 2
1817 2 2
1817 3 1
1817 4 2
1817 5 1
1817 7 1
1817 10 1
1818 1 2
1818 3 1
1818 6 2
1819 2 1
1819 3 2
1819 7 2
1819 8 1
1819 9 1
1820 1 1
1820 2 1
1820 3 2
1820 8 2
1820 10 1
1821 1 2
1821 3 1
1821 4 2
1821 7 1
1821 9 2
1822 4 2
1822 6 2
1822 7 2
1823 1 2
1823 3 1
1823 4 2
1823 5 2
1823 6 2
1823 10 1
1824 1 1
1824 3 1
1824 6 1
1825 1 2
1825 2 2
1825 6 2
1825 9 2
1825 10 2
1826 1 2
1826 3 1
1826 4 2
1826 6 2
1826 7 1
1826 8 1
1826 9 2
1826 10 1
1827 1 2
1827 9 1
1827 10 1
1828 3 1
1828 5 1
1828 7 2
1828 9 1
1828 10 1
1829 3 2
1830 1 2
1830 4 2
1830 7 2
1830 10 1
1831 4 2
1831 6 1
1832 1 1
1832 3 1
1832 6 1
1832 7 2
1832 8 2
1833 1 1
1833 4 1
1833 6 1
1833 8 2
1834 1 2
1834 3 1
1834 4 2
1834 5 1
1835 3 2
1835 7 2
1835 8 2
1835 10 2
1836 3 2
1836 7 2
1836 9 2
1837 1 2
1837 2 1
1837 3 2
1837 4 1
1838 1 2
1838 3 1
1838 5 1
1838 6 2
1838 7 2
1838 9 2
1838 10 1
1839 1 1
1839 2 2
1839 3 1
1839 7 2
1839 8 2
1840 1 2
1840 5 1
1840 7 2
1841 1 2
1841 7 1
1841 10 2
1842 1 1
1842 2 2
1842 3 2
1842 5 1
1842 9 2
1843 1 2
1843 3 2
1843 6 1
1843 7 1
1843 9 1
1843 10 1
1844 1 2
1844 5 2
1844 10 1
1845 1 2
1845 3 2
1845 8 1
1846 3 1
1846 6 2
1846 10 1
1847 1 2
1847 3 2
1847 4 2
1847 10 2
1848 1 2
1848 2 2
1848 3 1
1848 5 1
1848 7 2
1848 10 2
1849 1 1
1849 4 1
1849 10 1
1850 1 2
1850 3 1
1850 6 2
1850 9 1
1850 10 1
1851 3 1
1851 5 2
1852 1 2
1852 2 1
1852 3 1
1852 4 2
1852 5 1
1852 7 2
1852 9 2
1853 1 2
1853 3 1
1853 9 1
1854 1 2
1854 3 2
1854 7 2
1854 10 2
1855 1 1
1855 2 1
1855 6 2
1855 7 1
1855 9 2
1856 1 2
1856 3 1
1856 6 1
1857 1 1
1857 3 2
1857 10 1
1858 1 2
1858 2 2
1858 3 1
1858 5 1
1858 6 2
1858 9 2
1858 10 2
1859 1 2
1859 3 2
1859 7 2
1859 9 1
1860 1 2
1860 3 1
1860 6 2
1860 7 2
1861 1 2
1861 2 2
1861 4 2
1861 5 2
1861 6 2
1861 9 2
1861 10 2
1862 1 2
1862 2 2
1862 5 1
1862 9 2
1862 10 1
1863 1 2
1863 4 2
1863 9 1
1863 10 2
1864 2 1
1865 1 2
1865 3 1
1866 3 2
1866 4 2
1866 6 1
1867 1 2
1867 2 2
1867 3 1
1867 4 2
1867 6 2
1867 8 2
1867 9 1
1868 1 1
1868 3 1
1868 4 1
1868 6 1
1868 10 1
1869 1 2
1869 3 2
1869 4 2
1869 10 2
1870 1 2
1870 7 2
1871 1 2
1871 3 2
1871 7 2
1871 10 2
1872 1 2
1872 2 2
1872 3 1
1872 4 2
1872 5 1
1872 10 2
1873 1 2
1873 3 1
1873 10 1
1874 3 1
1874 4 1
1874 6 1
1874 7 1
1874 8 1
1875 4 2
1875 5 1
1875 9 1
1875 10 1
1876 1 2
1876 2 1
1876 3 1
1876 4 2
1876 7 2
1876 10 2
1877 4 2
1877 9 1
1878 1 2
1878 3 2
1878 4 2
1878 5 2
1878 6 2
1878 7 2
1878 9 2
1878 10 2
1879 1 1
1879 4 1
1879 7 1
1880 1 2
1880 2 2
1880 3 2
1880 5 2
1880 6 2
1880 7 1
1880 9 2
1880 10 1
1881 3 1
1881 4 2
1881 5 1
1881 7 2
1881 9 2
1881 10 2
1882 2 1
1882 3 2
1882 4 1
1882 7 2
1882 9 2
1882 10 1
1883 1 2
1883 3 1
1883 4 1
1883 5 2
1883 6 1
1883 7 1
1883 9 2
1884 1 2
1884 2 2
1884 3 2
1884 4 1
1884 5 2
1884 9 2
1884 10 2
1885 1 2
1885 3 1
1885 4 1
1885 6 1
1885 7 1
1885 10 1
1886 2 1
1886 3 1
1886 4 2
1886 6 2
1886 8 2
1887 1 2
1887 3 1
1887 9 1
1887 10 2
1888 2 1
1888 5 1
1888 10 1
1889 3 2
1889 5 2
1889 7 2
1890 2 2
1890 3 2
1890 4 2
1890 10 1
1891 1 1
1891 2 1
1891 3 2
1891 4 1
1891 6 1
1892 2 1
1892 7 2
1893 1 1
1893 2 1
1893 3 1
1893 10 1
1894 2 1
1894 3 1
1894 4 1
1894 6 1
1894 9 2
1894 10 1
1895 1 2
1895 3 2
1895 4 2
1895 6 2
1895 7 2
1896 1 1
1896 3 1
1896 4 1
1896 6 1
1896 7 2
1896 10 1
1897 1 1
1897 3 1
1897 9 1
1898 1 1
1898 2 1
1898 3 1
1898 6 1
1898 10 1
1899 2 1
1899 3 2
1899 7 1
1899 9 1
1899 10 2
1900 2 2
1900 3 1
1900 4 1
1900 5 1
1900 6 1
1900 7 2
1901 4 1
1901 5 1
1901 9 2
1901 10 1
1902 1 2
1902 2 1
1902 3 1
1902 4 2
1902 5 2
1902 7 2
1903 3 2
1903 4 1
1903 7 1
1903 8 2
1903 10 1
1904 3 1
1904 5 1
1904 7 1
1904 9 2
1905 1 2
1905 3 2
1905 5 2
1905 8 2
1905 9 1
1905 10 2
1906 1 1
1906 5 1
1906 7 2
1906 8 2
1906 10 1
1907 2 2
1907 3 1
1907 7 1
1907 8 1
1907 9 1
1907 10 1
1908 1 2
1908 5 1
1908 6 1
1908 10 2
1909 3 2
1909 4 2
1909 7 1
1909 9 1
1909 10 2
1910 1 1
1910 3 2
1910 4 1
1910 6 1
1910 10 1
1911 1 2
1911 3 1
1911 9 1
1911 10 1
1912 1 1
1912 3 1
1912 4 1
1912 10 1
1913 3 2
1913 4 1
1913 7 1
1913 10 1
1914 1 2
1914 2 2
1914 4 1
1915 1 2
1915 3 1
1915 4 2
1915 10 1
1916 1 2
1916 3 2
1916 7 2
1916 8 1
1916 9 2
1916 10 1
1917 1 2
1917 3 2
1917 4 2
1917 5 2
1917 6 2
1917 7 1
1918 1 2
1918 3 2
1918 4 1
1918 6 1
1918 7 1
1919 1 2
1919 2 2
1919 3 1
1919 4 2
1919 10 1
1920 1 1
1920 3 1
1920 4 1
1920 6 1
1920 7 1
1920 8 2
1920 10 1
1921 1 2
1921 4 2
1921 5 2
1921 9 1
1922 1 2
1922 3 1
1922 4 2
1922 9 1
1922 10 2
1923 1 1
1923 2 1
1923 3 1
1923 5 2
1923 10 1
1924 1 2
1924 4 2
1924 7 2
1924 10 2
1925 1 2
1925 2 2
1925 9 1
1925 10 2
1926 1 1
1926 5 1
1926 10 1
1927 2 2
1927 3 2
1927 4 2
1927 5 2
1927 8 2
1927 9 1
1928 2 1
1928 3 2
1928 7 2
1929 3 2
1929 8 2
1930 1 2
1930 3 2
1930 4 2
1930 6 2
1930 7 1
1930 9 1
1930 10 1
1931 3 1
1931 4 1
1931 5 2
1931 7 2
1931 9 1
1931 10 1
1932 3 2
1932 4 1
1932 6 1
1932 8 1
1932 9 1
1932 10 2
1933 1 2
1933 3 2
1933 6 2
1933 9 2
1934 1 2
1934 3 2
1934 5 1
1934 6 1
1935 3 1
1935 4 2
1935 6 2
1935 7 2
1935 9 2
1935 10 1
1936 1 1
1936 4 1
1936 7 2
1936 8 1
1936 9 1
1937 1 2
1937 3 2
1937 4 2
1937 9 1
1938 1 2
1938 3 1
1938 6 1
1938 7 1
1938 8 1
1939 3 1
1939 4 1
1939 6 1
1939 10 1
1940 1 2
1940 3 1
1940 4 1
1940 9 1
1941 1 1
1941 2 1
1941 3 2
1941 5 2
1941 9 2
1941 10 1
1942 1 2
1942 3 1
1942 5 2
1943 5 1
1943 6 2
1944 1 2
1944 2 2
1944 3 1
1944 4 2
1944 10 1
1945 1 1
1945 2 1
1945 3 2
1945 4 1
1945 6 1
1945 9 2
1946 3 2
1946 4 2
1946 5 1
1946 9 1
1946 10 2
1947 1 2
1947 4 2
1947 5 2
1947 7 2
1948 1 2
1948 3 2
1948 4 2
1948 5 1
1948 6 2
1948 7 2
1948 8 1
1948 10 1
1949 1 2
1949 3 1
1949 6 1
1950 1 1
1950 3 1
1950 4 2
1950 5 1
1950 6 1
1950 8 1
1950 9 1
1951 1 1
1951 2 1
1951 3 1
1951 4 1
1951 6 1
1951 7 2
1951 10 1
1952 1 1
1952 3 1
1952 4 2
1952 8 1
1952 9 1
1953 1 2
1953 6 1
1954 3 1
1954 6 2
1954 7 2
1954 8 2
1954 10 2
1955 4 2
1956 1 2
1956 3 1
1956 4 1
1956 8 1
1956 9 1
1957 1 2
1957 7 1
1957 9 2
1958 1 2
1958 3 1
1958 5 1
1958 6 1
1958 7 1
1959 3 1
1959 4 1
1959 6 1
1959 7 2
1960 1 1
1960 9 1
1961 3 2
1961 4 1
1961 9 1
1961 10 1
1962 1 2
1962 3 1
1962 4 2
1962 6 2
1962 7 2
1962 10 1
1963 1 2
1963 4 2
1963 6 2
1963 9 1
1963 10 1
1964 1 1
1964 3 1
1964 6 1
1964 9 1
1964 10 1
1965 1 1
1965 3 2
1965 5 1
1965 10 1
1966 2 1
1966 3 1
1966 4 2
1966 10 2
1967 2 1
1967 3 2
1967 5 2
1967 7 1
1967 10 1
1968 3 1
1968 6 1
1969 3 1
1970 3 1
1970 6 2
1970 9 1
1971 1 2
1971 10 1
1972 1 1
1972 3 2
1972 5 1
1972 7 2
1973 1 2
1973 3 1
1973 4 2
1973 6 2
1973 10 2
1974 1 1
1974 3 1
1974 6 1
1974 9 2
1975 1 2
1975 3 2
1975 4 2
1975 6 2
1975 7 2
1975 8 1
1975 9 2
1975 10 2
1976 1 1
1976 6 1
1976 7 2
1977 1 2
1977 3 1
1977 4 2
1977 7 1
1977 8 2
1977 9 2
1978 1 2
1978 4 2
1978 6 2
1978 9 2
1979 1 1
1979 2 1
1979 3 2
1979 6 1
1979 10 1
1980 1 2
1980 2 2
1980 3 2
1980 8 2
1980 9 1
1980 10 2
1981 1 2
1981 4 1
1981 5 1
1981 9 1
1981 10 1
1982 1 2
1982 3 1
1983 1 2
1983 3 1
1983 9 1
1984 1 2
1984 3 1
1984 7 2
1984 10 2
1985 1 2
1985 3 2
1985 5 1
1985 10 2
1986 1 2
1986 3 1
1986 5 1
1986 7 1
1986 9 2
1987 3 1
1987 7 2
1988 1 2
1988 4 2
1988 5 1
1988 6 2
1988 8 2
1989 1 1
1989 2 1
1989 4 1
1989 8 1
1990 3 1
1990 10 1
1991 2 2
1991 3 2
1991 10 1
1992 1 2
1992 3 2
1992 7 2
1992 9 1
1992 10 1
1993 1 2
1993 3 1
1993 5 1
1993 6 1
1994 1 2
1994 3 2
1994 4 2
1994 6 2
1994 7 1
1994 10 1
1995 10 1
1996 1 2
1996 3 1
1996 4 2
1996 5 2
1996 6 1
1996 7 2
1997 3 1
1997 5 2
1997 7 1
1997 9 1
1998 1 1
1998 2 1
1998 4 1
1998 6 1
1998 10 2
1999 3 1
1999 6 1
1999 9 1
2000 1 2
2000 3 1
2000 7 2
2000 9 1
