1 2
2 1
3 1
4 2
5 2
6 1
7 1
8 2
9 2
10 1
11 1
12 1
13 1
14 2
15 1
16 1
17 2
18 1
19 2
20 1
21 1
22 1
23 2
24 1
25 2
26 1
27 2
28 2
29 1
30 2
31 1
32 1
33 2
34 2
35 2
36 1
37 1
38 1
39 2
40 2
41 1
42 1
43 1
44 2
45 1
46 1
47 1
48 2
49 2
50 1
51 1
52 2
53 1
54 1
55 1
56 1
57 1
58 2
59 2
60 1
61 2
62 2
63 2
64 1
65 2
66 1
67 2
68 2
69 2
70 1
71 2
72 2
73 2
74 1
75 2
76 2
77 1
78 2
79 1
80 1
81 2
82 1
83 1
84 2
85 1
86 2
87 1
88 2
89 1
90 1
91 2
92 1
93 2
94 1
95 2
96 2
97 2
98 1
99 2
100 2
101 1
102 2
103 2
104 2
105 2
106 2
107 2
108 2
109 1
110 1
111 2
112 2
113 2
114 1
115 2
116 1
117 1
118 1
119 1
120 2
121 1
122 2
123 1
124 2
125 2
126 1
127 1
128 1
129 1
130 2
131 2
132 2
133 1
134 1
135 1
136 1
137 2
138 2
139 1
140 2
141 2
142 2
143 2
144 1
145 2
146 2
147 1
148 1
149 2
150 1
151 1
152 1
153 2
154 1
155 2
156 1
157 1
158 2
159 2
160 1
161 2
162 2
163 1
164 1
165 2
166 1
167 2
168 1
169 1
170 2
171 1
172 1
173 1
174 1
175 1
176 1
177 1
178 1
179 1
180 1
181 2
182 2
183 2
184 1
185 2
186 2
187 1
188 2
189 2
190 1
191 1
192 1
193 2
194 1
195 2
196 2
197 2
198 2
199 1
200 1
201 2
202 2
203 2
204 2
205 2
206 2
207 2
208 2
209 2
210 1
211 1
212 2
213 1
214 2
215 2
216 2
217 1
218 1
219 2
220 2
221 2
222 2
223 1
224 1
225 1
226 2
227 1
228 1
229 1
230 2
231 1
232 1
233 2
234 1
235 2
236 2
237 1
238 1
239 1
240 2
241 1
242 2
243 2
244 1
245 2
246 1
247 2
248 2
249 1
250 1
251 1
252 2
253 1
254 2
255 1
256 1
257 1
258 2
259 1
260 2
261 2
262 2
263 2
264 2
265 1
266 1
267 2
268 2
269 2
270 2
271 2
272 2
273 2
274 2
275 1
276 2
277 1
278 2
279 2
280 2
281 2
282 2
283 1
284 2
285 1
286 1
287 1
288 2
289 2
290 2
291 2
292 2
293 2
294 1
295 1
296 1
297 1
298 1
299 2
300 1
301 1
302 2
303 2
304 2
305 2
306 1
307 1
308 2
309 2
310 1
311 2
312 1
313 1
314 2
315 1
316 1
317 2
318 1
319 2
320 2
321 2
322 2
323 2
324 1
325 1
326 1
327 2
328 1
329 2
330 1
331 2
332 2
333 2
334 2
335 2
336 1
337 1
338 2
339 2
340 2
341 2
342 1
343 1
344 2
345 2
346 2
347 2
348 2
349 2
350 2
351 1
352 1
353 1
354 2
355 2
356 1
357 2
358 1
359 1
360 1
361 2
362 2
363 2
364 2
365 1
366 1
367 2
368 1
369 2
370 1
371 1
372 1
373 1
374 2
375 1
376 2
377 1
378 1
379 2
380 1
381 1
382 2
383 1
384 1
385 2
386 2
387 2
388 1
389 1
390 1
391 1
392 2
393 2
394 1
395 2
396 2
397 1
398 1
399 2
400 2
401 2
402 1
403 2
404 1
405 1
406 2
407 1
408 1
409 1
410 1
411 2
412 2
413 1
414 1
415 1
416 2
417 1
418 1
419 1
420 1
421 1
422 2
423 2
424 2
425 1
426 1
427 1
428 2
429 1
430 2
431 2
432 1
433 1
434 2
435 2
436 1
437 1
438 1
439 1
440 2
441 1
442 1
443 1
444 2
445 1
446 1
447 2
448 1
449 1
450 1
451 2
452 1
453 2
454 2
455 1
456 2
457 1
458 2
459 2
460 2
461 2
462 1
463 1
464 2
465 1
466 1
467 1
468 1
469 2
470 2
471 1
472 1
473 2
474 1
475 1
476 1
477 2
478 1
479 2
480 2
481 1
482 1
483 2
484 2
485 1
486 1
487 1
488 2
489 1
490 1
491 2
492 2
493 1
494 1
495 1
496 2
497 1
498 1
499 2
500 1
